7,843,3,-0.000179862405020833,-9.50151243719726e-05
7,27,6,4.03258671119378e-10,0.000419396555757026
7,55,6,-6.44524663284668e-05,-0.000269872403024311
7,481,6,6.96331319797204e-09,0.000677607811683774
7,131,7,5.038993901134e-05,0.000679755430791053
7,692,7,1.61095182287459e-05,0.000204626629694819
7,468,9,1.47763449512013e-09,0.00054751957821236
7,481,9,-7.11071472787162e-11,0.00117037437496949
7,868,9,7.77427887827493e-11,0.000177881610997471
7,139,10,2.47401697486198e-08,0.0018129369222599
7,160,13,-2.89422817113005e-09,0.00422289075135497
7,443,13,-0.000589020378185285,-0.00640978850971963
7,68,15,3.4693107469898e-09,0.00132284853383276
7,487,15,7.58198374383464e-09,0.00110160390145018
7,97,16,-2.91702584175441e-05,-8.11459213892582e-05
7,93,17,9.11605717295496e-06,9.88012387435777e-05
7,325,17,-1.20220332818387e-09,0.00193165392063111
7,88,18,-0.000102481294399234,-0.00071794814967399
7,230,18,0.00141833078582363,0.000894553176270371
7,378,21,4.98527206085081e-12,-2.37367048319424e-05
7,386,22,3.56383370527119e-09,7.87978682763356e-05
7,929,22,-1.47673638949169e-05,-0.000140674997160489
7,6,27,8.58396456988511e-10,0.00298837883187311
7,723,27,-2.21139631315028e-09,0.00111130111314249
7,886,27,-5.31533670563139e-10,0.000767611184930856
7,133,34,8.57617944532315e-05,0.000788957641433632
7,763,34,1.41941012301747e-09,0.00034275383844682
7,935,35,-9.2976483272611e-08,0.00622653009526333
7,1094,35,-0.00265587776107988,-0.00569724663605004
7,47,37,-3.66177434006749e-09,0.00351038520288647
7,837,37,-1.74491607599499e-09,0.00135893779235104
7,291,41,-1.65456638365507e-09,0.00139361495267512
7,602,46,0.000208301099365622,0.000648634560629853
7,37,47,0.000474579698525328,0.00113370987588416
7,480,47,-9.25832383248143e-07,0.00927547381403297
7,856,47,3.33213758033138e-06,0.00794102692819545
7,752,50,6.14929415039262e-10,0.0012779720745752
7,999,51,1.12705214392006e-10,-0.000209912557951991
7,68,53,4.1279385493082e-09,0.00176142540246619
7,981,53,0.000569592323708091,0.00155030306868755
7,6,55,-2.72867741799452e-09,0.00131421442396173
7,868,55,-2.48412445012713e-10,0.000150655648438163
7,304,56,8.94857230014214e-10,0.000427100341815676
7,103,57,-6.53365811805754e-05,-0.000362846563312283
7,594,59,0.000100834374281825,0.00208638414444072
7,731,59,-5.28361679277303e-05,-0.000549942707045961
7,689,60,7.60763127505634e-10,0.000509413275296884
7,175,65,-2.66565598452175e-09,0.000594876450602452
7,15,68,2.83380005909875e-05,0.000516102028059709
7,53,68,0.000569592323708091,0.00155030306868755
7,564,68,-0.000289228621519643,-0.000607945783157492
7,1271,68,8.36399514473898e-10,0.00135927699331896
7,564,69,0.000289228621519643,-0.000607945783157492
7,960,69,9.61398361237261e-11,0.00125097430494688
7,1025,69,-2.39155271080843e-09,0.00146828242965753
7,426,73,-1.14284197921255e-10,0.000365413242294078
7,584,73,4.65429089015963e-05,0.00055801842069036
7,640,73,-5.92803961497305e-09,-0.000926577077900371
7,595,81,-4.20107106873974e-09,0.000880382210127358
7,1247,81,0.000506069663669106,0.00088954821431034
7,1263,81,-2.72583935926609e-08,0.00139974628535413
7,1454,84,-6.87407557937571e-07,0.00867861779723703
7,1462,84,2.60632600264686e-07,0.0116718162558047
7,930,87,0.000317561431208314,0.000438658554382149
7,936,87,5.47767602507871e-10,0.00292677741554266
7,1436,87,1.48005208590239e-06,0.0067676572659604
7,18,88,-1.89918631535419e-05,-0.000182707870265073
7,947,88,-0.000102560343360274,-0.000200027766627373
7,243,89,-5.74345119460604e-05,-0.000286219839832447
7,17,93,1.37361789269098e-06,7.27000211728436e-05
7,352,93,4.41951806236624e-10,0.00142781455868907
7,103,94,6.53365811805754e-05,-0.000362846563312283
7,203,94,-8.57501119584695e-09,0.000361714566557131
7,139,96,1.98384030816802e-10,-0.000142662936656364
7,16,97,4.14818977052791e-10,-0.000414012920036591
7,1006,97,1.74375099486972e-12,0.000196334785064993
7,205,98,5.66248480044032e-11,0.000675857715268394
7,1011,98,-3.24292506900774e-10,0.000185524495565291
7,203,99,-5.72303979578769e-09,0.000771816475250592
7,468,99,1.75566490660933e-09,0.000425129001667153
7,393,100,3.160119507968e-09,0.000333944996296474
7,412,100,-2.02462539478491e-11,0.000636811030603803
7,356,102,7.57354308536568e-09,0.00387868954468992
7,850,102,0.000261041832443189,0.00092303381424738
7,1423,102,6.38150449341662e-07,0.00504911015601203
7,57,103,6.53365811805754e-05,-0.000362846563312283
7,94,103,-6.53365811805754e-05,-0.000362846563312283
7,520,104,5.99190573754636e-06,6.17501996856055e-05
7,544,104,0.00012237786619379,0.000766167843283326
7,158,105,1.41594018707726e-08,0.00406371231181463
7,1089,105,1.93762871788435e-09,0.00124646269350069
7,324,106,-7.15689333179313e-13,0.000333127959548884
7,283,107,1.38213721554552e-08,0.00505804449417098
7,595,107,-2.84389986995265e-09,0.00148246630424674
7,209,112,4.55641123900398e-05,7.78368007135065e-05
7,230,112,-0.00141833078582363,0.000894553176270371
7,152,114,0.00016803215300674,0.000542613301948718
7,731,114,5.28361679277303e-05,-0.000549942707045961
7,562,115,-1.21902786155151e-09,0.000947981653502589
7,1652,115,1.5061411357189e-10,0.000794115147587305
7,172,118,1.43485625203742e-10,0.000210801060203157
7,420,118,-0.000148930134031851,-0.000420526654622067
7,189,122,-1.02441772818138e-05,-0.000254631280486687
7,175,123,-1.58809472460552e-09,0.000874415529034695
7,840,123,6.03651286268565e-05,0.00186181056577148
7,689,125,-1.27563575023534e-09,0.000798869475625563
7,149,129,1.96378178877545e-08,0.00254934303360113
7,7,131,2.77190713815439e-05,0.000590871056362646
7,763,131,-1.17406151376996e-10,0.000318463756908991
7,323,132,-0.000776888208480968,-0.00164175500930318
7,1362,132,-0.00035735624644591,-0.00156905691407376
7,34,133,-8.28643117767511e-05,-0.00026865115662976
7,408,133,-1.27175317309393e-09,0.00062168183112333
7,544,134,-0.00012237786619379,0.000766167843283326
7,839,134,-1.56521298603264e-11,0.000407289645200715
7,540,138,-0.000242043647553647,-0.00149503923078035
7,576,138,-4.02053716550094e-09,0.000122921567048347
7,10,139,-2.47401697486198e-08,0.0018129369222599
7,96,139,-1.98384030816802e-10,-0.000142662936656364
7,408,139,-6.88302326026594e-11,0.000693751299980512
7,290,140,6.41699496515742e-10,0.000909789238943909
7,841,140,-8.94969748347197e-13,-5.31974697731945e-05
7,563,141,2.14572041681742e-09,0.000433624112253616
7,558,142,3.35714837398719e-11,0.000503982074320188
7,740,142,5.29708561842857e-14,0.000202823415213583
7,926,143,5.88797717731494e-05,0.000820384232714319
7,129,149,-1.96378178877545e-08,0.00254934303360113
7,304,150,-2.21096563194123e-09,0.000913180879275042
7,935,150,3.9741466263039e-08,0.00308317766951088
7,1072,150,4.32711074601224e-09,0.00111558031602324
7,1112,151,0.000173695327060921,0.000893739216746207
7,114,152,0.000142338987174213,0.00268447109764215
7,1129,152,8.42479601546221e-10,-0.000807381213893955
7,233,155,2.45511689577444e-10,0.000283114419070216
7,420,155,0.000148930134031851,-0.000420526654622067
7,1110,157,-1.13639840997408e-12,0.000421849114641756
7,105,158,0.000718153631517636,0.00121225537337185
7,327,158,3.94889371088452e-08,0.00595020090913731
7,356,158,2.04700627954925e-09,0.00945207539659183
7,13,160,2.89422817113005e-09,0.00422289075135497
7,440,161,-0.000114986576391822,-0.000148141886512692
7,601,161,5.86713085062318e-08,0.00361540834416426
7,732,163,-2.52716111995351e-11,0.000145646934854086
7,1093,163,-4.25525687628261e-09,0.00083707779384666
7,1503,166,-8.35908451780208e-05,-0.00016819073620896
7,914,167,1.04734043980671e-08,0.00105359963541329
7,1314,167,-1.95724284434933e-07,0.00153738594206952
7,1773,167,-0.000298012910426161,-0.000820966962023169
7,689,168,3.18978876632033e-09,0.00151583657139257
7,1259,168,9.98374514353245e-05,0.000578763776377917
7,1465,171,1.29814235169421e-12,0.000313484811976373
7,118,172,-0.000162084482205218,-0.000713386851065485
7,629,172,-3.67223502084429e-12,0.000285693862911124
7,633,172,2.81684565139014e-12,0.000171950252800051
7,65,175,6.58640865063852e-11,-0.000167939684299785
7,123,175,0.000392618058310599,0.00128541066125921
7,800,175,-1.18730384618301e-05,-0.000173835994846472
7,971,178,-6.61061473598088e-11,0.000565779708395097
7,1420,178,-2.99052017230089e-09,0.00145754114188541
7,122,189,1.02441772818138e-05,-0.000254631280486687
7,352,189,2.37602641838483e-10,0.000741427312619548
7,1404,193,-1.81708983400153e-08,0.000694117075255036
7,634,199,5.67218854530166e-11,0.000273255076094317
7,290,201,-4.1706254789463e-10,0.000671621936062072
7,94,203,8.57501119584695e-09,0.000361714566557131
7,99,203,-1.87593755876232e-05,-0.000263392417431815
7,265,203,-6.57761046801769e-09,0.000396278033967243
7,255,204,0.000155349252218168,0.00058400510257652
7,855,204,2.8000702205627e-05,0.0011452260230194
7,98,205,-0.000126977301503185,-7.33458241231667e-05
7,1152,206,-9.87195825571509e-06,-7.93533970110527e-05
7,608,207,6.41232858686402e-07,0.000363742234073169
7,847,207,-2.02341592587025e-05,-3.80003355580378e-05
7,461,208,1.93147131929479e-11,0.000833756001213039
7,803,208,0.000981787125840965,0.000819217020141385
7,1168,208,-0.000173458556132219,-0.000126951372687812
7,112,209,3.09966382276971e-05,5.24018599070588e-05
7,811,209,1.08223746355847e-09,0.00137711407451681
7,542,210,-1.50952948849955e-10,0.00063310085490449
7,291,211,8.2373902344131e-09,0.00165844535229673
7,862,211,2.7460467863358e-05,0.000139942348848624
7,1254,214,1.84736397885445e-05,0.000545012915454831
7,588,215,0.000278761194480844,0.00166074053988962
7,1501,215,4.33739359711895e-11,0.00354466184495746
7,606,216,1.57427281241416e-08,0.00440242187258667
7,984,216,2.65494786371368e-09,0.000974147448234982
7,1213,216,2.02256824285361e-09,0.00140332278077834
7,512,217,4.67180963323199e-05,0.000239663130542964
7,811,219,5.07173412773526e-11,0.00166100583703343
7,1074,219,-2.23874977755318e-10,0.000499486559874014
7,1178,219,-2.74657948845834e-11,0.000181517484010931
7,1313,221,3.51520938574863e-11,0.000959993966923726
7,18,230,1.89918631535419e-05,-0.000182707870265073
7,112,230,-3.09966382276971e-05,5.24018599070588e-05
7,155,233,0.000443629967844899,0.000286969632540202
7,321,235,-1.15630185427709e-05,-0.000325412726574214
7,837,235,-5.56138694482951e-09,0.000699753883089849
7,708,236,7.29598953615561e-12,0.000285745026697315
7,1028,238,-3.79298891663686e-05,-0.000427164950286896
7,89,243,5.74345119460604e-05,-0.000286219839832447
7,498,243,0.00014529120726719,0.000664346896518747
7,399,245,-1.57935097758357e-09,0.00114832906565949
7,1187,245,-5.95102973532436e-05,-0.000252355588342469
7,876,251,-1.6153476569299e-11,-0.000213475547061854
7,717,252,0.000144143825260668,0.00056635208309589
7,868,254,-4.11239945558528e-10,0.000332812411533368
7,204,255,2.36052536471165e-05,0.000547740730095402
7,794,255,0.000155349252218168,0.00058400510257652
7,684,264,3.8429726473157e-09,0.00154333740274573
7,203,265,6.57761046801769e-09,0.000396278033967243
7,270,265,0.00102653639767345,0.00436713593286723
7,386,266,1.49777522906186e-09,0.000825625150556233
7,452,266,8.31029730703938e-05,0.00179240712691194
7,477,267,-1.04149479328835e-09,0.000644274743458051
7,893,267,0.00023479520014697,0.000655137676854345
7,1501,268,-1.68148749213212e-10,0.000327425357528724
7,265,270,-0.00102653639767345,0.00436713593286723
7,405,270,-5.42890684018881e-08,0.004925265749753
7,487,273,7.58753666564253e-09,0.0010603965595618
7,521,273,9.0209085841719e-05,0.00101577192156051
7,294,275,0.000212192635437233,0.000433838150211854
7,469,278,-1.36575658421651e-08,0.000747849774593319
7,1616,278,5.98228667294697e-05,0.000339570194127027
7,107,283,7.34552985545539e-05,0.00167374029073288
7,1192,283,2.00770568620992e-08,0.00735737072028947
7,1263,283,-9.03864701560787e-09,0.00355399948810488
7,584,284,-4.65429089015963e-05,0.00055801842069036
7,760,285,-1.29209880626292e-07,0.00442226392478194
7,1050,285,-0.00158006485319354,-0.00695951626518428
7,1127,285,-8.10296607060744e-09,0.00438603601531526
7,1476,285,9.90881302514847e-08,0.00248324667932269
7,1787,286,-2.76348335089998e-06,-5.57878099286255e-05
7,719,287,0.00073482318881374,0.00301785902411283
7,415,288,-7.40503280901844e-06,-2.33529868411287e-05
7,762,288,-0.000413107381883344,-0.000571397463940827
7,140,290,-3.50261498034626e-05,-7.57467903768645e-05
7,201,290,4.1706254789463e-10,0.000671621936062072
7,763,290,1.07909398674011e-09,0.000140234736483403
7,41,291,1.65456638365507e-09,0.00139361495267512
7,211,291,-8.2373902344131e-09,0.00165844535229673
7,819,291,-0.000213011670249837,-0.000278532924281852
7,275,294,1.25164718597656e-08,0.00357447481834665
7,372,294,-1.21212430593284e-10,0.00108766440839096
7,56,304,1.06847561735718e-12,1.22851542820074e-05
7,150,304,-7.81106250916923e-09,0.000709713391525951
7,440,304,0.000114986576391822,-0.000148141886512692
7,401,306,9.97320773721831e-09,0.00191393832145908
7,1157,309,1.6932867406573e-08,0.00121823043367664
7,940,312,-3.9432417274241e-08,-0.00127707979395889
7,1583,312,0.000514056815621844,0.00252293527894173
7,571,315,0.000211879205630026,0.00116826179284229
7,1320,315,9.95930693689766e-05,0.00082967537286591
7,955,320,0.00030270631468877,0.000700328679597015
7,235,321,-0.000705612627914961,-0.00132689381025839
7,1503,321,8.35908451780208e-05,-0.00016819073620896
7,450,322,1.27524773477033e-07,0.0122709628984002
7,601,322,3.76350722027976e-08,0.00304709465497317
7,1131,322,-1.26795679770071e-08,0.0080237685830526
7,132,323,2.62716895764498e-05,4.62340779698243e-05
7,935,323,4.96831578527964e-08,0.0025253436165019
7,106,324,4.87757141771921e-12,4.09408232370585e-05
7,17,325,-1.37361789269098e-06,7.27000211728436e-05
7,800,325,1.18730384618301e-05,-0.000173835994846472
7,802,325,5.34231265290407e-09,0.00162233784378055
7,158,327,4.1744665164296e-08,0.0037074817758309
7,700,327,0.000424974215404404,0.00374818459747983
7,850,327,-0.000261041832443189,0.00092303381424738
7,1089,327,-3.37117529382908e-08,0.00269144584880115
7,667,328,-0.000129332867279259,-0.000264969562508686
7,342,331,0.000195547995769869,-0.000731874021772689
7,563,331,-4.55023622623545e-09,0.00027422710544219
7,449,333,-2.01030432906535e-08,0.00381026929979776
7,498,334,-0.00014529120726719,0.000664346896518747
7,863,334,-7.56138053412183e-11,0.000637060868955978
7,485,337,-2.03119135851523e-09,0.00244558463136808
7,944,337,4.46968879551043e-08,0.00164843286082911
7,331,342,-0.000195547995769869,-0.000731874021772689
7,649,343,-2.86729161485792e-05,-0.000191824032478594
7,1075,343,6.8865622306092e-06,0.000400782789360567
7,454,346,-9.92687995432602e-05,-0.000637217850033225
7,719,350,-0.00073482318881374,0.00301785902411283
7,93,352,-9.11605717295496e-06,9.88012387435777e-05
7,189,352,1.02441772818138e-05,-0.000254631280486687
7,361,352,5.86523936708566e-10,0.000676260858278084
7,572,353,0.00020664819761594,0.000328566063745389
7,886,353,-2.38894439655651e-09,0.000981532209356144
7,1093,354,-1.25276081786509e-10,0.00211234673039867
7,1004,355,0.00012360647271829,0.000390926934023454
7,102,356,6.34187416925428e-08,0.00161478751668331
7,158,356,1.04184112185484e-07,0.0121294810324764
7,1265,356,6.71036884517398e-09,0.00350320894185578
7,548,358,0.000341577562586077,0.00108257292519499
7,352,361,5.54556376039106e-10,0.000436389291226131
7,576,361,-3.10479949751253e-09,0.000428848649008912
7,746,361,4.28288428096977e-05,0.000758556116772985
7,1157,362,1.5210237472402e-08,0.00126976953285275
7,1652,362,2.98650456720666e-11,0.0006972600794648
7,1774,362,-2.1350961111994e-09,-0.000667724226662183
7,771,366,0.000131484208143638,0.000547272961089188
7,1333,366,-1.48546182408874e-11,2.72752791848252e-06
7,474,368,0.000198922865017126,0.00437973342646252
7,953,368,1.52362971409513e-09,0.000629406582165184
7,1282,368,-0.000148090429074209,-0.00125434693715426
7,512,369,-4.67180963323199e-05,0.000239663130542964
7,1415,369,-2.1337512954148e-05,-9.36432731601926e-05
7,684,370,7.71210163521603e-09,0.00151960233757186
7,722,370,-4.52585448129793e-05,-0.000547735345808206
7,294,372,-0.000212192635437233,0.000433838150211854
7,709,372,6.90289513615355e-05,0.000995541836640906
7,711,372,-2.97164319920201e-11,0.00142352736110649
7,21,378,-4.98527206085081e-12,-2.37367048319424e-05
7,729,379,-8.49762250190165e-09,0.000225284935538736
7,478,380,0.000206945902149745,0.000905911618373875
7,741,380,-0.000159858117399746,-0.00107400523646434
7,972,381,0.000241418203834205,0.000518296179896901
7,666,382,7.41493608411298e-11,0.000379782126714003
7,412,383,-3.52686616060928e-11,0.000596556738022835
7,582,385,-0.00120155390079968,0.00308011138068936
7,1410,385,0.00120155390079968,0.00308011138068936
7,22,386,-2.89048081981611e-05,-0.000344649039278514
7,266,386,8.37700354275596e-05,0.00142995163314374
7,524,386,0.000371163017951857,0.00104848837526999
7,526,386,-3.04325809523547e-06,-9.55231630763341e-05
7,764,388,-1.01491000530926e-11,0.000356298527590738
7,405,389,4.7016287517929e-09,0.0091420708573648
7,963,389,0.00347506400583062,0.00937172625954128
7,449,391,-1.60137807632255e-09,0.00157680353970296
7,651,392,2.83031595747053e-11,0.000400938418252365
7,863,392,-2.97000617439561e-10,0.000646399428191143
7,100,393,0.000427532625342129,0.000782095238140373
7,542,393,3.12296491902797e-10,0.00112807323928204
7,1442,393,-4.024599057357e-05,-0.00017872580147103
7,1420,398,-1.63005038575137e-09,0.00100132426123013
7,245,399,3.86380068023075e-05,0.000621812865170797
7,405,399,-5.10221499022429e-08,0.00275020603058986
7,468,399,4.343389764043e-09,0.000570090665942321
7,478,400,-0.000206945902149745,0.000905911618373875
7,306,401,-1.55811229990898e-12,7.29305741520324e-05
7,606,401,-1.2740851123481e-09,0.00143017192393553
7,1313,401,9.08839466575179e-09,0.00151028185253077
7,854,402,-1.38095604663363e-08,0.00532228458122925
7,1017,402,-0.000649920302331051,-0.00306168198128216
7,1179,402,-4.18220187982151e-07,0.00392823063848216
7,270,405,-0.00102653639767345,0.00436713593286723
7,389,405,0.00347506400583062,0.00937172625954128
7,399,405,-3.85511121396314e-08,0.00349476817892758
7,653,406,0.000283292404295103,0.000502797750380556
7,1026,406,0.000330386337955832,0.000935890177557577
7,133,408,-8.57617944532315e-05,0.000788957641433632
7,139,408,6.88302326026594e-11,0.000693751299980512
7,749,408,-0.000325977466429623,-0.00045074703713992
7,1260,411,-3.08118056083831e-11,-6.89285898017552e-05
7,1376,411,-4.36029544178245e-09,0.0011488667695128
7,100,412,-0.000427532625342129,0.000782095238140373
7,383,412,-5.9894415414259e-12,0.000456791985993786
7,833,412,-1.62178131358484e-05,-0.000345739649755043
7,288,415,-0.000413107381883344,-0.000571397463940827
7,915,415,-7.76271327192776e-05,-0.000661541944035345
7,1196,417,2.3265253347796e-10,0.000563263244295248
7,118,420,0.000162084482205218,-0.000713386851065485
7,155,420,-0.000443629967844899,0.000286969632540202
7,507,421,3.91315246656321e-06,0.000201521156958628
7,1469,421,0.000202643458774615,0.000615210368803057
7,73,426,-3.05094223769041e-09,0.0013368421296255
7,747,428,1.28360150343561e-05,0.000210389419157573
7,922,428,0.000526869968536853,0.000832356594489892
7,751,429,0.000168130597541761,0.000283821966060361
7,979,429,-2.04947998854356e-06,0.00893358018471912
7,1094,429,0.00265587776107988,-0.00569724663605004
7,562,430,2.06426337853681e-10,0.00102511620337789
7,815,432,6.55566440792888e-11,-0.000322369577345079
7,436,433,7.26889658218628e-10,0.00059584274064326
7,537,435,0.000134071166323801,0.000327419581345825
7,661,435,9.69737914604644e-10,0.00316677779435502
7,433,436,-6.60399239352124e-11,0.00068362670915599
7,594,436,-0.000100834374281825,0.00208638414444072
7,1338,436,-7.88524668414787e-12,0.000266081678966743
7,904,439,0.000617669245591449,0.00153778020772133
7,1144,439,1.00840092695694e-07,0.00172636254828199
7,161,440,0.00148444557390244,0.00282938339355618
7,304,440,9.68915416725058e-10,0.00159557037896402
7,13,443,0.000589020378185285,-0.00640978850971963
7,955,443,-0.00030270631468877,0.000700328679597015
7,705,447,1.61384353463389e-11,-0.000139517004595461
7,333,449,2.01030432906535e-08,0.00381026929979776
7,391,449,5.02118061704289e-11,0.000465203409874818
7,1158,449,2.70428657022226e-11,-0.000587691064142181
7,322,450,1.36602666159188e-07,0.0177580711563491
7,748,450,0.000969413851055827,0.00400357869011274
7,789,450,0.00067936438546113,0.00121080853468777
7,884,450,0.00201448468001653,0.00360117576586269
7,794,451,-0.000254501392113498,0.000719635536918527
7,1146,451,0.000368907469803446,0.00127913692910691
7,266,452,-8.37700354275596e-05,0.00142995163314374
7,840,452,-6.03651286268565e-05,0.00186181056577148
7,346,454,-1.13584803089068e-10,0.000438927972809283
7,769,454,5.51401381725275e-06,0.000980979806594833
7,567,456,-5.51150058713422e-05,-0.000564152411624079
7,1416,456,3.77172128760478e-05,0.00182976775403172
7,1546,457,1.55874865384182e-08,0.00458656619554252
7,1563,457,2.3354111021886e-06,0.017639421243141
7,1197,458,6.81558228159657e-10,0.000545401087282838
7,1212,459,-3.98571212174359e-06,-0.0131954150717608
7,1436,459,-8.72410537506929e-07,0.012657452270476
7,208,461,-1.03750366793243e-11,0.000507932407610621
7,631,461,-2.33608345672295e-10,0.000793294790186204
7,657,461,0.000147919824874946,0.000168334912911798
7,1048,461,-9.62393730755615e-12,0.00039047854897839
7,651,465,-5.78610763520084e-11,0.000387415948323712
7,747,466,-1.28360150343561e-05,0.000210389419157573
7,861,466,1.64235539160238e-05,2.99302593451655e-05
7,9,468,7.2617238681646e-10,0.000239164987673149
7,99,468,1.87593755876232e-05,-0.000263392417431815
7,399,468,2.51455550519314e-08,0.0034227949712287
7,278,469,5.98228667294697e-05,0.000339570194127027
7,1192,469,5.77719286600061e-08,0.00281055149354119
7,1263,469,-2.15967667748676e-08,0.0033387020508633
7,480,473,-6.78526683388225e-07,0.00413403755935327
7,856,473,2.32449368348824e-06,0.00648160705168159
7,368,474,4.56351395560605e-08,0.00609138333311895
7,1025,474,2.41263477180526e-09,0.00415346505071784
7,267,477,6.98885023564853e-05,0.000686719092566695
7,380,478,-0.000206945902149745,0.000905911618373875
7,400,478,0.000206945902149745,0.000905911618373875
7,47,480,-6.00149979729994e-09,0.00157350403259514
7,473,480,0.00174656574272691,0.00225230377696914
7,1410,480,-7.89582932603486e-08,0.0168553282732473
7,6,481,-9.74679890638825e-10,0.000961944583942925
7,9,481,2.82299255954812e-09,0.00140365814105315
7,1011,481,5.01621818871524e-10,0.000171207653683471
7,1798,484,-8.10943974831742e-11,0.000549063848187806
7,337,485,0.000675025518698905,0.00144618353008817
7,684,485,7.82919872745458e-09,0.000978486538434258
7,774,485,1.74089327631697e-12,0.00018226498426134
7,15,487,-2.83380005909875e-05,0.000516102028059709
7,273,487,0.000673167748684299,0.00117157814139257
7,981,487,-9.66182133907321e-09,0.000339119869534065
7,1245,487,4.89840449848925e-09,0.00171170062163757
7,537,489,-0.000134071166323801,0.000327419581345825
7,1147,489,3.43237221568738e-06,4.56613109218467e-05
7,936,492,-5.44631626951157e-09,0.00122718278127828
7,1214,492,0.000311511317923175,0.000409990886075291
7,755,497,-0.000177553378858614,-0.000891598390814015
7,959,497,3.81671207264213e-07,0.00861219799326863
7,1575,497,0.00094926021852427,0.0035813362483159
7,243,498,5.74345119460604e-05,-0.000286219839832447
7,334,498,0.000107100677764849,0.000233392370330597
7,959,499,3.26137476089501e-07,0.000547352128276565
7,542,502,-2.24401658274569e-11,0.000651355534847921
7,1274,504,2.71612191413684e-08,0.00118888558333365
7,1454,504,-2.76948013924719e-07,0.00444581322031111
7,1483,504,0.000171546276681192,0.00682233153082817
7,629,505,-4.52142333132116e-12,0.000336656595544373
7,663,505,0.000132822401319164,0.000816632862995686
7,1300,506,-3.67747230823248e-07,0.00679074039325296
7,1449,506,0.000781755559652621,0.00856858935493847
7,1643,506,-1.16837855974803e-05,0.0175092115872868
7,421,507,0.000108230511327395,0.000190552195658365
7,912,507,-0.000182145114628919,-0.000304277013560448
7,583,510,7.2662713832905e-05,0.000917606026438952
7,217,512,-2.36415875080797e-13,0.000296407074124449
7,369,512,0.000196248214967026,0.000195636718785504
7,1239,513,-8.5502188192044e-10,0.00712410734175384
7,1400,513,2.3656117959885e-08,0.0113246757715471
7,1446,513,1.33559756733317e-08,0.0060621013261413
7,1463,513,-1.27989023637923e-11,0.00103575799223902
7,969,514,-1.85130763711897e-09,0.000126593180232458
7,1076,514,0.000844361451824898,0.000528159059337558
7,104,520,-5.41956727494686e-05,-0.00106146596039154
7,1238,520,-5.52530281168498e-08,0.00246830841216469
7,273,521,-0.000673167748684299,0.00117157814139257
7,1271,521,-8.71083885640364e-09,0.00152753918419175
7,1048,522,-7.78875103309637e-11,0.000168016019197687
7,386,524,2.28198216225581e-09,0.00113905040396674
7,771,524,-0.000131484208143638,0.000547272961089188
7,386,526,3.96104205167217e-09,0.000239137321303342
7,1124,526,6.19627585929051e-06,0.000377465577430376
7,875,529,-1.32868100013413e-06,-8.39114687105522e-05
7,678,534,9.20034879678477e-10,0.000936420650471493
7,864,534,5.86276725691368e-05,0.000846979646634617
7,845,536,1.61053546047831e-13,0.000171089818717788
7,435,537,-1.21159213231131e-05,-9.04885412506204e-05
7,489,537,-2.98929319221234e-05,-0.000175886073756365
7,138,540,0.000641142490186116,0.00179289439310233
7,1098,540,-2.98792191220841e-05,-0.000467466208471873
7,210,542,-2.38410040342578e-12,0.000500380039261502
7,393,542,1.44452865303355e-09,0.00132191084051032
7,502,542,-4.2874119408765e-12,0.000491669359950767
7,860,542,4.44381503279584e-05,0.000176057174948738
7,104,544,5.41956727494686e-05,-0.00106146596039154
7,134,544,0.000316908395086054,0.000845135190399634
7,1363,545,2.91801164926433e-07,0.000568347617440717
7,1610,545,2.7227014202679e-08,0.00100000979691004
7,358,548,-1.09361816083445e-09,0.00231181650869342
7,837,548,-1.94470130025611e-09,0.000999867154918213
7,142,558,0.000423987277915036,0.000498824668832527
7,115,562,0.000284860820472689,0.000943010644934267
7,430,562,-7.59158310874032e-10,-0.0006873555645534
7,811,562,1.05358893213348e-09,0.000562015807439668
7,947,562,0.000102560343360274,-0.000200027766627373
7,141,563,-2.14572041681742e-09,0.000433624112253616
7,331,563,0.000195547995769869,-0.000731874021772689
7,1341,563,0.000970817381318977,0.00299043940016836
7,68,564,2.40880037827753e-09,0.000840040448187483
7,69,564,9.72526160091606e-11,0.00100376816203189
7,456,567,5.14425716302638e-05,0.00102417662976468
7,921,567,7.60305727816128e-05,0.000974555401724273
7,874,570,7.5618844128849e-10,-0.000328264893625674
7,989,570,0.000507455422624177,0.00649065114436991
7,1588,570,5.04291034841901e-07,0.00975918914797813
7,315,571,-0.000304845433297374,-0.000683462351743387
7,792,571,7.66151004309714e-05,0.00242372420809016
7,353,572,0.000125376029923831,0.000455581375783381
7,843,572,0.000179862405020833,-9.50151243719726e-05
7,872,575,0.000108371854652508,0.00133034043405274
7,1229,575,9.75740403947356e-07,0.000656141429956952
7,1340,575,3.38864721644174e-11,7.38697956827731e-05
7,138,576,-0.000641142490186116,0.00179289439310233
7,361,576,-1.27597602426109e-09,0.000280429694678691
7,769,576,-5.51401381725275e-06,0.000980979806594833
7,1093,576,-5.88884593890921e-09,0.000771587361000326
7,863,577,-8.3739450425485e-10,0.000400204484347896
7,1297,581,-1.15981949616778e-09,0.00110488707731822
7,1693,581,-4.06533611547366e-08,0.00156746364384532
7,385,582,0.00120155390079968,0.00308011138068936
7,788,582,-0.000706591730026835,-0.00402080386655919
7,510,583,-7.2662713832905e-05,0.000917606026438952
7,695,583,-0.000259620631992942,-0.00090384455549615
7,73,584,-2.70919993890568e-09,0.00146553555590422
7,284,584,-1.57449816987597e-12,0.00024232772537163
7,846,587,0.000174957786920343,0.000952971506803428
7,936,587,-3.82423478467205e-09,0.0013600028836336
7,996,587,1.41340546099313e-09,0.000759175021490759
7,215,588,0.000555029422025204,0.00118854346390491
7,921,588,-7.60305727816128e-05,0.000974555401724273
7,912,590,0.000182145114628919,-0.000304277013560448
7,1631,590,-2.78946102622141e-06,-0.000147572036247084
7,722,593,4.52585448129793e-05,-0.000547735345808206
7,59,594,0.00129213364392649,0.00356903316398932
7,436,594,9.10419116536456e-10,0.00106499785480707
7,81,595,3.00934800069831e-10,0.000943297516157848
7,107,595,-7.34552985545539e-05,0.00167374029073288
7,808,595,-7.16441219921182e-05,-0.000213582785288727
7,904,595,-0.000617669245591449,0.00153778020772133
7,1494,595,-2.69738966162029e-10,-0.000737773107332163
7,1009,599,-1.83421214035332e-13,0.000299044348245329
7,1300,599,3.14951967208472e-08,0.000951380423420438
7,1368,599,-1.4723765111805e-09,0.00130375541907863
7,1610,599,8.31821226818914e-09,0.00329403400145426
7,1287,600,-2.84709247777762e-09,0.000696602958734909
7,1629,600,-5.54487249292511e-13,5.64602321408771e-05
7,161,601,-0.00148444557390244,0.00282938339355618
7,322,601,2.36245482437353e-07,0.00609194924274806
7,1080,601,0.00215939710148223,0.00723554376709647
7,46,602,-1.27487305272175e-09,-0.00095084872680531
7,983,602,0.000208301099365622,0.000648634560629853
7,1112,605,-0.000173695327060921,0.000893739216746207
7,216,606,8.46810884186501e-08,0.00300391077014937
7,401,606,1.51569512187679e-09,0.00144929083535596
7,700,606,-0.000424974215404404,0.00374818459747983
7,207,608,4.7729297284361e-05,0.000117619238207603
7,959,608,-5.12599145824764e-08,0.00955436278586552
7,1319,608,-3.6053427093459e-07,0.00621368412842055
7,991,611,8.51135748445196e-05,0.00103571535230099
7,1556,611,0.000204135777664618,0.00080647409734742
7,649,615,2.86729161485792e-05,-0.000191824032478594
7,688,615,-0.000553166582034823,-0.000607580229222078
7,915,616,7.76271327192776e-05,-0.000661541944035345
7,1108,616,-3.672936520566e-10,-0.000371798038860699
7,629,621,-4.57716079539681e-12,0.000137362421315374
7,826,622,-0.000316588689749948,-0.000633650675957877
7,1372,622,-0.000126909005085913,-0.000401967849899486
7,723,624,7.44936596126724e-09,0.00170387529758176
7,729,624,-7.62564716981192e-09,0.00116202011749596
7,1179,625,1.80494472269025e-07,0.00966252329209668
7,1247,625,-0.000506069663669106,0.00088954821431034
7,1519,625,2.29408458781756e-06,0.010458945081688
7,650,627,0.000360649881679389,0.0065001031517812
7,713,627,0.000772044637290803,0.00528494107114444
7,1315,627,-2.00119860475819e-09,0.00129768422553295
7,1316,627,-3.71810109457181e-08,0.00197540641151785
7,172,629,-1.93026674731738e-10,0.00025823608406627
7,505,629,0.000249740090638606,0.00047810026018173
7,621,629,5.73639273724231e-13,-0.000212233203863325
7,929,629,1.47673638949169e-05,-0.000140674997160489
7,1092,630,0.000316195302313403,0.000454990943185303
7,1319,630,6.38065663875303e-09,0.000124172858499641
7,461,631,-1.86175467407499e-10,0.00119254712798552
7,1142,631,2.26165004854395e-06,0.000715503708986151
7,1189,632,2.53081007652673e-05,0.000295184829763084
7,1229,632,-9.75740403947356e-07,0.000656141429956952
7,172,633,-1.38031930345514e-10,0.000194930829944897
7,199,634,-1.04830194102643e-11,0.00093479144178057
7,688,634,0.000553166582034823,-0.000607580229222078
7,1098,634,2.98792191220841e-05,-0.000467466208471873
7,73,640,1.81913571404456e-09,0.00219808871689793
7,678,645,3.05461133565745e-10,0.00023881559433843
7,1444,645,0.000324686045365488,0.000561247771796602
7,1534,645,-0.000190428688985523,-0.000680821016749278
7,343,649,5.29020559421287e-05,0.00018596475564304
7,615,649,0.000188137978003011,0.00040700624927424
7,627,650,8.34672259102404e-09,0.00361518752946217
7,1037,650,0.0014829389005121,0.00586758526576527
7,392,651,0.000134453854726619,0.00101119261488745
7,465,651,-1.97439934004937e-11,0.000355865450458077
7,772,651,2.18622283227613e-05,0.000113406227757229
7,406,653,3.64576207761679e-05,0.00112021691359777
7,772,653,-2.18622283227613e-05,0.000113406227757229
7,1335,656,6.5360949377618e-09,0.000337448740812459
7,1642,656,5.79360253461818e-08,0.00147290243316458
7,461,657,6.87246356023795e-11,0.000365984527231558
7,982,657,-1.74719740535515e-09,-0.00101527037597656
7,435,661,1.21159213231131e-05,-9.04885412506204e-05
7,505,663,-0.000249740090638606,0.00047810026018173
7,746,663,-4.28288428096977e-05,0.000758556116772985
7,382,666,3.9831434555009e-11,-7.37890258534687e-05
7,328,667,1.86441986547687e-11,-0.000469650675770089
7,819,667,0.000213011670249837,-0.000278532924281852
7,736,668,-4.23999438644436e-12,0.000114182626229474
7,878,671,6.36609342490961e-11,0.000822266978551172
7,1463,671,-7.18285328226698e-12,0.000521508192649507
7,1649,671,-2.02626208650408e-12,3.57275621299379e-05
7,534,678,0.000704945595340842,0.00099554976860157
7,645,678,6.85352594351063e-09,0.000174702825453803
7,1244,678,7.69819490192325e-05,0.000589774336350064
7,264,684,-1.2781457087782e-10,0.00058223418350786
7,370,684,0.000277381482206701,0.00132564372082993
7,485,684,1.32857847363968e-10,0.00146999842992501
7,1039,684,-2.44059072062623e-10,-0.000212117793010863
7,943,685,5.32545020734652e-05,0.000563754970873272
7,1048,685,-2.09965208381268e-11,0.000165379358841859
7,1171,687,-5.03620019387675e-10,0.000337865843980258
7,615,688,-0.000188137978003011,0.00040700624927424
7,634,688,-1.22367611471767e-10,0.00023431906295667
7,60,689,-7.60763127505634e-10,0.000509413275296884
7,125,689,1.27563575023534e-09,0.000798869475625563
7,168,689,-0.000120766830894411,-0.000353504770457842
7,7,692,-2.77190713815439e-05,0.000590871056362646
7,1041,692,6.48441099146923e-06,0.000252214881227462
7,703,694,-5.31742022028702e-14,0.000120919079214276
7,881,694,2.35586302983657e-10,0.000606848041762773
7,583,695,0.000259620631992942,-0.00090384455549615
7,1084,695,-1.55631146698769e-10,-0.000339720860201513
7,1335,696,4.10759460084935e-09,0.000923881876478926
7,1642,696,5.01022548455861e-08,0.00149999855869545
7,1146,698,-0.000368907469803446,0.00127913692910691
7,327,700,-4.82644684119557e-08,0.00303864009895984
7,606,700,-5.12016794650622e-09,0.00186645366651095
7,934,702,0.000146128703769425,0.000388486114721453
7,1266,702,2.31562477188772e-11,-0.000219449569058226
7,694,703,3.38550450378381e-06,0.000343651045292438
7,447,705,2.74598076212469e-13,-4.26702232790973e-05
7,236,708,-2.48374616065684e-11,0.000461157151476507
7,372,709,1.68245755221746e-10,0.000926681428682878
7,1142,709,-2.26165004854395e-06,0.000715503708986151
7,372,711,1.53114422762393e-10,0.000532492720869744
7,627,713,-1.62399140145168e-08,0.00369130806645135
7,1476,713,3.59632535490416e-09,0.00324730020864714
7,252,717,1.30150906743804e-11,0.000278412693826319
7,765,717,1.14686305709671e-10,-0.000689400191703396
7,287,719,-0.00073482318881374,0.00301785902411283
7,350,719,0.00073482318881374,0.00301785902411283
7,370,722,-0.000277381482206701,0.00132564372082993
7,593,722,-1.20286552909611e-08,0.00057057007149787
7,27,723,-2.62005432693521e-10,0.000493458206982778
7,624,723,5.48761658142594e-05,0.00338944762732927
7,1011,723,2.02732440776231e-10,0.000313347514522958
7,856,724,6.97246268594133e-07,0.0178726003985744
7,1423,724,5.40864909891652e-08,0.0191727393849334
7,379,729,-5.4322196204881e-13,-0.000197235448988385
7,624,729,-5.48761658142594e-05,0.00338944762732927
7,1092,729,-0.000316195302313403,0.000454990943185303
7,59,731,-0.00129213364392649,0.00356903316398932
7,114,731,-0.000142338987174213,0.00268447109764215
7,163,732,-0.00012444911768548,-7.1512778022064e-05
7,668,736,-2.01378174255749e-13,0.000292798701867472
7,142,740,-0.000423987277915036,0.000498824668832527
7,380,741,0.000159858117399746,-0.00107400523646434
7,844,741,5.03404125619041e-08,0.00598723272501999
7,1173,742,0.000191515201282148,0.000685772525503957
7,848,744,-9.61017985835745e-07,-0.00607765907497197
7,956,744,-6.78397275706103e-10,-0.000765361303588375
7,1265,744,-5.64959060594987e-08,0.00414671401615386
7,361,746,-1.10557178417508e-09,0.00059782824979042
7,663,746,-0.000132822401319164,0.000816632862995686
7,428,747,1.39226395899913e-05,0.000191987834770466
7,466,747,0.000179533229975065,0.000544856074833406
7,450,748,-4.43963435859324e-07,0.00408977310065475
7,1362,748,0.00035735624644591,-0.00156905691407376
7,408,749,-2.40965915008059e-10,0.000393503175682046
7,862,749,-2.7460467863358e-05,0.000139942348848624
7,1201,750,9.01805781405958e-07,2.4526029724366e-05
7,429,751,-1.37861255075005e-07,0.000458898364449849
7,917,751,2.10133834145065e-07,0.00079462745528713
7,50,752,-1.25034303923676e-11,0.000719117146471268
7,497,755,4.54529890883107e-07,0.00198217714437614
7,886,755,-6.17189691264904e-10,0.00144500097233229
7,285,760,1.29209880626292e-07,0.00442226392478194
7,1647,760,-2.55922847183086e-08,0.0127509537300972
7,1670,760,0.00286213032993693,0.00270976925080252
7,288,762,0.000413107381883344,-0.000571397463940827
7,34,763,8.28643117767511e-05,-0.00026865115662976
7,131,763,-5.038993901134e-05,0.000679755430791053
7,290,763,-2.76848753826516e-10,0.00192513156467239
7,388,764,-2.77107087168701e-11,-0.000198912665561017
7,717,765,-0.000144143825260668,0.00056635208309589
7,834,768,2.75029844137857e-05,0.000632649860921693
7,454,769,9.92687995432602e-05,-0.000637217850033225
7,576,769,-2.02279042719541e-09,0.00109462078574113
7,871,770,2.30870578883264e-12,-6.15608012141896e-05
7,1026,770,-0.000330386337955832,0.000935890177557577
7,366,771,7.83032669046948e-07,6.84945706486484e-06
7,524,771,-0.000371163017951857,0.00104848837526999
7,651,772,-3.34908339012106e-11,0.000100398385781394
7,653,772,-0.000283292404295103,0.000502797750380556
7,485,774,-1.94872550722023e-09,0.000938940530439673
7,1004,777,-0.00012360647271829,0.000390926934023454
7,1462,786,-5.64177673817435e-07,0.0142499620930623
7,1610,786,-3.93903802619181e-07,0.0137730141189514
7,1232,787,0.000185839110875831,0.000476161822504151
7,582,788,0.000706591730026835,-0.00402080386655919
7,972,788,-0.000241418203834205,0.000518296179896901
7,450,789,-5.19424806285755e-07,0.00314449745789214
7,1363,789,3.48362769169237e-07,0.00379592318313407
7,571,792,-0.000211879205630026,0.00116826179284229
7,960,792,-1.06016537815491e-09,0.000531141492627267
7,255,794,-0.000155349252218168,0.00058400510257652
7,451,794,0.000254501392113498,0.000719635536918527
7,175,800,-4.1567186521388e-09,0.000315679840142469
7,325,800,-6.36769088182886e-09,0.000589326198202074
7,325,802,-5.34231265290407e-09,0.00162233784378055
7,208,803,-8.42582169568896e-12,0.000257686046964275
7,1609,803,0.000319962209738431,0.000377179401256111
7,595,808,-1.09051912462066e-09,0.0014234431491452
7,1519,808,2.28852632309544e-08,0.00419374137402127
7,209,811,-4.55641123900398e-05,7.78368007135065e-05
7,219,811,4.80632648635283e-10,0.00153533407654755
7,562,811,2.8541032696254e-09,0.00106397871578268
7,1187,811,5.95102973532436e-05,-0.000252355588342469
7,1400,814,-1.30555614427627e-07,0.00382834073509871
7,1611,814,-5.6853190224305e-08,0.00478878885654192
7,432,815,-6.55566440792888e-11,-0.000322369577345079
7,1041,817,-6.48441099146923e-06,0.000252214881227462
7,291,819,0.000213011670249837,-0.000278532924281852
7,667,819,0.000129332867279259,-0.000264969562508686
7,957,820,0.000436067663728756,0.000892677541187915
7,1585,820,0.000517241335363023,0.000891593480861599
7,1642,820,-9.09623543141603e-09,0.00505170264980876
7,622,826,7.25499907199938e-05,0.000708669119025691
7,994,826,-1.05934451515746e-12,9.48979906250369e-06
7,1282,831,0.000148090429074209,-0.00125434693715426
7,1386,831,-1.55222451064474e-08,0.0013451666674109
7,412,833,-6.74314577490749e-12,0.000621225960489009
7,1390,833,0.000310298444286314,0.000506535379849393
7,768,834,-1.36415970759355e-11,0.000309652176270949
7,1259,834,-9.98374514353245e-05,0.000578763776377917
7,37,837,-0.000474579698525328,0.00113370987588416
7,235,837,0.000705612627914961,-0.00132689381025839
7,548,837,-0.000341577562586077,0.00108257292519499
7,1391,838,0.000199122411064415,0.000310814489750498
7,134,839,-0.000316908395086054,0.000845135190399634
7,123,840,-0.000392618058310599,0.00128541066125921
7,452,840,-8.31029730703938e-05,0.00179240712691194
7,140,841,3.50261498034626e-05,-7.57467903768645e-05
7,3,843,-7.41963563711253e-11,0.000499201981093612
7,572,843,-0.00020664819761594,0.000328566063745389
7,741,844,-5.03404125619041e-08,0.00598723272501999
7,536,845,6.73296429262484e-13,0.000226022947084007
7,587,846,-1.12029169460649e-09,0.000871944024410448
7,1239,846,-8.05442854453351e-08,0.00284302637503383
7,207,847,-4.7729297284361e-05,0.000117619238207603
7,1102,847,0.000474631369068536,0.000447237396566681
7,744,848,9.61017985835745e-07,-0.00607765907497197
7,102,850,6.90046850027142e-08,0.00305395382053174
7,327,850,1.89736918516267e-08,0.00188424513992273
7,402,854,5.02484667119863e-08,0.00301899638184145
7,1127,854,-1.61258641105486e-08,0.00437025756975112
7,1536,854,-2.72151724202971e-09,0.00819979861861814
7,204,855,-2.36052536471165e-05,0.000547740730095402
7,875,855,2.8000702205627e-05,0.0011452260230194
7,47,856,-1.77352880860316e-09,0.00588774315282907
7,473,856,-0.00174656574272691,0.00225230377696914
7,724,856,0.00355486383143589,0.0173564596219536
7,542,860,-1.38738773753832e-10,0.000482643966200501
7,911,860,-7.29836297096269e-11,0.000714232519974771
7,466,861,-0.000179533229975065,0.000544856074833406
7,1331,861,1.21222718805103e-05,0.000260774707300085
7,211,862,-2.7460467863358e-05,0.000139942348848624
7,749,862,0.000325977466429623,-0.00045074703713992
7,334,863,-0.000107100677764849,0.000233392370330597
7,392,863,-0.000134453854726619,0.00101119261488745
7,577,863,-4.0867736936524e-11,0.000123125016635313
7,534,864,-0.000704945595340842,0.00099554976860157
7,1399,864,3.02479889907261e-09,-0.00118730197457174
7,1261,867,-1.69473793375469e-07,0.00681475329703877
7,1847,867,7.70294398608006e-07,0.00406068512130132
7,9,868,-1.82740427738705e-09,0.00117576074493975
7,55,868,6.44524663284668e-05,-0.000269872403024311
7,254,868,-9.36835018706562e-09,0.0028711689401324
7,878,869,4.78356399180051e-11,0.000240622469438028
7,770,871,1.44330375534536e-05,0.000121992239809632
7,575,872,4.06260698876942e-11,0.000281627863907236
7,1335,872,8.33695690168735e-09,0.000902848757924562
7,570,874,3.74819788471387e-07,0.00342223053346879
7,529,875,1.32868100013413e-06,-8.39114687105522e-05
7,855,875,-2.8000702205627e-05,0.0011452260230194
7,251,876,1.6153476569299e-11,-0.000213475547061854
7,671,878,1.03889282786184e-10,0.00046072471412388
7,869,878,9.32122468883516e-09,0.0026557069132425
7,1414,878,-1.94986283846274e-08,0.00227028707704647
7,1422,878,6.42755716116536e-06,0.000626422903418468
7,694,881,-3.38550450378381e-06,0.000343651045292438
7,450,884,-6.68466759846816e-07,0.0056093762195511
7,1363,884,3.48881401313636e-07,0.000990645693737725
7,27,886,9.42935709124349e-11,0.000104346744163164
7,353,886,-0.000125376029923831,0.000455581375783381
7,755,886,0.000177553378858614,-0.000891598390814015
7,1075,887,-6.8865622306092e-06,0.000400782789360567
7,1798,887,6.78180038244048e-11,0.000830288085859841
7,1330,888,4.6220365710033e-05,0.000470635559048172
7,267,893,-6.98885023564853e-05,0.000686719092566695
7,1564,893,2.3652096797505e-05,0.000593513379966541
7,1196,895,2.04429669285615e-10,0.000719150886967422
7,1213,895,2.44647599470383e-09,0.000227121049935402
7,1773,895,0.000298012910426161,-0.000820966962023169
7,439,904,-8.61424180287813e-05,-0.000704588724596416
7,595,904,-7.3105817448826e-09,0.000765776178432146
7,973,908,3.39930337601037e-12,-0.000353242874075381
7,960,909,-6.66390947017461e-10,0.000464505872819238
7,1192,909,1.03296132555043e-07,0.00330691264416096
7,983,910,-0.00132726055852853,0.0130332340710698
7,1073,910,0.00104299282984483,0.0129682402478515
7,860,911,-4.44381503279584e-05,0.000176057174948738
7,507,912,-3.91315246656321e-06,0.000201521156958628
7,590,912,2.96851191295036e-05,8.2590888623541e-05
7,167,914,-1.12110417503217e-09,0.000839599732079505
7,1781,914,2.72465450521576e-08,0.00174372250007461
7,1807,914,3.69074792824548e-05,0.000695435475843713
7,415,915,7.40503280901844e-06,-2.33529868411287e-05
7,616,915,-0.000241714246753604,-0.000593926496976559
7,1434,916,-0.000153204594558464,-0.000527116653898724
7,751,917,-0.000168130597541761,0.000283821966060361
7,979,917,3.00397585925108e-06,0.0118324613337046
7,1454,917,2.64447881431471e-07,0.0146114409896468
7,567,921,5.51150058713422e-05,-0.000564152411624079
7,588,921,-0.000278761194480844,0.00166074053988962
7,428,922,-1.39226395899913e-05,0.000191987834770466
7,1387,922,1.61975522813462e-05,0.000604646707400196
7,143,926,1.53783913823691e-10,0.00116034955083143
7,1199,926,7.42114858718e-05,0.00082298921259315
7,1289,927,-3.79314806118703e-11,0.00103709792548651
7,1460,927,-1.75722233268279e-09,-0.000685836626861374
7,22,929,2.89048081981611e-05,-0.000344649039278514
7,629,929,-1.2055196655821e-12,0.000187168032677931
7,87,930,-4.13986624546632e-10,0.00464145348447748
7,1404,930,1.67758837773555e-08,0.00373182461455474
7,702,934,1.80269583975673e-06,9.06554766935732e-06
7,1173,934,-0.000191515201282148,0.000685772525503957
7,35,935,0.00224684043808658,0.0133912568613027
7,150,935,-1.01544904297816e-08,0.00112313107850112
7,323,935,0.000776888208480968,-0.00164175500930318
7,87,936,-1.65899311258916e-09,0.00397086382629243
7,492,936,0.000123414269036911,0.0024510057800445
7,587,936,-2.8711350765404e-10,0.000421926370117265
7,1781,938,1.24838368674216e-09,0.000737200030319857
7,1446,939,-9.42134386017381e-09,0.00114577954452221
7,1462,939,-2.50628490417877e-07,0.00221384242618681
7,312,940,0.00122112780827156,0.00368057377627536
7,685,943,0.000229690078184739,0.000351621016431601
7,1331,943,-1.21222718805103e-05,0.000260774707300085
7,337,944,-0.000675025518698905,0.00144618353008817
7,1171,944,-4.46445505365987e-10,0.000514507643538214
7,1406,944,-2.41396805933721e-09,0.00110055631019515
7,88,947,0.000102481294399234,-0.00071794814967399
7,562,947,7.7081536447991e-10,0.000201955740310567
7,368,953,-6.58264975361409e-08,0.000869598738309432
7,1160,953,0.000253089523475803,0.00333209906710679
7,1246,953,-1.46422144253559e-08,0.000890183290438826
7,320,955,-3.50620323210673e-12,0.000498757642590059
7,443,955,0.00030270631468877,0.000700328679597015
7,744,956,6.78397275706103e-10,-0.000765361303588375
7,820,957,-5.108722138614e-10,0.0010575929335772
7,1630,957,0.000436067663728756,0.000892677541187915
7,497,959,5.49257538916067e-07,0.00629437652936978
7,499,959,3.86068739903266e-11,0.000201138988619542
7,608,959,1.06354119375085e-06,0.00540664455543556
7,69,960,6.33494608070648e-11,0.00146572346091392
7,792,960,-7.66151004309714e-05,0.00242372420809016
7,909,960,2.94027445810879e-05,0.000494038271545069
7,1415,961,2.1337512954148e-05,-9.36432731601926e-05
7,389,963,-0.00347506400583062,0.00937172625954128
7,1299,963,1.05673569489193e-07,0.0014627166351064
7,1416,963,-3.77172128760478e-05,0.00182976775403172
7,1134,966,9.68443144218886e-09,0.000432074857206469
7,1376,966,-1.27182413436672e-07,0.00651132818134012
7,1417,966,6.45720928532785e-07,0.00805842816539286
7,514,969,-0.000140742513547887,-0.00046793941668309
7,1191,969,-0.000181170076786726,-0.000582638076072501
7,1275,969,1.58887761913359e-08,0.00319383186579193
7,178,971,0.000471666696043514,0.0010337867116111
7,381,972,-0.000241418203834205,0.000518296179896901
7,788,972,0.000241418203834205,0.000518296179896901
7,908,973,-4.36510307425326e-12,0.000440995660508014
7,1088,976,9.93511086890811e-06,0.000128245975860325
7,1238,976,7.95629876846231e-09,0.00274685527197603
7,429,979,-2.04717072535575e-07,0.00692997974592981
7,917,979,2.81419781221533e-07,0.0112480218716266
7,1099,979,3.1176369476782e-06,0.0131134060110795
7,53,981,-0.000569592323708091,0.00155030306868755
7,487,981,9.66182133907321e-09,0.000339119869534065
7,657,982,-0.000147919824874946,0.000168334912911798
7,602,983,-0.000208301099365622,0.000648634560629853
7,910,983,0.00132726055852853,0.0130332340710698
7,216,984,1.54517319706157e-07,0.00101964280427229
7,1131,984,3.92030825817053e-08,0.00515362662729332
7,1196,984,8.60261481362877e-11,0.000574033150004504
7,1341,985,-0.000970817381318977,0.00299043940016836
7,1575,985,-0.00094926021852427,0.0035813362483159
7,1101,988,-3.56053268677578e-12,0.000287130556929613
7,1442,988,4.024599057357e-05,-0.00017872580147103
7,570,989,6.74323532061437e-07,0.00575483026209602
7,1080,989,-0.00215939710148223,0.00723554376709647
7,611,991,7.54495537065323e-05,0.000940274423801093
7,1443,991,-5.46512844843157e-09,0.00134167007570848
7,1630,992,-2.89717000445814e-09,0.00138532146671469
7,1166,993,-7.35662033502169e-11,0.000403687420788413
7,826,994,0.000316588689749948,-0.000633650675957877
7,631,995,-3.67098875726705e-10,0.000372640493132444
7,587,996,-1.90105751592404e-10,0.000504017699400081
7,1316,996,-1.09484334103192e-08,0.00255037635954311
7,1414,996,2.58381945008393e-09,0.00350886234650996
7,1436,997,1.18826018905841e-06,0.000683234620711057
7,51,999,-4.94893865002967e-13,0.000213794728917426
7,355,1004,-2.81227061504132e-11,0.000451500814551937
7,777,1004,4.74961595475833e-10,0.000613798246591821
7,1224,1005,-2.68239512250397e-11,-0.000419098734586984
7,97,1006,2.91702584175441e-05,-8.11459213892582e-05
7,599,1009,-9.20167425687328e-09,0.00104624908487407
7,98,1011,0.000126977301503185,-7.33458241231667e-05
7,481,1011,7.19088519193898e-09,0.000340936661048387
7,723,1011,2.8093079177358e-09,0.000519931890346379
7,402,1017,4.65967434571297e-08,0.0018815561468936
7,1263,1017,-2.77324263007955e-08,0.00323610770458371
7,1776,1020,8.45894361843284e-12,0.000640616100674409
7,69,1025,-4.51521191754817e-10,0.00109256667125578
7,474,1025,-0.000198922865017126,0.00437973342646252
7,1271,1025,-4.57339411055719e-09,0.00463333936970665
7,406,1026,-3.64576207761679e-05,0.00112021691359777
7,770,1026,-1.44330375534536e-05,0.000121992239809632
7,238,1028,2.28848866616217e-11,0.000163542120490656
7,1238,1028,-3.61460824799962e-08,0.00059953907096131
7,1189,1029,-2.53081007652673e-05,0.000295184829763084
7,1390,1029,-0.000310298444286314,0.000506535379849393
7,1537,1030,0.000284298289750583,0.000549132976441184
7,1034,1032,0.00017730480191262,0.000688150775378836
7,1280,1032,2.95253421074342e-05,0.000627664797384904
7,1032,1034,8.5823552128193e-05,0.000557208371398654
7,1347,1034,-9.27707770105683e-05,-0.000499375885905035
7,650,1037,-0.000360649881679389,0.0065001031517812
7,1478,1037,-2.05612661877453e-07,0.00489967927309011
7,684,1039,1.1278530756198e-08,0.00118944289835016
7,692,1041,-1.61095182287459e-05,0.000204626629694819
7,817,1041,1.45361421304862e-10,0.000758112178294205
7,461,1048,3.24686497661949e-12,8.40431720869733e-05
7,522,1048,-5.52373299014229e-12,-0.000154750318568101
7,685,1048,-0.000229690078184739,0.000351621016431601
7,285,1050,2.83357017630143e-08,0.00530107309112376
7,1315,1050,7.2659501052177e-08,0.00547925400029685
7,1124,1053,-6.19627585929051e-06,0.000377465577430376
7,1525,1059,7.40726743884263e-08,0.00318371074787839
7,1529,1059,-1.07223145517435e-07,0.00437772846411333
7,150,1072,-4.32711074601224e-09,0.00111558031602324
7,910,1073,-0.00132726055852853,0.0130332340710698
7,1192,1073,-1.0088970999584e-07,0.0108640510470312
7,219,1074,-1.20279848935413e-09,0.00114693479640495
7,1157,1074,1.83496605802625e-08,0.000718185954452925
7,1652,1074,1.73953459436491e-10,0.000677077793534965
7,343,1075,-5.29020559421287e-05,0.00018596475564304
7,887,1075,0.000262188289172205,0.000650336377380862
7,514,1076,0.000140742513547887,-0.00046793941668309
7,1159,1076,8.93069371321656e-05,0.000296720363323206
7,601,1080,3.01603317390677e-08,0.00353529679592953
7,989,1080,-0.000507455422624177,0.00649065114436991
7,695,1084,1.55631146698769e-10,-0.000339720860201513
7,976,1088,0.000374998896575936,0.000664097354203774
7,1152,1088,9.87195825571509e-06,-7.93533970110527e-05
7,105,1089,-0.000718153631517636,0.00121225537337185
7,327,1089,2.72707291584556e-08,0.00204988437195133
7,1131,1089,1.76373892648566e-08,0.0046302207653131
7,1197,1091,8.64174592566758e-10,0.00012846806681408
7,630,1092,0.000134707903074193,0.000707046956759113
7,729,1092,-2.28303453311623e-09,0.00107026837368778
7,163,1093,0.00012444911768548,-7.1512778022064e-05
7,354,1093,1.25276081786509e-10,0.00211234673039867
7,576,1093,-2.97798913141621e-09,0.000987315106098599
7,35,1094,-0.00224684043808658,0.0133912568613027
7,429,1094,7.18294177191269e-08,0.00974993564455734
7,540,1098,0.000242043647553647,-0.00149503923078035
7,634,1098,-5.69376568402187e-11,0.000527845644984467
7,979,1099,-3.1176369476782e-06,0.0131134060110795
7,1283,1100,-3.66166673835624e-09,0.000434891240210227
7,988,1101,4.34761972872016e-06,0.000102559395277039
7,847,1102,2.02341592587025e-05,-3.80003355580378e-05
7,1407,1102,1.7570621989045e-10,-0.000591099690252127
7,616,1108,0.000241714246753604,-0.000593926496976559
7,157,1110,-6.52509002067372e-13,9.55863078533781e-05
7,151,1112,7.75346308835794e-11,0.000671030810269644
7,605,1112,0.000173695327060921,0.000893739216746207
7,1147,1118,-3.43237221568738e-06,4.56613109218467e-05
7,1295,1118,7.79060662524461e-11,0.000350502782165128
7,1542,1121,4.7731503583102e-11,0.00017569551027594
7,526,1124,3.04325809523547e-06,-9.55231630763341e-05
7,1053,1124,-7.51028778675334e-12,0.000209444041648001
7,285,1127,3.70874931281242e-08,0.00276930440141349
7,854,1127,-1.16506549269174e-08,0.00176108831313512
7,1179,1127,-4.55650414955497e-07,0.00737021908521296
7,1670,1127,1.19446794118628e-08,0.00251401141832457
7,1371,1128,0.000124726977169824,0.000816859819929821
7,152,1129,-0.00016803215300674,0.000542613301948718
7,322,1131,3.12076625049451e-07,0.00678033368050569
7,984,1131,6.22448000871845e-09,0.00471007052620877
7,1089,1131,5.62061313993454e-08,0.00693683638190186
7,1593,1133,7.10227339218125e-05,0.000582798974657811
7,966,1134,-1.58672114812658e-08,0.00253919073988412
7,1163,1135,7.27409307086451e-11,-0.00019351054910856
7,631,1142,-4.72937184683985e-10,0.00051458864029928
7,709,1142,-6.90289513615355e-05,0.000995541836640906
7,439,1144,8.61424180287813e-05,-0.000704588724596416
7,1376,1144,4.50789731699937e-07,0.015449518784226
7,1519,1144,-2.7460836447634e-06,0.0146500506573701
7,451,1146,-0.000368907469803446,0.00127913692910691
7,698,1146,0.000368907469803446,0.00127913692910691
7,489,1147,2.98929319221234e-05,-0.000175886073756365
7,1118,1147,-5.30051599371247e-06,-9.61632092548712e-06
7,206,1152,9.87195825571509e-06,-7.93533970110527e-05
7,1088,1152,-9.93511086890811e-06,0.000128245975860325
7,309,1157,1.42658532127552e-10,0.000519700452437696
7,362,1157,-7.29528605709963e-11,0.000150774880005734
7,1074,1157,1.45346475298889e-09,0.000414093419979562
7,1395,1157,7.12622251500462e-05,5.67474423063577e-05
7,449,1158,-2.11279780011955e-08,0.00114389485458877
7,1076,1159,-0.000844361451824898,0.000528159059337558
7,1275,1159,2.97100310284579e-08,0.000649632691144747
7,953,1160,-5.61055097313453e-10,0.00114468364166338
7,1452,1160,-0.000117302685103264,-0.00173967979124793
7,1135,1163,-3.13387934681215e-10,0.000220013925383052
7,993,1166,-1.71547128633863e-11,-0.000144242232293957
7,1558,1166,-5.20413633686009e-06,-9.53325822469229e-05
7,1810,1166,6.74038380617539e-06,8.47521255795484e-05
7,208,1168,-1.6568767682584e-11,0.000649909848754549
7,1609,1168,-0.000319962209738431,0.000377179401256111
7,687,1171,-5.32697283132254e-11,0.000253969808002393
7,944,1171,5.02186167110991e-08,0.00273545528314774
7,1236,1171,-1.93561740376449e-10,0.000449096135711192
7,742,1173,2.5504984849966e-10,0.000893277737732726
7,934,1173,-0.000146128703769425,0.000388486114721453
7,219,1178,-1.49014032745044e-09,0.000334822794272934
7,402,1179,-9.94694101535856e-09,0.00399543562056238
7,625,1179,1.10950666722527e-06,0.00716373433945666
7,1127,1179,1.15189402962576e-08,0.00600229149023262
7,1476,1179,6.58774027627071e-08,0.00307132158970162
7,1255,1180,4.48489064449506e-10,0.00016440025127413
7,1618,1182,-1.46766321907261e-06,-0.000241136230847603
7,1831,1182,-3.96304027177071e-08,0.00132822766409238
7,245,1187,-3.86380068023075e-05,0.000621812865170797
7,811,1187,9.84308268355523e-10,0.000348642938982418
7,632,1189,-8.66285002820911e-05,-0.000295122876363064
7,1029,1189,0.000213998657919926,0.000697511013842166
7,969,1191,-4.28279052808739e-09,0.00131973588557021
7,1199,1191,-7.42114858718e-05,0.00082298921259315
7,283,1192,5.281487858922e-08,0.0077891386063947
7,469,1192,-2.01902336533504e-08,0.00125719459079629
7,909,1192,-2.94027445810879e-05,0.000494038271545069
7,1073,1192,-0.00104299282984483,0.0129682402478515
7,1283,1193,-7.76669543139876e-09,0.00105266022924664
7,1849,1193,-0.000497065624808942,-0.00128566759325159
7,417,1196,-7.49391566497581e-11,0.000158677723619852
7,895,1196,1.13812923967263e-09,0.00104102529752852
7,984,1196,-2.89524934524656e-09,0.00207093126467733
7,458,1197,4.96537261412932e-12,6.30325967347775e-05
7,1091,1197,-2.27700844344615e-10,-0.000558184037434348
7,1373,1197,0.000536174685064445,0.000931069622976207
7,926,1199,-5.88797717731494e-05,0.000820384232714319
7,1191,1199,0.000181170076786726,-0.000582638076072501
7,750,1201,-8.2728369519981e-13,0.000297905107064813
7,1371,1201,-0.000124726977169824,0.000816859819929821
7,459,1212,3.98571212174359e-06,-0.0131954150717608
7,216,1213,6.71332166114933e-08,0.00287603230567505
7,895,1213,2.59354414229071e-09,0.000901482929923029
7,1377,1213,5.90990441900316e-05,0.0011795429682724
7,492,1214,-0.000123414269036911,0.0024510057800445
7,1239,1214,-7.75645417634417e-08,0.00162377275901686
7,1436,1221,1.76042222564524e-06,0.00825773009450529
7,1483,1221,-0.000171546276681192,0.00682233153082817
7,1530,1222,-1.17382450426103e-09,0.000216985298456832
7,1791,1222,0.000343758564925411,0.00125713869260064
7,1849,1222,0.000497065624808942,-0.00128566759325159
7,1005,1224,5.7618627919347e-13,0.000322131351688161
7,1616,1227,-0.000173090172555186,0.000195562072115462
7,1414,1228,-1.53411096552705e-08,0.000511323709328808
7,1463,1228,-1.182096812073e-11,0.000370286977098559
7,575,1229,-3.6184190718888e-10,0.000540440806195326
7,632,1229,8.66285002820911e-05,-0.000295122876363064
7,787,1232,-2.05596377318357e-11,0.000388304135909679
7,1462,1232,-2.73001387614363e-07,0.000852133385462783
7,1447,1235,-2.24948139906277e-11,0.00043477024647647
7,1171,1236,5.17026152325467e-11,0.00070409492462704
7,520,1238,-5.99190573754636e-06,6.17501996856055e-05
7,976,1238,-0.000374998896575936,0.000664097354203774
7,1028,1238,3.79298891663686e-05,-0.000427164950286896
7,513,1239,-3.54554637159386e-07,0.00418072527093042
7,846,1239,-0.000174957786920343,0.000952971506803428
7,1214,1239,-0.000311511317923175,0.000409990886075291
7,678,1244,-6.27137659633574e-10,0.000928858057311144
7,1537,1244,-0.000284298289750583,0.000549132976441184
7,487,1245,-4.89840449848925e-09,0.00171170062163757
7,953,1246,-1.25274119011472e-09,0.00049089947648825
7,1283,1246,5.02186292732414e-09,0.000904497307468636
7,1501,1246,-2.05768242904725e-10,0.00351273630102107
7,81,1247,3.1808385810698e-10,0.00102929630381478
7,625,1247,8.09050774854008e-07,0.00239020619802852
7,214,1254,-1.84736397885445e-05,0.000545012915454831
7,1443,1254,-3.94758162210466e-10,0.00244247642071446
7,1180,1255,-8.99623813978388e-11,9.47519484520515e-05
7,1306,1255,1.11877179125162e-05,0.00106603909689301
7,1569,1255,-1.2585117739355e-08,0.00203128931031886
7,1652,1256,1.30665812721033e-10,0.000242624198893037
7,168,1259,0.000120766830894411,-0.000353504770457842
7,834,1259,-2.75029844137857e-05,0.000632649860921693
7,411,1260,0.000158112469531773,0.000377992594714717
7,867,1261,2.61492995040129e-05,0.00478518375188733
7,1637,1261,-9.89924382751818e-07,0.00146943406484126
7,1691,1261,2.20845216970334e-06,0.00794416617161284
7,81,1263,-8.81816209141912e-10,0.00105134917137808
7,283,1263,5.30843688027117e-08,0.0005327073736073
7,469,1263,5.8578457360715e-09,0.00173861620498456
7,1017,1263,0.000649920302331051,-0.00306168198128216
7,356,1265,5.82842506675335e-09,0.00463792559609514
7,744,1265,5.64959060594987e-08,0.00414671401615386
7,1423,1265,6.47769405810279e-07,0.00679399315934667
7,702,1266,-1.80269583975673e-06,9.06554766935732e-06
7,68,1271,-2.2025271538583e-11,0.00196407093678266
7,521,1271,-9.0209085841719e-05,0.00101577192156051
7,1025,1271,-1.73103452646512e-08,0.00257915569091146
7,1477,1272,1.21089074900852e-10,0.000218594082625412
7,1789,1272,1.28331129290945e-05,0.000173783250659964
7,504,1274,-3.78692035872988e-08,0.00218585657418437
7,1446,1274,-1.65521807889281e-08,0.00217456085162783
7,1454,1274,-4.24041262170441e-07,0.00265421583002718
7,969,1275,2.19326090525165e-09,0.00121861111448603
7,1159,1275,-8.93069371321656e-05,0.000296720363323206
7,1418,1275,0.000221101070137127,0.00435425551335681
7,1634,1279,-0.000246275116891604,0.000572801410516875
7,1809,1279,-7.37513751757287e-05,-0.000542998200658199
7,1032,1280,-8.5823552128193e-05,0.000557208371398654
7,1372,1280,0.000126909005085913,-0.000401967849899486
7,368,1282,-1.60007403169196e-07,0.00388222607667005
7,831,1282,5.34823644521939e-06,0.00162902819186604
7,1100,1283,1.28715359325119e-11,0.000445654555161248
7,1193,1283,-6.85662526432489e-05,-0.00117013138299299
7,1246,1283,-1.80906760184446e-08,0.000994814134690442
7,600,1287,4.32245102313488e-06,4.02783896885639e-05
7,1314,1287,-2.21651669227134e-07,0.00425663939787902
7,1643,1287,-1.36907078945041e-06,0.00619382749465573
7,927,1289,3.79314806118703e-11,0.00103709792548651
7,1118,1295,5.30051599371247e-06,-9.61632092548712e-06
7,1590,1296,-0.000751682790874782,-0.000731676314975515
7,1680,1296,-6.31793860118869e-09,0.00097120455318303
7,581,1297,0.00109784673070607,0.00216622517773172
7,1680,1297,-8.44210843784447e-09,0.00103337761713158
7,1699,1297,0.00034134826055195,0.000490613556017956
7,1845,1297,0.000776461627987252,0.00210668922714187
7,963,1299,-1.05673569489193e-07,0.0014627166351064
7,506,1300,4.86504384604305e-06,0.00649061125172427
7,599,1300,-8.36942866844691e-09,0.00123489971662585
7,1610,1300,4.02917736637532e-07,0.00949352691962224
7,1553,1301,1.05713041650036e-09,0.000748945058297778
7,1255,1306,-4.23431295493629e-10,0.000283694000311662
7,1855,1306,-1.56848102822471e-08,0.000979888785156219
7,221,1313,1.18307788433033e-11,0.000303483345351322
7,401,1313,4.95271629061165e-09,0.000783108900872079
7,1420,1313,-1.28406056623771e-09,0.00340870031863339
7,167,1314,-1.7271398217824e-08,0.00128965834155034
7,1287,1314,3.49746978939207e-09,0.00502122443764142
7,1800,1314,0.00139181634878801,0.00220391762443133
7,627,1315,-1.14142406644434e-08,0.00159652803386381
7,1050,1315,0.00158006485319354,-0.00695951626518428
7,1404,1315,-3.61992825783276e-08,0.00338305274832067
7,627,1316,-1.7217198268819e-09,0.00238321835222344
7,996,1316,-1.31165155789002e-08,0.00141912734663746
7,1404,1316,-1.65607579230487e-08,0.00117161408771978
7,608,1319,-4.6212443304085e-07,0.0051787204169936
7,630,1319,-0.000134707903074193,0.000707046956759113
7,1517,1319,2.92443419991693e-05,0.00652079577766713
7,315,1320,0.000304845433297374,-0.000683462351743387
7,1386,1320,-1.65251113947495e-08,0.00184406142612855
7,1556,1323,-0.000204135777664618,0.00080647409734742
7,888,1330,2.52476961784626e-12,8.109706171616e-05
7,1368,1330,-9.66950991630748e-09,0.000768312892945992
7,861,1331,-1.64235539160238e-05,2.99302593451655e-05
7,943,1331,-5.32545020734652e-05,0.000563754970873272
7,1468,1332,6.0182070152975e-12,5.71148967993567e-05
7,366,1333,-7.83032669046948e-07,6.84945706486484e-06
7,656,1335,0.000121696577464464,0.000246866776384643
7,696,1335,0.000484783043588987,0.00101667747807977
7,872,1335,-0.000108371854652508,0.00133034043405274
7,1580,1335,2.38200755383941e-10,-0.000351983118477591
7,436,1338,-1.94913266440669e-09,0.00106329480580183
7,575,1340,4.22408784502964e-10,0.000550759791156257
7,563,1341,-5.09205046300202e-09,0.000354095478101048
7,985,1341,0.000405024055886001,0.00297592720521083
7,1034,1347,-0.00017730480191262,0.000688150775378836
7,1618,1347,1.46766321907261e-06,-0.000241136230847603
7,1564,1355,-2.3652096797505e-05,0.000593513379966541
7,1831,1355,-2.92695052252873e-08,0.00035917537999538
7,132,1362,-2.62716895764498e-05,4.62340779698243e-05
7,748,1362,-0.000969413851055827,0.00400357869011274
7,545,1363,1.43977957435601e-05,0.000673455202311135
7,789,1363,-0.00067936438546113,0.00121080853468777
7,884,1363,-0.00201448468001653,0.00360117576586269
7,1449,1363,-0.000781755559652621,0.00856858935493847
7,599,1368,-2.38544318417188e-09,0.00199029429323175
7,1330,1368,-4.6220365710033e-05,0.000470635559048172
7,1611,1368,-1.84138185692386e-08,0.00186721493908693
7,1787,1370,2.76348335089998e-06,-5.57878099286255e-05
7,1791,1370,-0.000343758564925411,0.00125713869260064
7,1128,1371,-4.63203847969404e-12,0.000110792535912778
7,1201,1371,-9.01805781405958e-07,2.4526029724366e-05
7,622,1372,-7.25499907199938e-05,0.000708669119025691
7,1280,1372,-2.95253421074342e-05,0.000627664797384904
7,1197,1373,3.6230901834693e-10,0.00051925808961596
7,1444,1373,-0.000324686045365488,0.000561247771796602
7,411,1376,-0.000158112469531773,0.000377992594714717
7,966,1376,5.77208371041123e-09,0.00486029342075322
7,1144,1376,-6.37966010109011e-07,0.0164691219264593
7,1478,1376,-3.02012018553311e-07,0.00248805401344243
7,1213,1377,6.71195618907356e-10,0.00139460622298799
7,1781,1377,-1.03864961956846e-08,0.00098905156806861
7,831,1386,-5.34823644521939e-06,0.00162902819186604
7,1320,1386,-9.95930693689766e-05,0.00082967537286591
7,1499,1386,0.0023075416729191,0.00452235217335013
7,922,1387,-0.000526869968536853,0.000832356594489892
7,1508,1387,1.61975522813462e-05,0.000604646707400196
7,833,1390,1.62178131358484e-05,-0.000345739649755043
7,1029,1390,-0.000213998657919926,0.000697511013842166
7,838,1391,1.68924149021861e-11,0.000533496654008931
7,1828,1391,-2.91597020983189e-10,0.000155252011450587
7,1798,1392,-6.66644076605577e-11,0.000444211398415447
7,1157,1395,7.78258169733338e-09,0.0020687681577487
7,1779,1395,1.19144091329189e-05,3.90363212818079e-05
7,864,1399,-5.86276725691368e-05,0.000846979646634617
7,513,1400,2.71661423248309e-07,0.00949814314473906
7,814,1400,0.000670127327242664,0.00566158278279318
7,1551,1400,-9.52464446867757e-11,0.0015695108577404
7,1418,1402,-0.000221101070137127,0.00435425551335681
7,1678,1402,-2.95048340514856e-09,0.000482733432626015
7,193,1404,6.5265517662411e-12,-8.84437180803583e-05
7,930,1404,-0.000317561431208314,0.000438658554382149
7,1315,1404,-3.29641044394195e-08,0.00466147131299759
7,1316,1404,5.99570432729848e-09,0.00117618409718324
7,944,1406,8.54796825642987e-09,0.00629252043449469
7,1553,1406,1.37052890213318e-09,0.000583252914671366
7,1810,1406,-6.74038380617539e-06,8.47521255795484e-05
7,1102,1407,-0.000474631369068536,0.000447237396566681
7,385,1410,-0.00120155390079968,0.00308011138068936
7,480,1410,7.89582932603486e-08,0.0168553282732473
7,1434,1413,0.000153204594558464,-0.000527116653898724
7,878,1414,4.40512238807627e-10,0.00031644643969189
7,996,1414,-5.49611571438722e-10,0.00176611434327693
7,1228,1414,-3.57664455209807e-05,-0.000164713096458308
7,369,1415,-0.000196248214967026,0.000195636718785504
7,961,1415,2.64717370082917e-13,3.53562189877543e-05
7,456,1416,-5.14425716302638e-05,0.00102417662976468
7,963,1416,3.77172128760478e-05,0.00182976775403172
7,966,1417,-1.585987147767e-08,0.000741513973463098
7,1478,1417,2.07057572008809e-07,0.0115445557984676
7,1691,1417,-1.90888837916969e-06,0.0144053289842518
7,1275,1418,1.33474502664119e-08,0.00365141951190419
7,1402,1418,0.000368294779151483,0.000476684946457064
7,178,1420,-0.000471666696043514,0.0010337867116111
7,398,1420,-5.63983143265039e-12,0.000426556394387339
7,1313,1420,-6.97360229893232e-09,0.00234645663372828
7,878,1422,9.00792050306357e-11,0.000564530237708185
7,1525,1422,4.21990433815847e-08,0.000673691036033014
7,102,1423,-6.55569741140573e-09,0.00185916490279028
7,724,1423,-0.00355486383143589,0.0173564596219536
7,1265,1423,-4.52849298519028e-08,0.00294272071022501
7,1630,1433,-1.78220462395565e-09,0.0027210133274953
7,916,1434,4.57592487996145e-12,0.000631295097500771
7,1413,1434,7.53399901037636e-11,0.000789498232281758
7,87,1436,-2.68729153088148e-09,0.00956200593708805
7,459,1436,8.72410537506929e-07,0.012657452270476
7,997,1436,8.22575061717304e-12,0.000478539954960827
7,1221,1436,0.00172111893421464,0.00806757315227216
7,393,1442,1.6033299967512e-09,0.00069697010566137
7,988,1442,-4.34761972872016e-06,0.000102559395277039
7,991,1443,-8.51135748445196e-05,0.00103571535230099
7,1254,1443,-1.84736397885445e-05,0.000545012915454831
7,1457,1443,7.62339530311348e-09,0.000764128711001363
7,645,1444,5.93659522316206e-09,0.00174835771992578
7,1373,1444,-0.000536174685064445,0.000931069622976207
7,513,1446,-3.30455751207832e-07,0.00391845532096985
7,939,1446,3.41136066532017e-05,0.000514577731534808
7,1274,1446,2.93011058454742e-08,0.00526590582096954
7,1235,1447,1.04839121830753e-10,0.000982153392590875
7,506,1449,4.94741875912963e-06,0.00457763317633658
7,1363,1449,-4.70588533113468e-08,0.00704330347826803
7,1160,1452,-0.000253089523475803,0.00333209906710679
7,1796,1452,0.000485242468711966,0.000910908332932233
7,84,1454,8.16533941594749e-05,0.0122455066858129
7,504,1454,-9.44353528831193e-08,0.00210838234304121
7,917,1454,-1.05515828504303e-08,0.0181605167813904
7,1274,1454,5.88456243641969e-09,0.00179430084687391
7,1443,1457,-7.62339530311348e-09,0.000764128711001363
7,927,1460,1.75722233268279e-09,-0.000685836626861374
7,84,1462,-8.16533941594749e-05,0.0122455066858129
7,786,1462,0.00184082344616318,0.014950399644172
7,939,1462,-3.41136066532017e-05,0.000514577731534808
7,1232,1462,-0.000185839110875831,0.000476161822504151
7,513,1463,-2.59631909073292e-07,0.00225238402657628
7,671,1463,-4.01606541971783e-11,0.000126769202699514
7,1228,1463,3.57664455209807e-05,-0.000164713096458308
7,171,1465,-3.20723427377849e-11,0.000411374063459804
7,1332,1468,-1.18948284608268e-12,0.000236553491708257
7,421,1469,-0.000108230511327395,0.000190552195658365
7,1621,1469,-1.69212984159569e-11,0.00046449876505764
7,285,1476,1.25373511550711e-08,0.00367465842520685
7,713,1476,-0.000772044637290803,0.00528494107114444
7,1179,1476,-3.84532895319829e-07,0.00151545391087711
7,1272,1477,-6.45846243639093e-06,-3.36248918345152e-05
7,1530,1477,-2.07823443499493e-09,0.000142945818984609
7,1802,1477,-1.39457114871988e-09,0.00029518670557422
7,1037,1478,-0.0014829389005121,0.00586758526576527
7,1376,1478,-4.7494836044458e-07,0.00926301988310559
7,1417,1478,5.00836075997066e-06,0.0142536173289165
7,1581,1478,7.31712544860634e-12,0.000312637032419663
7,1583,1478,-0.000514056815621844,0.00252293527894173
7,504,1483,6.4072286587689e-08,0.00516692686186933
7,1221,1483,-0.00172111893421464,0.00806757315227216
7,595,1494,-5.60891751507471e-09,0.00129248559656258
7,1386,1499,1.11382945391232e-08,0.00478394477459659
7,1693,1499,-1.77094810914281e-08,0.00248000456466877
7,215,1501,-0.000555029422025204,0.00118854346390491
7,268,1501,-1.17092609383787e-12,0.000436717586853652
7,1246,1501,-2.42746063729197e-09,0.0026591598454885
7,166,1503,8.72126398794139e-10,-0.00086456366177208
7,321,1503,1.15630185427709e-05,-0.000325412726574214
7,1387,1508,-1.61975522813462e-05,0.000604646707400196
7,1831,1509,8.66603090930264e-09,0.00200122395349813
7,1853,1509,-0.000907204438428598,-0.00517405891061776
7,1319,1517,3.63204406609935e-07,0.00622589406720315
7,1569,1517,8.17682564830189e-08,0.00638914293330243
7,625,1519,-3.25239587036559e-07,0.0137188306998513
7,808,1519,7.16441219921182e-05,-0.000213582785288727
7,1144,1519,7.34120261634226e-07,0.0096093417691566
7,1593,1521,-7.10227339218125e-05,0.000582798974657811
7,1792,1523,4.9712492882183e-11,0.00128125767551689
7,1059,1525,0.000211714221590739,0.00407089963706717
7,1422,1525,-6.42755716116536e-06,0.000626422903418468
7,1691,1525,1.01080982016564e-06,0.00326638175266288
7,1059,1529,-0.000211714221590739,0.00407089963706717
7,1551,1529,-5.40762354278481e-10,0.00218834350730034
7,1847,1529,8.09044654940153e-07,0.00456180087039764
7,1222,1530,-2.51109455307986e-09,0.00255186243333934
7,1477,1530,2.0221888355129e-10,0.000215877933297325
7,1628,1530,8.34817221608745e-05,0.00101803252323685
7,645,1534,1.30642957985388e-09,0.00128869282601305
7,1542,1534,1.0268753558014e-11,0.000259670592611786
7,854,1536,2.72151724202971e-09,0.00819979861861814
7,1030,1537,3.08896354993954e-11,0.000622516469226221
7,1244,1537,-7.69819490192325e-05,0.000589774336350064
7,1637,1538,-9.70073817661046e-07,0.000816286672151865
7,1778,1538,-1.28482407597789e-11,0.000318885924381931
7,1795,1538,3.4707081128338e-11,0.000362227648417585
7,1121,1542,-4.7731503583102e-11,0.00017569551027594
7,1534,1542,0.000190428688985523,-0.000680821016749278
7,1607,1542,-1.31874851494628e-10,0.000520851679428133
7,1587,1543,1.22008620771299e-12,6.88876443878017e-05
7,1779,1544,-1.19144091329189e-05,3.90363212818079e-05
7,1585,1545,-0.000517241335363023,0.000891593480861599
7,457,1546,-1.55874865384182e-08,0.00458656619554252
7,1400,1551,2.39041043344598e-07,0.00502152201101349
7,1529,1551,5.09419809648994e-08,0.00189010055229987
7,1600,1551,0.00017436301629716,0.00111933448516872
7,1301,1553,-2.13205866230454e-10,0.000455850512678366
7,1406,1553,1.32396186817006e-08,0.000814499211322836
7,1816,1553,-8.73621382234363e-05,-0.000723565346545425
7,611,1556,-7.54495537065323e-05,0.000940274423801093
7,1323,1556,-1.93876343361241e-10,0.000594993565333225
7,1166,1558,-1.97075712138906e-11,0.000584772295348601
7,1789,1558,-1.28331129290945e-05,0.000173783250659964
7,1709,1562,8.40463954582607e-08,0.00437542554327945
7,1824,1562,-3.33352059649779e-08,0.00550430021944396
7,457,1563,-2.3354111021886e-06,0.017639421243141
7,893,1564,-0.00023479520014697,0.000655137676854345
7,1355,1564,2.01890686591257e-05,0.000524013971027949
7,1786,1567,1.85416883185939e-10,0.000556188556117188
7,1255,1569,2.04215662433159e-10,0.000202357396332074
7,1517,1569,-2.92443419991693e-05,0.00652079577766713
7,1570,1569,0.000305044398009796,0.00349561216630608
7,1569,1570,-9.25329162241756e-08,0.00316229480419105
7,1702,1570,0.00157246088461378,0.00478552957909354
7,1817,1572,3.1612128468771e-07,0.0026676117043591
7,497,1575,-2.87845434761704e-07,0.00505797169665823
7,985,1575,-0.000405024055886001,0.00297592720521083
7,1335,1580,7.85347012007703e-09,0.000305925155016709
7,1478,1581,-1.66007367915345e-07,0.00187679301488318
7,312,1583,-0.00122112780827156,0.00368057377627536
7,1478,1583,-1.67498984189679e-07,0.00405299459174157
7,820,1585,-6.43681231632913e-10,0.000702696441493152
7,1545,1585,-1.10839281064164e-10,0.000665960437728088
7,1543,1587,2.57687318927815e-10,0.000455589924969779
7,570,1588,-5.04291034841901e-07,0.00975918914797813
7,1296,1590,-5.27568529882945e-05,-0.000771372865196566
7,1796,1590,-0.000485242468711966,0.000910908332932233
7,1133,1593,1.07057874158176e-10,0.000901369471947479
7,1521,1593,4.52378293771478e-11,-0.000247738838917485
7,1809,1595,7.37513751757287e-05,-0.000542998200658199
7,1551,1600,-8.69861684839752e-10,0.00080733061308251
7,1824,1600,3.79071973111642e-08,0.00101823620746447
7,1833,1602,-7.19933065368346e-10,-0.000558632532475152
7,1542,1607,3.80679352005071e-11,0.000158224056053802
7,803,1609,-0.000981787125840965,0.000819217020141385
7,1168,1609,0.000173458556132219,-0.000126951372687812
7,545,1610,-1.43977957435601e-05,0.000673455202311135
7,599,1610,-6.05167611134914e-09,0.00209172709970439
7,786,1610,-0.00184082344616318,0.014950399644172
7,1300,1610,4.3346299856993e-07,0.0110278819011714
7,814,1611,-0.000670127327242664,0.00566158278279318
7,1368,1611,-5.3094473034573e-09,0.0011470217428125
7,1713,1611,0.000363505870571906,0.000409912951217362
7,1824,1611,2.97759510552114e-08,0.0032863392818633
7,278,1616,-5.98228667294697e-05,0.000339570194127027
7,1227,1616,0.000173090172555186,0.000195562072115462
7,1182,1618,-8.38689388230936e-05,-0.00240718063814234
7,1347,1618,9.27707770105683e-05,-0.000499375885905035
7,1469,1621,-0.000202643458774615,0.000615210368803057
7,1530,1628,8.38301156722737e-10,0.000527695465679053
7,1846,1628,-2.28304132681251e-07,0.000715119630094701
7,600,1629,-4.32245102313488e-06,4.02783896885639e-05
7,957,1630,-0.000436067663728756,0.000892677541187915
7,992,1630,2.89717000445814e-09,0.00138532146671469
7,1433,1630,1.78220462395565e-09,0.0027210133274953
7,590,1631,-2.96851191295036e-05,8.2590888623541e-05
7,1687,1631,4.46855723493164e-11,-0.00032074307157548
7,1817,1632,-2.39817003528408e-06,0.0196203618751843
7,1818,1632,3.93265910312893e-05,0.00080595246871051
7,1843,1632,0.000392853026757756,0.00611361177434188
7,1866,1632,7.50759738378986e-06,0.0193744303689942
7,1279,1634,0.000246275116891604,0.000572801410516875
7,1854,1634,-2.83624722890147e-08,-0.000915482452245391
7,1261,1637,-1.88807991337628e-07,0.0014160707022194
7,1538,1637,1.069344738343e-10,0.000609264056690528
7,1691,1637,2.21634636272357e-06,0.00886476842818001
7,1720,1637,-1.05740060047814e-05,0.0154622501315808
7,656,1642,-0.000121696577464464,0.000246866776384643
7,696,1642,-0.000484783043588987,0.00101667747807977
7,820,1642,-3.88387644652169e-10,0.000886569397751796
7,506,1643,-1.1245269897242e-06,0.0189314014422794
7,1287,1643,-6.35968361271874e-09,0.00520491366635682
7,1817,1643,2.7108391045674e-06,0.0147618338794116
7,760,1647,2.55922847183086e-08,0.0127509537300972
7,671,1649,-1.56738686978209e-10,0.000244446423238506
7,115,1652,-0.000284860820472689,0.000943010644934267
7,362,1652,-3.19131704755978e-10,0.000572345831952541
7,1074,1652,1.12015782020628e-09,5.64046844149537e-05
7,1256,1652,-1.50896135636239e-11,-0.000313983319427351
7,1666,1655,-1.6934806373432e-10,-0.000450621862260856
7,1808,1655,3.87324269732866e-10,-0.00028812671346798
7,1814,1662,0.0043221641285163,0.0118091582489457
7,1867,1662,0.00237869556491716,0.0118327451068608
7,1655,1666,9.01220319245037e-06,0.000318097878875445
7,760,1670,-0.00286213032993693,0.00270976925080252
7,1127,1670,-1.19446794118628e-08,0.00251401141832457
7,1402,1678,-0.000368294779151483,0.000476684946457064
7,1816,1678,8.73621382234363e-05,-0.000723565346545425
7,1859,1678,7.40938956038873e-09,0.00153208014670029
7,1296,1680,5.27568529882945e-05,-0.000771372865196566
7,1297,1680,-1.23552172728176e-09,0.00117378740525392
7,1846,1680,2.44386909318477e-07,0.00553856674613097
7,1631,1687,2.78946102622141e-06,-0.000147572036247084
7,1261,1691,-2.72767868867565e-08,0.00372770603348493
7,1417,1691,-5.04945043909209e-06,0.0186454379532579
7,1525,1691,-5.14846026855107e-08,0.00344181199040821
7,1637,1691,1.24974250846919e-06,0.0110531157093228
7,581,1693,-0.00109784673070607,0.00216622517773172
7,1499,1693,-0.0023075416729191,0.00452235217335013
7,1699,1693,-0.00034134826055195,0.000490613556017956
7,1735,1696,2.60203065103674e-13,-1.74539904162891e-05
7,1297,1699,-1.22951626388898e-09,0.000832617011480708
7,1693,1699,-1.57114854894311e-08,0.00277698792178142
7,1570,1702,-0.000305044398009796,0.00349561216630608
7,1724,1702,0.00157246088461378,0.00478552957909354
7,1720,1705,1.4745499205841e-05,0.0130736343257688
7,1740,1705,0.000772216986388167,0.00261022952251051
7,1865,1705,-2.06790394947158e-07,0.0184166152576471
7,1562,1709,0.000173355967112066,0.00460248249264703
7,1843,1709,-0.000392853026757756,0.00611361177434188
7,1862,1709,1.67096555198733e-06,0.00405147507926361
7,1611,1713,3.88058233634356e-09,0.00145812665054679
7,1790,1713,0.000534736268450934,0.000922214404360002
7,1721,1715,2.15293878065102e-06,0.00472338197527611
7,1724,1715,1.49470807183771e-07,0.00289027555133996
7,1855,1715,-9.68831202544353e-09,0.00152316357548387
7,1637,1720,-2.06037494684498e-06,0.0104255105626307
7,1705,1720,4.12916151191872e-06,0.0138895916125163
7,1826,1720,0.000189326283554118,0.000653591789947516
7,1715,1721,-2.15293878065102e-06,0.00472338197527611
7,1702,1724,-0.00157246088461378,0.00478552957909354
7,1715,1724,-1.49470807183771e-07,0.00289027555133996
7,1739,1724,-0.000546870029046937,-0.00152823413993812
7,1857,1727,-1.90707414320209e-06,-0.00421531736112289
7,1823,1733,1.59595761018501e-07,0.00514811829520881
7,1837,1734,-8.18478132358922e-11,0.000638877991031115
7,1696,1735,-2.60203065103674e-13,-1.74539904162891e-05
7,1848,1736,-0.000357653090917759,-0.0070751518209598
7,1861,1736,-1.78996479762484e-05,0.0104737890056112
7,1724,1739,0.000546870029046937,-0.00152823413993812
7,1858,1739,-0.000916919652289333,-0.0052110357739285
7,1705,1740,1.98526676588542e-06,0.00229736171014081
7,1845,1740,-0.000776461627987252,0.00210668922714187
7,1813,1744,3.47867929808074e-05,0.000101277880298618
7,1860,1749,0.00582324963899961,0.00353912417096538
7,1865,1749,8.22607157535613e-07,0.0070771311455634
7,1868,1749,0.00138996643864762,0.00815858723863531
7,1862,1756,2.29235962570737e-06,0.00813285592659294
7,1866,1756,-5.58985516464219e-06,0.00907249701865933
7,1760,1758,-1.67234412755219e-05,0.0141874449842453
7,1765,1758,1.67234412755219e-05,0.0141874449842453
7,1758,1760,1.67234412755219e-05,0.0141874449842453
7,1758,1765,-1.67234412755219e-05,0.0141874449842453
7,1846,1765,-4.26991862950556e-07,0.00605910955285856
7,167,1773,-7.22262618121196e-09,0.000489559313448793
7,895,1773,8.23707996463418e-10,0.00241929127293597
7,362,1774,2.57303737096913e-10,0.000777376185918058
7,1020,1776,-7.13920442315681e-12,0.000548911287016512
7,1538,1778,-2.53991213923781e-11,0.000155889811311192
7,1395,1779,-7.12622251500462e-05,5.67474423063577e-05
7,1544,1779,-5.18419022010554e-11,-0.000499893674340662
7,914,1781,9.97374474389123e-09,0.00167408539629813
7,938,1781,2.42353398105958e-11,0.000486372300886101
7,1377,1781,-5.90990441900316e-05,0.0011795429682724
7,1567,1786,-1.85416883185939e-10,0.000556188556117188
7,286,1787,1.29051249509991e-10,-8.80921479333829e-05
7,1370,1787,0.000261578532331941,0.00102654852641199
7,1272,1789,6.45846243639093e-06,-3.36248918345152e-05
7,1558,1789,5.20413633686009e-06,-9.53325822469229e-05
7,1713,1790,-0.000363505870571906,0.000409912951217362
7,1818,1790,-3.93265910312893e-05,0.00080595246871051
7,1222,1791,-5.0397013697313e-09,0.00159024661548778
7,1370,1791,-0.000261578532331941,0.00102654852641199
7,1523,1792,7.25797798473801e-10,-0.00123712319112861
7,1538,1795,-3.27751781060107e-10,0.000477465215177587
7,1452,1796,0.000117302685103264,-0.00173967979124793
7,1590,1796,0.000751682790874782,-0.000731676314975515
7,484,1798,1.58190643250057e-10,0.000829117096236397
7,887,1798,-0.000262188289172205,0.000650336377380862
7,1392,1798,1.64236081500293e-11,0.000357541368438426
7,1314,1800,2.31069417291204e-07,0.00272953109570386
7,1823,1800,2.42677174418325e-07,0.00280655497322244
7,1477,1802,1.49149013515647e-10,0.00023440261915999
7,914,1807,4.25753948253834e-09,0.00210767900739314
7,1823,1807,2.26227884779609e-07,0.00177026755147637
7,1655,1808,-9.01220319245037e-06,0.000318097878875445
7,1279,1809,-0.000246275116891604,0.000572801410516875
7,1595,1809,6.57359892159444e-10,-0.00050849960094019
7,1166,1810,1.47399038703019e-10,0.000333148182976206
7,1406,1810,2.77292277749193e-09,0.000796623411697877
7,1744,1813,3.34549171479934e-10,0.000712971931615542
7,1826,1813,-0.000189326283554118,0.000653591789947516
7,1662,1814,0.00237869556491716,0.0118327451068608
7,1847,1814,-2.40474389153611e-07,0.00977491361695698
7,1553,1816,5.89594451178066e-10,0.00119599365193092
7,1678,1816,4.40346427948443e-09,0.00271709156780447
7,1572,1817,-4.10983956817566e-11,0.000527300181584614
7,1632,1817,-9.65195184540795e-07,0.0157173620669531
7,1643,1817,6.51335941481169e-06,0.0155938110726656
7,1632,1818,-2.42475802900016e-06,0.00020291122478681
7,1790,1818,-0.000534736268450934,0.000922214404360002
7,1855,1820,-1.8653552495137e-08,0.000752347445848326
7,1733,1823,1.80453040744581e-07,0.00579234960143713
7,1800,1823,-0.00139181634878801,0.00220391762443133
7,1807,1823,-3.69074792824548e-05,0.000695435475843713
7,1562,1824,-0.000173355967112066,0.00460248249264703
7,1600,1824,-0.00017436301629716,0.00111933448516872
7,1611,1824,7.20945874340145e-08,0.00360182620450505
7,1720,1826,4.36243820603457e-06,0.00410212815815596
7,1813,1826,-3.47867929808074e-05,0.000101277880298618
7,1391,1828,-0.000199122411064415,0.000310814489750498
7,1182,1831,8.38689388230936e-05,-0.00240718063814234
7,1355,1831,-2.01890686591257e-05,0.000524013971027949
7,1509,1831,-0.000907204438428598,-0.00517405891061776
7,1602,1833,7.19933065368346e-10,-0.000558632532475152
7,1734,1837,8.18478132358922e-11,0.000638877991031115
7,1632,1843,-2.38216675012763e-06,0.00416624297297081
7,1709,1843,6.30073643270635e-08,0.00462857156760116
7,1297,1845,-5.00560721452403e-10,0.00228559878605914
7,1740,1845,-0.000772216986388167,0.00261022952251051
7,1628,1846,-8.34817221608745e-05,0.00101803252323685
7,1680,1846,2.21523264448608e-09,0.00191882401815439
7,1765,1846,4.26991862950556e-07,0.00605910955285856
7,867,1847,-2.61492995040129e-05,0.00478518375188733
7,1529,1847,1.90827481359107e-07,0.00587055463077248
7,1814,1847,-0.0043221641285163,0.0118091582489457
7,1736,1848,0.000357653090917759,-0.0070751518209598
7,1856,1848,-0.000225197336680782,-0.00601682081423014
7,1193,1849,6.85662526432489e-05,-0.00117013138299299
7,1222,1849,5.87243631702986e-09,0.00139304575280471
7,1866,1852,-7.689781664154e-06,0.0179887147644596
7,1509,1853,0.000907204438428598,-0.00517405891061776
7,1634,1854,2.83624722890147e-08,-0.000915482452245391
7,1306,1855,-1.11877179125162e-05,0.00106603909689301
7,1715,1855,9.68831202544353e-09,0.00152316357548387
7,1820,1855,-2.2253475099534e-09,0.000410696153825991
7,1848,1856,0.000225197336680782,-0.00601682081423014
7,1859,1856,1.58175865208428e-06,0.0067683719944624
7,1727,1857,1.90707414320209e-06,-0.00421531736112289
7,1739,1858,0.000916919652289333,-0.0052110357739285
7,1859,1858,8.14330848159748e-07,0.00518122248049803
7,1678,1859,-7.40938956038873e-09,0.00153208014670029
7,1856,1859,-1.58175865208428e-06,0.0067683719944624
7,1858,1859,-8.14330848159748e-07,0.00518122248049803
7,1749,1860,-0.00582324963899961,0.00353912417096538
7,1865,1860,9.42418870936195e-07,0.00649284327901907
7,1736,1861,1.78996479762484e-05,0.0104737890056112
7,1709,1862,-3.86504934351785e-08,0.00712114393887269
7,1756,1862,-2.29235962570737e-06,0.00813285592659294
7,1867,1862,1.72336057472417e-06,0.0126076619254361
7,1705,1865,-2.79368937315249e-06,0.0165940906983847
7,1749,1865,-8.22607157535613e-07,0.0070771311455634
7,1860,1865,-9.42418870936195e-07,0.00649284327901907
7,1632,1866,-1.50605847507422e-06,0.0173347972751875
7,1756,1866,5.58985516464219e-06,0.00907249701865933
7,1852,1866,7.689781664154e-06,0.0179887147644596
7,1662,1867,-0.00237869556491716,0.0118327451068608
7,1862,1867,-1.72336057472417e-06,0.0126076619254361
7,1868,1867,-0.00138996643864762,0.00815858723863531
7,1749,1868,-0.00138996643864762,0.00815858723863531
7,1867,1868,0.00138996643864762,0.00815858723863531
