6,55,6,-9.07578842900533e-11,0.000704827600064414
6,131,7,1.10143064790597e-11,0.000746107213581904
6,692,7,-1.38514065579096e-09,0.00031728140500335
6,868,9,1.80135899652906e-05,0.000730355305086436
6,68,15,-7.6433428814306e-08,0.000941163969322436
6,487,15,6.50849482052563e-08,0.00607657295196014
6,97,16,1.15768960615075e-07,0.000622331569456527
6,93,17,8.0233208820954e-08,1.01445458089963e-06
6,88,18,0.000502529095402909,0.00349365455388921
6,230,18,-2.60049151581517e-08,0.0011444443869742
6,1416,18,4.96030062147951e-09,0.00118485865964883
6,76,20,5.04338827378299e-05,0.000107026231712773
6,352,21,-3.9668878766724e-11,0.0004349515553056
6,300,23,3.99593359996203e-05,0.000524871743083134
6,259,24,2.30866525438132e-05,0.000636095430521937
6,841,26,0.000808316930649406,0.00178513129647951
6,723,27,0.000186499653716218,0.000445784373273825
6,886,27,2.27437121584567e-11,0.000166638528930266
6,641,31,0.00110052375833113,0.00139762661727778
6,133,34,6.11323759592812e-05,0.000547618176364735
6,763,34,1.49218079376874e-08,0.0004909314517857
6,935,35,-1.43440250087562e-08,0.00187859992751005
6,1094,35,-9.05322506859586e-07,0.00301083392349833
6,109,37,0.00072586148497087,0.00142064902696972
6,480,37,-1.33027162430766e-06,0.000461447730655516
6,837,37,-9.66248042900885e-11,0.000785005640203659
6,1008,37,0.000185995519046929,0.0016609837329398
6,435,39,3.35899129126962e-08,0.000639563854179573
6,856,47,-3.2581385567079e-07,0.00245165888967551
6,752,50,2.40428130781077e-10,0.00058880586799235
6,394,51,1.0167252620326e-11,0.000401993199425734
6,1153,51,-1.5019752480954e-10,0.000298379750051743
6,488,52,0.000166453015003148,0.000695682467448949
6,68,53,-2.51285483483521e-08,0.00353132001203484
6,981,53,-3.85892556123364e-07,0.00920843580959109
6,6,55,-4.09017582322531e-12,0.000420065760593734
6,594,59,0.000178674782818554,0.00513145457306169
6,1145,65,3.5936441688876e-09,0.000761429186342443
6,840,66,-9.50400391348609e-10,0.000682738064745491
6,15,68,8.34101741230572e-05,0.00139916331370725
6,53,68,0.002314036300023,0.0061414472360346
6,1271,68,-3.56950380373938e-07,0.00563716156339499
6,960,69,-1.88360198839267e-08,0.00485079315025923
6,1025,69,-7.79099252797227e-08,0.00503466399582334
6,584,73,4.44247383230416e-05,0.000124281588092808
6,20,76,-5.44607636135923e-12,0.000315395491885509
6,523,76,0.000264126455857929,0.000295790873766767
6,757,77,0.00200238384256538,0.0065404808754725
6,593,80,7.79250436269381e-09,0.00183087472799696
6,1187,80,-2.00301690891954e-08,0.00160421484026158
6,595,81,-1.90115702057854e-08,0.000956437903762767
6,1247,81,-7.69092937064419e-08,0.00181526991191988
6,1263,81,7.30629987835506e-07,0.00759249594146363
6,1274,84,-1.41563571565685e-06,0.00593263106688441
6,1454,84,-3.57555524014785e-07,0.00763156017814661
6,1462,84,2.84111405703737e-06,0.0121156646569453
6,936,87,5.4754379496692e-10,0.000471632690244923
6,1436,87,-8.19247510334662e-08,0.00265524859542626
6,18,88,-2.39128908229258e-08,0.00282645928927568
6,947,88,-1.85346710667252e-09,0.00542115457348593
6,352,93,2.55102963365504e-11,0.000245500872638004
6,203,94,4.86155736497811e-08,0.00839015127467082
6,16,97,-1.72093440849971e-11,0.000308540053989701
6,530,97,0.00155467182966406,0.00570630726609223
6,1006,97,-1.98175998379866e-08,0.00469741310061015
6,203,99,1.56743187655868e-08,0.00343057983795461
6,468,99,-6.88638236050743e-09,0.00131637593820318
6,393,100,3.5770261755569e-11,0.000359669212648705
6,412,100,1.56541072682751e-08,0.00105038040556348
6,728,102,2.23332363384349e-05,0.000164211096134503
6,520,104,-1.28278635052685e-12,0.000436640879327938
6,544,104,4.27888921100861e-05,0.000283022765294696
6,324,106,1.96785601645828e-05,0.00312971027794462
6,395,106,-6.63828315082351e-09,0.00304647358245042
6,1322,106,5.15916367588767e-05,0.000669268772855839
6,283,107,-5.86156931255068e-07,0.00729908092617519
6,595,107,-1.23154410267695e-08,0.00276118368200545
6,37,109,-2.16426027435865e-10,0.00112836475250091
6,1410,109,0.00072586148497087,0.00142064902696972
6,209,112,0.000264515781055899,0.000435912320012969
6,230,112,-9.73900112380194e-09,0.00108672713788952
6,245,112,8.12596338025837e-10,0.000469758163469377
6,152,114,-2.44644129379442e-08,0.00559440075730527
6,562,115,6.91285800561378e-07,0.0078700956890762
6,1058,115,2.36778130170791e-09,0.000438641701101724
6,1652,115,0.000261195423884425,0.00292002954328984
6,172,118,-2.42790360987127e-10,0.00244972430424901
6,420,118,0.000655089275453817,0.00181297429136346
6,7,131,1.17879139898756e-05,0.00057118151029434
6,323,132,0.0014843575426861,0.00300401311789717
6,1362,132,0.000483374221075159,0.00222033813379663
6,408,133,7.74074083453838e-11,0.000625249987468494
6,544,134,-4.27888921100861e-05,0.000283022765294696
6,163,138,5.49115828113354e-09,0.00188072826337514
6,540,138,2.2335073376856e-05,0.000169056076757365
6,576,138,-1.04743816851535e-08,0.000542879483716621
6,408,139,4.34563521635371e-10,0.000681315028414365
6,841,140,-0.000808316930649406,0.00178513129647951
6,563,141,8.37110854362724e-05,0.000427325630063976
6,740,142,0.000260381610776529,0.00194953810019243
6,1145,142,2.00344883992594e-09,0.00087577955397672
6,357,146,2.35370799704628e-05,0.00231994892812426
6,711,146,0.000754317151202298,0.00510297869154065
6,935,150,4.54619946394202e-08,0.00116782540554783
6,859,151,1.87435071020077e-10,0.000419361616356142
6,1112,151,0.000239277467496281,0.00123394015135947
6,114,152,0.000245896081331102,0.00541876513450402
6,1108,152,0.000120511833487272,0.000377458226845328
6,233,155,7.07867371321537e-10,0.001553736050459
6,325,155,1.3033384813256e-07,0.00339237662937833
6,420,155,-0.000655089275453817,0.00181297429136346
6,1118,157,-3.21271004719707e-09,0.00016466996852642
6,327,158,-6.73736530153694e-07,0.0130046728522996
6,356,158,0.000766477176040731,0.0112233704236264
6,874,158,0.000237964118442453,0.0015555330303614
6,601,161,-2.38078571211717e-10,7.32181060052357e-05
6,138,163,-3.2480218909574e-10,0.000226590544634079
6,711,163,-0.000754317151202298,0.00510297869154065
6,732,163,0.00038451695989666,0.00103746562167439
6,1093,163,1.97697653583745e-08,0.000461021200273796
6,1503,166,0.000125504258463773,0.00028477491467334
6,689,168,1.85030769036933e-11,0.000394130226928298
6,118,172,0.000564814737672605,0.00245354852182125
6,505,172,0.000254543689024591,0.00060293759372286
6,629,172,-6.99086978456642e-08,0.00159399954622596
6,928,174,0.000417740612927801,0.000804095695131568
6,644,185,3.74199812589888e-12,0.0004626791903342
6,916,185,-4.13184535028809e-09,0.000861295603459674
6,352,189,-1.83781804970392e-11,0.000394024106181167
6,425,190,2.07168425935964e-13,0.000264188160185834
6,1404,193,-8.489847445144e-07,0.00870161850942456
6,634,199,-4.55501569465614e-10,0.00115349973794288
6,657,199,8.23564228720443e-09,0.000704005206944735
6,800,200,1.33395950373751e-10,0.00066410579176944
6,290,201,0.00075754407077647,0.00276342435363835
6,94,203,-4.86155736497811e-08,0.00839015127467082
6,99,203,0.000275540648986549,0.00385811179787005
6,265,203,-1.11565779896279e-07,0.00189130936562753
6,255,204,1.24958981203168e-05,4.79038153740912e-05
6,855,204,1.6364687880455e-05,0.00054881012474148
6,608,207,1.9772110734037e-10,0.000366205778010423
6,461,208,0.000104878822616592,0.00150934723368133
6,803,208,-1.0916874237061e-10,5.1099329723712e-05
6,1168,208,5.84068899566121e-09,0.00128424394454741
6,112,209,-9.3847729733186e-10,0.000706184781962059
6,811,209,7.7815911661132e-10,0.000779941628748416
6,862,211,0.000158679733612733,0.000711961045583403
6,1254,214,2.52315042867062e-05,0.000339382568597459
6,588,215,2.6382360547818e-05,0.000149016858962344
6,1501,215,-6.73493959817312e-08,0.00558212678631784
6,1196,216,3.60100608486241e-11,0.000973608446271232
6,1467,217,7.39757054733261e-11,0.00020493788595779
6,586,223,-1.45423441317678e-11,0.000338722947630695
6,985,223,-3.62348786095745e-10,0.000520132143969386
6,962,227,1.7024665320107e-05,0.000255764300852342
6,18,230,-4.32663950720306e-08,0.00128219833162788
6,112,230,-4.15441813877856e-12,0.000799114520645191
6,389,230,0.00107278835458187,0.00121092101733127
6,155,233,-9.66630698485274e-09,0.00218717858211277
6,321,235,-2.98910507059581e-12,0.000463750455214582
6,837,235,5.39888541055317e-11,0.00034890923014996
6,1338,235,-1.04375708448079e-09,0.000480574980319549
6,557,236,0.000304629554378708,0.00173819791873283
6,708,236,0.000533991974443938,0.0037575117421728
6,1028,238,4.12914287901333e-05,0.000619090686646836
6,9,240,1.88212404952464e-08,0.000409411090853453
6,489,241,-1.09791553151809e-08,0.00083464336686863
6,112,245,-8.7629057998186e-10,0.000138387595688463
6,399,245,0.000327852491907684,0.000531940722623728
6,1187,245,-1.0278860957966e-08,0.0018078425640845
6,624,246,2.16513595376904e-11,0.000124554577217465
6,573,248,2.50109093130671e-08,0.00167907803277942
6,988,248,-1.53531494594943e-08,0.00436548499510844
6,1202,248,5.29939044521009e-05,0.000550085892317928
6,419,252,-6.12167476481817e-09,0.00156156359562742
6,717,252,0.00132705838985287,0.00233771244002354
6,868,254,-1.80135899652906e-05,0.000730355305086436
6,794,255,1.24958981203168e-05,4.79038153740912e-05
6,504,256,1.22623833964496e-08,0.00137430243765468
6,928,256,-0.000417740612927801,0.000804095695131568
6,352,259,3.73173833373152e-11,0.000294650802330699
6,203,265,1.11565779896279e-07,0.00189130936562753
6,270,265,-4.13550761810213e-06,0.0139432084607379
6,1058,268,3.93784662328777e-09,0.00101595166892304
6,1223,268,4.71256985012693e-10,0.000720320807334597
6,1501,268,-7.61538223526158e-08,0.000738667805071122
6,265,270,4.13550761810213e-06,0.0139432084607379
6,558,272,0.000931383186113513,0.00147158261312035
6,487,273,-3.29787517834119e-08,0.0045577878291192
6,521,273,0.000446084654084492,0.00446214517995744
6,567,273,2.99952824098454e-09,0.0024929834376977
6,666,274,7.31475588436699e-05,0.000139450738305142
6,806,274,0.000255842433813491,0.000489189484580123
6,294,275,6.9019231667015e-08,0.0028466971654752
6,583,275,0.000320014019623573,0.00403404679137485
6,469,278,3.3867892803146e-07,1.15733137130359e-05
6,1616,278,8.35519708541257e-05,0.000417014381562755
6,107,283,0.000232422561826923,0.00712741136748308
6,469,283,3.31512127715318e-07,0.000883888232216272
6,1192,283,3.20859164005634e-06,0.0171435779665431
6,1263,283,1.45558116788077e-06,0.00901632477635932
6,760,285,-2.51071942315004e-06,0.00315823876739439
6,1050,285,0.00439308533663403,0.0189358674362149
6,1127,285,-6.13104442541807e-07,0.0129267057706969
6,1476,285,-1.76643572855081e-10,0.000934442920743203
6,1100,286,3.02412286501004e-05,0.000551821800244969
6,719,287,0.00184701394942107,0.00698539716265296
6,1317,287,-7.33863309173574e-09,0.00171725702215082
6,415,288,4.20418480927079e-05,0.000140099931633035
6,762,288,0.00059030161179337,0.000806897846964632
6,201,290,-0.00075754407077647,0.00276342435363835
6,763,290,4.49848669568387e-09,0.000710595147007018
6,819,291,-2.2184647036626e-08,0.0040715447207263
6,275,294,0.000320014019623573,0.00403404679137485
6,372,294,0.00138803860975408,0.00624420331127931
6,832,294,6.77445346218515e-05,0.000300623546337481
6,585,295,9.83624337278787e-11,0.000886787076087664
6,835,295,-3.27554954688487e-11,0.000818631675774021
6,386,297,2.98895341515402e-06,0.000116165893609329
6,759,300,3.01342727944071e-05,0.000823339191696606
6,585,301,-3.51750041213883e-10,0.000919298804210095
6,824,301,0.000361877103624362,0.00103029338381481
6,615,302,2.62780486365795e-10,0.000450452600823108
6,803,302,1.28407273302911e-08,0.000399049787126489
6,401,306,-2.23999132364474e-08,0.000275340951409648
6,1070,306,4.5068674304757e-09,0.00145502473178564
6,665,307,-7.01996163276008e-11,0.000281068330048658
6,687,309,-7.32467784455598e-11,0.00041002408013416
6,1157,309,4.27224251591993e-11,6.94538280060425e-05
6,940,312,1.12277305985847e-08,0.00226571601912598
6,1144,312,-9.52283992030173e-07,0.011699965505702
6,1519,312,-2.590150957128e-07,0.00141089739294412
6,1583,312,-2.55307867877345e-07,0.00782781327581106
6,571,315,5.73532107835049e-05,0.000363012084582954
6,1320,315,8.12349187455995e-11,0.000579052912818289
6,1494,315,2.26319033070871e-10,0.000181097659040462
6,584,316,-4.44247383230416e-05,0.000124281588092808
6,955,320,0.000262658382609022,0.000621751765040415
6,1413,320,0.000480622300282623,0.000767296316903978
6,235,321,-3.49703405114172e-10,0.00073230278316022
6,604,321,2.14498500724411e-09,0.000452595149310726
6,1503,321,-0.000125504258463773,0.00028477491467334
6,450,322,5.99776273820458e-08,0.00326152917281284
6,601,322,-1.52792871316127e-10,0.000315866328685977
6,1131,322,-1.28989737819026e-08,0.00699265112970938
6,132,323,0.000529023969311024,0.000910670683717739
6,935,323,3.88292620071806e-08,0.00121847151075109
6,106,324,2.00090390490342e-08,0.00604595059025763
6,708,324,-0.000533991974443938,0.0037575117421728
6,155,325,2.8455683478811e-09,0.00407044469608473
6,800,325,2.60279537944824e-10,0.000421934094972817
6,802,325,-1.99729018261053e-10,0.00482501979628851
6,158,327,-2.16132888382563e-06,0.0136933091971031
6,700,327,0.0021878490222063,0.00548178864222474
6,1089,327,0.000682401150855522,0.00751565203913164
6,563,331,-8.37110854362724e-05,0.000427325630063976
6,692,332,-2.58481934707256e-09,0.000817972936431132
6,449,333,2.85362782933394e-11,0.000580046780132041
6,1316,338,-8.32931681099621e-08,0.000478992068592919
6,1414,338,-3.39448601415436e-07,0.00435927969521679
6,604,339,1.08417288954212e-09,0.000871440362298776
6,905,339,4.2280431945567e-05,0.000261026460684921
6,1534,341,6.22253873154621e-05,7.7691331919521e-05
6,523,342,-0.000264126455857929,0.000295790873766767
6,1075,343,-5.07895524611895e-09,0.00102371178365456
6,634,346,-1.15555978318526e-10,0.000527078256670856
6,719,350,-0.00184701394942107,0.00698539716265296
6,757,350,-0.00200238384256538,0.0065404808754725
6,21,352,3.9668878766724e-11,0.0004349515553056
6,93,352,-8.0233208820954e-08,1.01445458089963e-06
6,259,352,-2.30866525438132e-05,0.000636095430521937
6,361,352,2.76852958674948e-10,0.000559401330995195
6,1093,354,4.49340270607227e-08,0.00236738006605097
6,1004,355,0.000738132805181627,0.000830986689030167
6,1020,355,5.1927149980386e-06,0.0109097417560922
6,1389,355,-7.24224572127188e-08,0.00239427495989157
6,158,356,2.91139368276446e-06,0.00984980006101526
6,1265,356,1.00218296369601e-06,0.00874954411847628
6,146,357,0.000502491836802229,0.00309757273376089
6,982,357,0.000644997728472462,0.00531042187864142
6,548,358,0.00029917857969084,0.000994903541759632
6,352,361,4.26550879907677e-11,0.000234097510054256
6,576,361,-5.7251753507791e-09,0.00239931502024466
6,746,361,2.59666810675705e-05,0.000546929548466703
6,1256,362,4.05620565131947e-11,0.00108505271243925
6,1395,362,0.000273791998489851,0.00296285923629846
6,1652,362,-0.000261195423884425,0.00292002954328984
6,489,364,5.4954842474231e-09,0.00159444560675102
6,474,368,0.00127527618152493,0.0160195425708099
6,953,368,1.0803618785821e-05,0.00994642597818344
6,1246,368,1.17496663324738e-07,0.00290858192796174
6,1415,369,-5.09044776634476e-10,5.36450100110474e-05
6,684,370,0.000844016833092381,0.00260072246407634
6,722,370,0.000203026995497111,0.00199694379865737
6,294,372,-7.94417620636338e-08,0.00704273990736063
6,709,372,0.000114354978749246,0.00563705863388716
6,467,376,7.55933463755117e-05,0.000168239216085903
6,729,379,-4.48046871130877e-12,9.64976660218942e-05
6,972,381,0.00215645123563161,0.00483710102132412
6,412,383,2.60752546955449e-08,0.000913681715850986
6,1338,383,-2.04149282628811e-09,0.000969412737975606
6,452,384,0.000472505487708644,0.000787926465754111
6,431,385,-2.21461673588242e-10,0.000798823024253379
6,582,385,1.36366944972731e-07,0.00369311643951896
6,1410,385,-1.82170912145086e-08,0.00354480576053324
6,404,386,-3.48488213922919e-09,0.00173763509622005
6,230,389,-8.15654975403842e-09,0.00151921382995941
6,963,389,0.00107278835458187,0.00121092101733127
6,100,393,0.000231228743634611,0.000377640602285715
6,51,394,0.00012247187974598,0.000547057352153209
6,106,395,-8.61729547624021e-08,0.0031663285456407
6,1580,395,0.000210378750664219,0.000882096370516824
6,1420,398,6.05962408457724e-08,0.000617116427676073
6,245,399,-2.18558874040754e-10,0.00054419025668058
6,468,399,8.17488988165344e-09,0.000977959098454698
6,306,401,0.000521820268700802,0.00105965621092877
6,700,401,-0.0021878490222063,0.00548178864222474
6,1313,401,7.75715049370073e-05,0.00142537822978546
6,854,402,-1.15844745627708e-07,0.0106468958838616
6,1017,402,1.8458058687639e-07,0.0073273359313091
6,1247,402,6.84315186752589e-07,0.0118547861808308
6,386,404,-2.98895341515402e-06,0.000116165893609329
6,419,404,1.20076864865585e-08,0.0010864924476518
6,526,404,3.87720436904882e-09,0.0004344016593066
6,133,408,-6.11323759592812e-05,0.000547618176364735
6,139,408,-4.34563521635371e-10,0.000681315028414365
6,749,408,9.67112836558386e-05,0.00013914935838631
6,1199,409,-1.10311204001603e-10,2.92538932589687e-05
6,1430,409,3.0446350908124e-05,0.000611220533482623
6,607,411,1.43010530099562e-10,0.00124666500682274
6,1013,411,-6.6409612275611e-08,0.00161859505864156
6,1260,411,1.18813426687228e-07,0.0037743504523643
6,100,412,-0.000231228743634611,0.000377640602285715
6,383,412,0.000442424178651141,0.00256651982313293
6,833,412,-4.02544770713211e-10,0.00268981909714162
6,414,413,-3.39206645657217e-10,0.000247965172708583
6,672,413,0.000258181964592247,0.00105818887573573
6,413,414,3.56282595070593e-05,0.00109061735146601
6,1027,414,6.91980147723266e-05,0.000320415766854223
6,1108,414,-0.000120511833487272,0.000377458226845328
6,288,415,0.00059030161179337,0.000806897846964632
6,1038,415,4.20418480927079e-05,0.000140099931633035
6,884,417,-1.03576600313497e-09,0.00151728528682614
6,1196,417,-1.48525357252553e-08,0.00303002194708571
6,404,419,1.13797779693105e-11,0.0045090031383265
6,829,419,2.68467125495776e-05,0.000411327449994004
6,118,420,-0.000564814737672605,0.00245354852182125
6,155,420,-8.01362590995067e-09,0.00121175629500546
6,190,425,-2.07168425935964e-13,0.000264188160185834
6,929,427,0.000392123760164428,0.000632015087397095
6,747,428,0.00110553470657977,0.00347776152035697
6,922,428,-6.84602628188739e-08,0.000935620185932056
6,751,429,-2.56241624610493e-08,0.00347222777243709
6,979,429,9.76272860079789e-07,0.00324386323393211
6,1094,429,1.04207960240948e-07,0.00740000340579009
6,947,430,4.22757394429083e-09,0.00193233846216521
6,1058,430,1.05791963900771e-09,0.000855283680297285
6,385,431,-1.14332333112798e-07,0.000393974798161925
6,307,434,0.000454868015174047,0.000256563111186238
6,537,435,0.00145117338762743,0.00286243878561393
6,594,436,-0.000178674782818554,0.00513145457306169
6,1338,436,-1.56730642170732e-09,0.000482715040475775
6,439,437,3.83403026209399e-10,0.000887597692204506
6,1013,437,-6.79590474994125e-08,0.00407876821915263
6,1411,437,-3.9397048073103e-12,0.00126798122138134
6,437,439,3.19420466031765e-08,0.00350076480159761
6,607,439,4.75357655331519e-10,0.000768347610159192
6,1519,439,-3.73722560446935e-07,0.00643239940315095
6,1307,442,2.16994456841768e-12,0.000332579024361041
6,955,443,-0.000262658382609022,0.000621751765040415
6,916,444,-4.3986019539177e-09,0.000820801578573141
6,870,447,2.02509004826236e-11,0.000332779823682878
6,333,449,-2.85362782933394e-11,0.000580046780132041
6,322,450,-1.08602993650934e-07,0.00901010890824404
6,748,450,1.59114202278798e-08,0.000405869022920812
6,884,450,-6.96674129195555e-10,0.00170709989607946
6,1146,451,0.000177833649643934,0.000593550184896744
6,384,452,6.75389723250528e-13,0.000127792153802611
6,840,452,9.34581176888615e-10,0.00124940259186369
6,775,453,4.47785347750569e-13,0.000156830703581677
6,1469,453,0.000129063923243331,0.000734073843714289
6,346,454,0.000122847867817213,0.000415804370380138
6,769,454,2.56460559615129e-05,0.00142779862631221
6,567,456,-6.37839948600473e-09,0.000106885831339687
6,1416,456,3.75184047730016e-09,0.00812794243879742
6,1436,459,-1.70611609353589e-07,0.0104636996000633
6,208,461,-1.2832346896896e-09,0.00160129450846019
6,1277,464,-3.24364127128631e-14,1.19039961433299e-05
6,758,465,7.61826721090171e-12,0.000696624764284247
6,747,466,-0.00110553470657977,0.00347776152035697
6,861,466,-2.33586450966931e-09,0.00128044119158592
6,1015,466,-1.2116825279486e-11,0.000335421115069213
6,376,467,-1.23962553160018e-13,0.000158800027759658
6,1317,467,1.79080355158413e-09,0.00102193489766224
6,99,468,-0.000275540648986549,0.00385811179787005
6,399,468,-0.000327852491907684,0.000531940722623728
6,593,468,-3.28145133512712e-08,0.00243726398347992
6,278,469,8.35519708541257e-05,0.000417014381562755
6,283,469,-2.2646995652393e-07,0.000146804772164002
6,1192,469,4.79413288733226e-07,0.00837960045039049
6,1263,469,2.20899470217116e-06,0.0113490684796008
6,480,473,-1.36301722691531e-07,0.00885575377058577
6,856,473,-1.22493372526273e-06,0.00930128885845245
6,368,474,-2.88029066873002e-06,0.0165062151479675
6,1025,474,3.95212584145547e-07,0.0150029790289533
6,37,480,-5.57757835811697e-10,0.00072980874479366
6,473,480,0.00242966747500524,0.00310563960902656
6,1410,480,1.16173071939142e-06,0.00911896600065504
6,9,481,9.15978497080097e-09,0.00289220709122441
6,1006,482,4.22576875020786e-08,0.0057395936692545
6,1420,482,8.40446081141849e-08,0.00622425527081639
6,15,487,-8.34101741230572e-05,0.00139916331370725
6,273,487,-1.1965057834847e-08,0.00275803000827691
6,1245,487,9.10336770313631e-08,0.00166926492061997
6,585,488,-2.16413250053127e-10,0.000210266934853419
6,241,489,1.12222801972533e-07,0.000172591688142558
6,364,489,0.000969758650473491,0.00281932555295541
6,537,489,-0.00145117338762743,0.00286243878561393
6,538,491,-1.26785840442233e-10,0.000451175945439953
6,724,491,9.57422517202446e-08,0.00244614370846191
6,936,492,1.54734754677996e-09,0.000339029391474755
6,1575,497,0.000390517795833337,0.00172038637291991
6,497,499,3.19049374437168e-09,0.000385385502887433
6,1071,500,0.000203736061294763,0.000875262728226185
6,542,502,-7.82199467291586e-11,0.000595090296610576
6,1202,502,-5.29939044521009e-05,0.000550085892317928
6,881,503,8.97855293293566e-05,0.000488734242097257
6,256,504,0.000208959468761589,0.00390470529476885
6,1274,504,-9.15664045837348e-07,0.00877940820269042
6,1454,504,-8.50953878538259e-08,0.00120143913868727
6,1483,504,9.87780926939766e-05,0.00560718830228856
6,172,505,-7.38153266829345e-09,0.000986714431000807
6,688,505,-1.69133926885484e-10,0.000518223180501233
6,1300,506,7.36489757546734e-05,0.000741292767317939
6,1643,506,1.67672954285227e-07,0.00117508886081065
6,732,510,-0.00038451695989666,0.00103746562167439
6,888,513,3.29010947540998e-07,0.00777934714257815
6,1239,513,1.99959822863994e-07,0.0032176888306929
6,1400,513,-1.47029367828131e-09,0.00313720562606922
6,1463,513,-7.94568354035466e-07,0.00560635047375246
6,786,518,2.78298406956563e-07,0.00605182735407338
6,1234,518,0.000327790349456218,0.000823495703160823
6,924,519,0.000110076712147811,0.000597141894058497
6,104,520,7.1889296179739e-05,0.000615671009760797
6,273,521,-3.93755799729259e-08,0.002964902731263
6,1271,521,-5.60281627846538e-07,0.00662130889783827
6,31,522,-1.64297639390264e-09,0.00157533583201991
6,943,522,0.000240352386770623,0.000744972906444188
6,76,523,-5.04338827378299e-05,0.000107026231712773
6,342,523,0.000264126455857929,0.000295790873766767
6,526,524,2.35896783854818e-09,0.000547638596966492
6,1075,524,6.45777523915301e-10,0.00121114317981345
6,404,526,-2.50868657146364e-09,0.00105317535774095
6,524,526,3.24167540954638e-05,0.000395869314313659
6,750,528,0.000520177732853703,0.00118971715682252
6,1091,528,1.25614999656394e-11,0.000968225565726089
6,97,530,6.96240425903152e-08,0.0037204115495956
6,1008,530,-0.000185995519046929,0.0016609837329398
6,678,534,1.4337036317229e-08,0.00127545460691848
6,864,534,9.80383776469875e-05,0.0013174424373665
6,241,535,-1.12222801972533e-07,0.000172591688142558
6,692,535,1.84166608657035e-09,0.000688251707931318
6,435,537,1.89565367402265e-08,0.00369185708627656
6,489,537,-9.22553485849302e-09,0.00104559609269017
6,491,538,9.52121331858101e-05,0.000237273426293338
6,138,540,-8.50326083310496e-12,0.000403123952184142
6,1098,540,3.36347021205656e-05,0.00051087690114285
6,502,542,7.11236318188919e-10,0.000472369505244709
6,104,544,-7.1889296179739e-05,0.000615671009760797
6,134,544,3.52090156842779e-15,7.33536372011665e-05
6,1363,545,-6.34905011557633e-07,0.0100670433452357
6,1610,545,5.99417760229706e-08,0.00857470731707175
6,358,548,-1.66618275042405e-08,0.00213836547480848
6,837,548,4.21632784541219e-10,0.0012765884610333
6,550,549,2.58698264317687e-10,0.000466062360182844
6,549,550,1.59679840999925e-11,0.000821465854089896
6,1064,553,1.5622598078365e-08,0.000723224268007583
6,236,557,6.25647545568081e-05,0.00309695328228048
6,913,557,-3.51306633612849e-08,0.00193516121699076
6,115,562,-3.24919546031738e-07,0.00726911590750838
6,811,562,-1.12518378867491e-09,0.00459951663566462
6,947,562,7.98412406015209e-09,0.00177440325906643
6,141,563,-8.37110854362724e-05,0.000427325630063976
6,68,564,-5.28576095305879e-08,0.0036000175209285
6,69,564,-3.2918710596569e-08,0.00426734555618078
6,1317,566,-4.82786345920969e-09,0.000881869279473594
6,273,567,-4.10842695075403e-08,0.00150323362931139
6,456,567,0.000302846923525025,0.00565295847822786
6,921,567,5.68358208808048e-05,0.000773039993002983
6,874,570,-0.000237964118442453,0.0015555330303614
6,989,570,0.000267172131973212,0.00296800602866309
6,1588,570,-1.11556845882283e-07,0.0100767895313984
6,315,571,-1.01548176519892e-09,0.00121287674750827
6,792,571,0.000157842415692274,0.0045064643617906
6,248,573,4.33397281704194e-08,0.00213325729322174
6,1198,573,9.91363460097036e-05,0.000181388655924732
6,1323,573,0.00161469448632659,0.00616199435815474
6,872,575,5.28428873967556e-12,0.000486249398238149
6,1340,575,9.17445391513084e-12,0.000539882893676224
6,138,576,-4.73013590031764e-10,0.000191430261770575
6,361,576,1.79616980835241e-10,8.32822661342358e-05
6,769,576,-2.56460559615129e-05,0.00142779862631221
6,1093,576,-2.38154094167706e-08,0.00261434475833636
6,895,578,1.70590124267906e-08,0.00305137254865037
6,951,578,0.00107480981132998,0.00177980036541832
6,1629,578,-3.64712620609148e-08,0.00426920007321314
6,1176,581,-1.42454563308909e-06,0.00818084708526575
6,1297,581,0.000238857992665774,0.00133404977345892
6,385,582,-1.36366944972731e-07,0.00369311643951896
6,275,583,-0.000320014019623573,0.00403404679137485
6,316,584,1.40096706259679e-05,0.000578235579451244
6,301,585,8.08233847171727e-05,0.000988091235761044
6,488,585,-0.000166453015003148,0.000695682467448949
6,223,586,0.000162940908734351,0.000214475086779576
6,846,587,0.00103043146626214,0.00620750824266169
6,936,587,5.54552474443408e-10,0.000653769302472384
6,996,587,1.09636813987435e-06,0.00809672066964781
6,215,588,0.000289712162890771,0.000596473665415277
6,921,588,-5.68358208808048e-05,0.000773039993002983
6,468,593,1.09894811385158e-08,0.00274171827176143
6,722,593,-0.000203026995497111,0.00199694379865737
6,59,594,0.00215928948144384,0.0065913274619367
6,436,594,0.000191905185270735,0.00302095262002921
6,81,595,-1.34243926100737e-07,0.000967654758644199
6,107,595,-0.000232422561826923,0.00712741136748308
6,808,595,0.000302118856895543,0.000924250672382545
6,904,595,-1.96351811053038e-10,0.00350111949199636
6,1494,595,3.99584940717719e-10,0.000420031763439737
6,1009,599,0.00266368245579068,0.0154804577336974
6,1368,599,1.33251173458535e-06,0.0117206495198102
6,1610,599,1.84397917792858e-07,0.0149670908645877
6,1629,600,-1.5885187230243e-07,0.00358190304649894
6,1643,600,3.4778472041248e-07,0.00468742240399387
6,322,601,1.01398233294891e-07,0.00298316938482713
6,1080,601,-9.969774254532e-09,0.00102435248343644
6,46,602,-1.48891717454584e-08,0.00145059556320806
6,321,604,-3.12196517453504e-11,0.000513965562698918
6,339,604,8.39237011684227e-05,0.000505614245081495
6,837,604,-2.74341691659807e-10,0.00108134988449427
6,1112,605,-0.000239277467496281,0.00123394015135947
6,216,606,1.41758975641391e-05,0.00139172743459828
6,401,606,-2.77015172760964e-08,0.000417794310372367
6,411,607,1.02991037376913e-09,0.0011247147380719
6,439,607,3.91866099413712e-10,0.000495396937912732
6,1144,607,-5.17274777824788e-08,0.0109528015821829
6,207,608,0.00032713879794052,0.000898976729462733
6,1023,610,6.06962741362264e-09,0.00231181242584074
6,1166,612,3.11367514016541e-09,0.000622912771035135
6,1004,613,-0.000738132805181627,0.000830986689030167
6,1323,613,-0.00161469448632659,0.00616199435815474
6,1389,613,-1.24995595561639e-09,0.00226324633789049
6,621,615,0.00038976142246947,0.000692974318693114
6,688,615,2.2753467494192e-11,0.000978971644636813
6,316,617,-1.40096706259679e-05,0.000578235579451244
6,672,620,-0.000258181964592247,0.00105818887573573
6,1029,620,0.000107953867090979,0.000463047013712834
6,615,621,-1.09611422409569e-11,0.000894238333522917
6,629,621,-1.76414399997455e-08,0.00241990381434755
6,826,622,1.17663616552971e-11,0.000395037703658155
6,1372,622,9.49356573667585e-05,0.000310742566652688
6,918,623,-9.81271306883258e-14,0.00030716120112277
6,246,624,-4.28838831962787e-11,0.00039506807240539
6,723,624,-0.000186499653716218,0.000445784373273825
6,729,624,-4.34597440035525e-11,0.000348845123678078
6,940,625,-6.30599327629062e-09,0.00153209674605842
6,1179,625,7.56273497369772e-07,0.0189888526692641
6,1247,625,-2.14549086071609e-06,0.0176710313976594
6,1519,625,-1.19877422421293e-06,0.0250576522720853
6,650,627,0.000309972346891264,0.00367559391012135
6,713,627,4.81981373563051e-05,0.000319108885143493
6,1315,627,1.06580844827742e-06,0.00378890377961254
6,172,629,-1.01409438174671e-08,0.00140388243311017
6,621,629,-0.00038976142246947,0.000692974318693114
6,929,629,-0.000392123760164428,0.000632015087397095
6,461,631,-0.000104878822616592,0.00150934723368133
6,1142,631,1.38426645234036e-08,0.00173220053243421
6,199,634,0.000224389808777566,0.000276827335115791
6,346,634,-0.000122847867817213,0.000415804370380138
6,688,634,-1.79251187871635e-10,0.000456867380056805
6,1098,634,-3.36347021205656e-05,0.00051087690114285
6,558,640,-0.000931383186113513,0.00147158261312035
6,31,641,1.76255061735856e-09,0.00123797416518037
6,995,641,0.000482028481887938,0.000925122320021018
6,678,645,1.69022065174994e-08,0.000869882425711514
6,1444,645,0.000446495170868232,0.000802772390915564
6,1534,645,-6.22253873154621e-05,7.7691331919521e-05
6,615,649,-1.09545713599872e-10,0.000786283161036509
6,627,650,-7.65872605133719e-09,0.00352552679088793
6,1037,650,3.19632760676544e-09,0.00216189387894316
6,1335,656,1.05335457831945e-09,0.000733756836108906
6,1642,656,2.07177243954802e-08,0.00127081420220183
6,199,657,-0.000224389808777566,0.000276827335115791
6,803,657,-3.41823288482526e-07,0.00684441595754648
6,982,657,-0.000644997728472462,0.00531042187864142
6,435,661,1.45879567122562e-08,0.00161636732827341
6,763,661,1.70419570344699e-08,0.00019313238010733
6,746,663,-2.59666810675705e-05,0.000546929548466703
6,307,665,-0.000454868015174047,0.000256563111186238
6,1484,666,3.84220707911625e-05,0.000500678051395302
6,800,667,1.30224982495019e-10,0.000814235295337183
6,819,667,2.19141958694339e-08,0.00312161353531285
6,878,671,-1.95498018932272e-07,0.000735995994174705
6,413,672,-3.56282595070593e-05,0.00109061735146601
6,620,672,6.30494279928123e-05,0.000806270843139646
6,534,678,0.000519054867690719,0.000763343650928559
6,645,678,2.02695486437337e-08,0.000702916313340842
6,1244,678,0.000240830312234167,0.00185801923123736
6,922,680,-6.34706974144673e-08,0.000731295760049553
6,370,684,0.00049343787466647,0.00326499466385946
6,1236,684,-1.4354688417164e-09,0.00154261540872417
6,309,687,0.00019723622037515,0.000418304854043159
6,1236,687,3.09596790045865e-10,0.000940738627672551
6,505,688,-0.000254543689024591,0.00060293759372286
6,615,688,9.58080745010746e-10,0.00184723413670261
6,634,688,-2.21066315387332e-10,0.000270862000699322
6,7,692,-1.17879139898756e-05,0.00057118151029434
6,964,693,2.54275711929188e-09,0.00104694675622569
6,703,694,6.94779913951985e-05,0.000194274353409132
6,881,694,-8.97855293293566e-05,0.000488734242097257
6,1335,696,4.86161333680972e-10,0.000271951523382235
6,1642,696,1.71996576274266e-08,0.000929731032852307
6,1146,698,-0.000177833649643934,0.000593550184896744
6,327,700,6.60517155628078e-07,0.00545146847588632
6,401,700,-4.35822735785054e-08,0.00204128970726849
6,694,703,2.31032427049602e-05,0.000355509137462004
6,913,703,-2.65944170909027e-09,0.00148671597826
6,236,708,-6.25647545568081e-05,0.00309695328228048
6,324,708,-1.96785601645828e-05,0.00312971027794462
6,372,709,-0.00138803860975408,0.00624420331127931
6,1142,709,-6.22869940883302e-09,0.00453204793970355
6,146,711,-0.000502491836802229,0.00309757273376089
6,163,711,7.46978587067879e-09,0.0026351554454745
6,627,713,8.28145378896818e-09,0.000507649137067386
6,1476,713,-1.17937358542926e-09,0.000377141683225304
6,740,717,-0.000260381610776529,0.00194953810019243
6,879,718,-2.88035420198903e-11,0.000731862011638102
6,1278,718,0.000215066708887838,0.000388619043553578
6,287,719,-0.00184701394942107,0.00698539716265296
6,350,719,0.00184701394942107,0.00698539716265296
6,370,722,-0.00049343787466647,0.00326499466385946
6,593,722,-1.64983269260824e-08,0.000727772741903036
6,624,723,2.09385854576984e-11,0.000412981075956354
6,491,724,-9.52121331858101e-05,0.000237273426293338
6,856,724,1.15305111058747e-06,0.0134702410371572
6,1423,724,0.00153385321550819,0.00954145489007039
6,102,728,-2.06926003973076e-10,0.00121035681577949
6,1070,728,-6.56394593351242e-10,0.00166308395965895
6,379,729,-1.19945878060386e-11,0.000418630966225057
6,624,729,8.59018440807368e-11,0.000254077040664217
6,1199,729,9.42603904535566e-12,0.000203785555874131
6,59,731,-0.00215928948144384,0.0065913274619367
6,114,731,-0.000245896081331102,0.00541876513450402
6,163,732,2.42758887424659e-09,0.00319883478026227
6,510,732,0.00038451695989666,0.00103746562167439
6,142,740,0.000123106393164537,0.00126794869038183
6,717,740,-0.00132705838985287,0.00233771244002354
6,1537,743,-4.15978005941976e-09,0.00231215162332636
6,1265,744,-8.11301442588058e-07,0.00952141516540653
6,361,746,-7.38775861347008e-11,0.000559347396893327
6,663,746,-1.43856655431251e-10,0.000418920483838381
6,466,747,1.15094889307823e-08,0.00370582169113387
6,450,748,1.94184293569383e-07,0.00256986727996153
6,789,748,-1.06849339770822e-07,0.00279870194742228
6,1362,748,-0.000483374221075159,0.00222033813379663
6,408,749,-1.79095505450558e-10,0.000367213789318763
6,862,749,-0.000158679733612733,0.000711961045583403
6,429,751,-4.26913664487057e-07,0.0055571709184491
6,787,751,3.80061468632983e-07,0.0127783475602316
6,979,751,1.47953278238797e-06,0.0056324046573604
6,1062,751,8.94302505232475e-09,0.00175340373918135
6,50,752,1.19753175188127e-09,0.000224154866535426
6,77,757,-0.00200238384256538,0.0065404808754725
6,350,757,0.00200238384256538,0.0065404808754725
6,465,758,-5.96729485987107e-12,0.000657024816024853
6,300,759,-3.99593359996203e-05,0.000524871743083134
6,1183,759,6.15711980790769e-06,0.000655401836019548
6,285,760,2.51071942315004e-06,0.00315823876739439
6,288,762,-0.00059030161179337,0.000806897846964632
6,290,763,-0.00075754407077647,0.00276342435363835
6,576,769,-9.8788123640057e-09,0.00192520390244548
6,1348,781,1.37577025345148e-07,0.00565190015262949
6,1448,781,-9.30904733575778e-08,0.00354847153461411
6,518,786,0.00126587622174651,0.0011010318561274
6,1462,786,-7.93374056856631e-07,0.0198205341421655
6,1610,786,-1.44842339683619e-09,0.017804313201876
6,751,787,1.40009555885377e-08,0.00628667651657277
6,1232,787,0.00194450543269261,0.00546702460820075
6,1454,787,-4.82366586607176e-08,0.00364266714587665
6,972,788,-0.00215645123563161,0.00483710102132412
6,748,789,2.19958201404277e-08,0.00119500943600353
6,884,789,-3.20602323128571e-09,0.00041609854072227
6,1363,789,-1.03633524112935e-07,0.00522466392947157
6,571,792,-5.73532107835049e-05,0.000363012084582954
6,960,792,-4.73422804258554e-08,0.000917403918003503
6,255,794,-1.24958981203168e-05,4.79038153740912e-05
6,1027,795,-6.91980147723266e-05,0.000320415766854223
6,1288,795,1.27806607521681e-10,0.000550927862140169
6,1321,797,1.64254801475011e-05,0.000205068589271918
6,325,800,1.28404706981075e-07,0.000861569733600372
6,325,802,1.99729018261053e-10,0.00482501979628851
6,208,803,-1.04654580354829e-09,0.000581369924568435
6,657,803,-1.61415735424127e-08,0.00375276552033206
6,1609,803,5.37226413027638e-07,0.00436222321416902
6,1322,804,-5.15916367588767e-05,0.000669268772855839
6,595,808,-1.71471209133803e-08,0.00142180832812023
6,1519,808,-2.50486878333131e-07,0.00212503579593607
6,1167,810,0.000196141742644036,0.000428964867669816
6,209,811,-0.000264515781055899,0.000435912320012969
6,562,811,-6.03600266570406e-07,0.00583928612477121
6,1187,811,-1.24725153048017e-08,0.00572587790760038
6,1400,814,7.26996982099137e-09,0.000809760863283796
6,1041,817,-3.5774740511386e-11,0.000338240117101534
6,291,819,2.2184647036626e-08,0.0040715447207263
6,1145,819,1.77041973899819e-09,0.000403099595418723
6,957,820,0.000228385582377331,0.000456294632352741
6,1585,820,0.00020891815280344,0.000396345187946334
6,1642,820,-4.4289715494353e-09,0.00348339341734269
6,301,824,-8.08233847171727e-05,0.000988091235761044
6,911,825,0.000158855702442967,0.000755515765530784
6,622,826,9.7420704052016e-06,0.000110048475026576
6,608,827,1.87167051296077e-10,0.000157694536861918
6,1150,828,1.00275847210861e-10,0.00066797292150375
6,419,829,1.09612731831224e-08,0.000621213246741522
6,1252,829,8.07232952453173e-05,0.000337586456168443
6,294,832,1.14489526544143e-07,0.00220631039660394
6,1084,832,-1.73021590040824e-09,0.00063324699655283
6,412,833,1.09497491547278e-08,0.00114403741231913
6,988,833,2.32445219761663e-08,0.00231712316165734
6,37,837,-1.24504983249442e-10,0.000934158376189821
6,235,837,-4.78271585426402e-10,0.000549077822445534
6,548,837,-0.00029917857969084,0.000994903541759632
6,604,837,5.3916927568252e-10,0.00169528681849713
6,452,840,-0.000472505487708644,0.000787926465754111
6,140,841,-7.2765463196245e-11,0.000117078616266882
6,572,843,1.10867909371231e-12,0.000142732797282932
6,587,846,-1.85468228212942e-09,0.00349439666991132
6,1239,846,1.74344748453187e-07,0.00540704335874833
6,207,847,-0.00032713879794052,0.000898976729462733
6,1102,847,0.000837736023362883,0.000876011383303803
6,402,854,-3.9885277349034e-07,0.0141168010641403
6,1127,854,-1.37813117306649e-07,0.00720883830897697
6,1536,854,-5.70013936545547e-08,0.00884488905215313
6,875,855,1.6364687880455e-05,0.00054881012474148
6,47,856,-1.76756821607472e-15,0.000279555760536519
6,473,856,-0.00242966747500524,0.00310563960902656
6,724,856,-7.98868619422301e-08,0.0137331496157396
6,466,861,1.39505546806529e-08,0.00181779160168856
6,1167,861,-0.000196141742644036,0.000428964867669816
6,1331,861,1.03676357480557e-08,0.00109080761518415
6,211,862,-0.000158679733612733,0.000711961045583403
6,749,862,-9.67112836558386e-05,0.00013914935838631
6,534,864,-0.000519054867690719,0.000763343650928559
6,1419,865,2.33656613517314e-07,0.00187026123590942
6,1632,865,1.09650303206795e-05,0.0149727272397093
6,1689,865,5.63528377729131e-07,0.00932906062625022
6,193,866,0.00191280424863266,0.00715731913616747
6,9,868,2.20907405883605e-08,0.00265500811795817
6,878,869,-1.95208724595816e-07,0.0026414903696859
6,1037,869,8.96527587450399e-10,0.00182247856802778
6,1414,869,-4.5348236361581e-07,0.00330538787736742
6,447,870,-1.0103418455929e-11,0.000279020591454008
6,575,872,3.5280356718657e-06,7.54298668452568e-06
6,158,874,1.2044303826383e-06,0.00349194962933487
6,570,874,-8.62690445159429e-08,0.0034611767744242
6,855,875,-1.6364687880455e-05,0.00054881012474148
6,671,878,3.54501535467668e-09,0.00231589351715217
6,869,878,-4.18672949143598e-10,0.00159126954518871
6,1414,878,-5.15445604642878e-07,0.00508368530659112
6,1422,878,7.04257228422966e-05,0.00511982845500699
6,718,879,0.000180349226270056,0.000554231516610421
6,1087,880,-2.32531707700924e-13,1.01207530724444e-06
6,503,881,1.86591600360541e-11,3.91714966759777e-05
6,694,881,-2.31032427049602e-05,0.000355509137462004
6,925,883,7.32009136009653e-11,0.000647131334771803
6,962,883,-1.7024665320107e-05,0.000255764300852342
6,450,884,-5.90477059612146e-08,0.003092839551546
6,789,884,2.47770388703367e-08,0.00259673987505057
6,1016,884,1.10566794236729e-08,0.00440228188768428
6,513,888,5.13928439997782e-09,0.00513470035421302
6,1330,888,0.000226227216140774,0.017934246217033
6,1446,888,-9.96398706172436e-07,0.0156270975778164
6,1303,889,-7.96919109593356e-12,8.03313955160124e-05
6,578,895,1.62783378233027e-15,0.00168392896265727
6,1196,895,-2.38548946513458e-09,0.00414322635535455
6,1377,895,0.000695013412658848,0.00436906371642165
6,595,904,-2.63733072301872e-08,0.00285184913007177
6,339,905,-8.39237011684227e-05,0.000505614245081495
6,1006,905,1.93982485409592e-09,0.00113267738323958
6,960,909,-1.67900970279016e-08,0.0033843961342615
6,1192,909,2.51925740754698e-06,0.0121648597976881
6,983,910,-0.00262557481849437,0.0204319787460778
6,1073,910,0.00228399159240473,0.0221324834036284
6,825,911,2.93132165598299e-10,0.00120242490256453
6,1114,911,0.000321660042759199,0.000605442039546131
6,557,913,-0.000304629554378708,0.00173819791873283
6,703,913,-6.94779913951985e-05,0.000194274353409132
6,1101,913,9.36027550515852e-05,0.00257091303321987
6,951,914,-0.00107480981132998,0.00177980036541832
6,1314,914,3.46193179892039e-05,7.50202273114859e-05
6,1504,914,-1.25641379345225e-07,0.00465233163885165
6,616,915,-1.3533871426194e-13,0.000162638103504381
6,444,916,-4.59124628652387e-12,0.00035137893666027
6,979,917,2.15395319086825e-06,0.0126091945418355
6,1454,917,1.34733117216735e-07,0.0117758904093612
6,623,918,-4.8513076192916e-10,0.00105758733313637
6,31,919,9.78387952434866e-10,0.000340006367718009
6,806,919,-0.000255842433813491,0.000489189484580123
6,567,921,-9.78170883502936e-09,0.00238563339102875
6,588,921,-2.6382360547818e-05,0.000149016858962344
6,680,922,-1.40818761110967e-11,0.000440280080577544
6,1387,922,-2.22126108873622e-08,0.00290852298011318
6,519,924,-3.0511674529374e-11,0.000746803947957486
6,1324,924,1.0530259077644e-13,0.000340186700181172
6,1039,926,2.98047559352957e-11,0.000251375356604293
6,1199,926,-1.23763088796755e-10,0.000223286392559293
6,256,928,-0.000208959468761589,0.00390470529476885
6,629,929,-5.31532354991532e-08,0.000797601004256991
6,936,930,1.02924316100738e-09,0.000925246176000617
6,996,930,-2.10809955702117e-06,0.00363591233683178
6,1404,930,-4.04167796172365e-07,0.00577230427694613
6,35,935,0.00143047190839544,0.00807859602994749
6,150,935,-1.31428820592729e-11,0.000323990864997789
6,323,935,-0.0014843575426861,0.00300401311789717
6,1132,935,-3.33129283204128e-08,0.000417571223547766
6,492,936,-9.45105079398922e-11,0.000880839040852779
6,587,936,1.26627600552227e-09,0.00111878064519058
6,930,936,-5.73490153429024e-09,0.000553660547108618
6,1497,938,-2.06417006147117e-08,0.00187995594844692
6,1500,938,7.40174031858053e-07,0.0044755285584411
6,1462,939,2.2545579997801e-06,0.00105152277137847
6,312,940,4.02850827632724e-07,0.00549172371951648
6,625,940,-4.42974168708845e-06,0.00533907654722616
6,1476,940,-1.22979562201318e-09,0.000623545119201213
6,1519,940,-8.35159021735977e-08,0.00340379762620116
6,1168,942,-9.86009705828764e-09,0.00103037735819704
6,1331,943,7.6724568704746e-09,0.00279688712270741
6,1524,945,3.27500948851288e-11,0.00019579369592417
6,88,947,-0.000502529095402909,0.00349365455388921
6,430,947,3.68986826954612e-05,0.00282212042336946
6,562,947,2.89809188729794e-07,0.00214186517138786
6,578,951,5.51634968511453e-09,0.004517932533826
6,914,951,9.28151697029543e-08,0.00165923866575853
6,368,953,5.6699563442069e-06,0.0140575693370195
6,1160,953,0.00313718477736133,0.0190252963788802
6,1246,953,-2.96794577041323e-07,0.0133183160876618
6,443,955,0.000262658382609022,0.000621751765040415
6,820,957,-7.56384345778102e-10,0.000860161749815315
6,1630,957,0.000228385582377331,0.000456294632352741
6,1183,958,-6.15711980790769e-06,0.000655401836019548
6,497,959,4.94637149898372e-10,0.000497297398255153
6,608,959,1.48538799362617e-10,0.000179259218343386
6,69,960,-2.91085344231395e-08,0.00610879246927761
6,792,960,-0.000157842415692274,0.0045064643617906
6,909,960,0.000233063534958565,0.00379847167676141
6,227,962,1.10430558052704e-11,0.000519050833239738
6,389,963,-0.00107278835458187,0.00121092101733127
6,1416,963,-5.81059211924201e-09,0.00545768279359412
6,693,964,-2.08536391949524e-11,0.000188937217402195
6,1168,964,-1.04368927652818e-08,0.000613734939222807
6,1548,964,9.01095413870119e-05,0.000577720505030595
6,1134,966,-1.20892657828391e-06,0.00822849886712932
6,1260,966,1.77585222191813e-07,0.00151936968775518
6,1376,966,1.93038134968583e-05,0.0185600630021845
6,1417,966,-9.9601752103165e-07,0.00624492321110659
6,1198,967,-9.91363460097036e-05,0.000181388655924732
6,381,972,-0.00215645123563161,0.00483710102132412
6,788,972,0.00215645123563161,0.00483710102132412
6,1088,976,-4.18049916974558e-12,0.000213049919808976
6,1238,976,0.000236833362016699,0.000442517437583307
6,429,979,7.8564616324548e-08,0.000422282633434075
6,751,979,-3.16295779887987e-08,0.00373858383823656
6,917,979,2.06674478155391e-05,0.0154136662986353
6,1099,979,1.39676645726871e-06,0.0182909435669047
6,53,981,-0.002314036300023,0.0061414472360346
6,357,982,-2.35370799704628e-05,0.00231994892812426
6,657,982,2.16384278518247e-08,0.00372627494792262
6,910,983,0.00262557481849437,0.0204319787460778
6,1131,984,-2.11625962757064e-07,0.00449480337118173
6,1196,984,-3.47678391421513e-09,0.00168296146536246
6,223,985,-0.000162940908734351,0.000214475086779576
6,1341,985,-1.91824440002134e-10,0.000558604114594588
6,1575,985,-0.000390517795833337,0.00172038637291991
6,248,988,4.87181721113325e-08,0.00441445734658998
6,833,988,6.81904816745503e-11,0.00121023771074987
6,1101,988,-9.36027550515852e-05,0.00257091303321987
6,570,989,-1.69768080300948e-07,0.00350382756982635
6,1080,989,1.20788189559392e-08,0.00248431200840621
6,1166,993,1.14202219292833e-08,0.000289328795658957
6,1395,993,-0.000273791998489851,0.00296285923629846
6,641,995,-0.00110052375833113,0.00139762661727778
6,1142,995,2.20389367876622e-08,0.00160235964505838
6,587,996,-5.10299830232649e-09,0.00230433612207391
6,930,996,-1.11081352678324e-10,0.00130237650091676
6,1316,996,-1.79742451063269e-06,0.0139624288674887
6,1414,996,5.65600946735081e-07,0.0121572472397698
6,355,1004,-5.32317497023476e-07,0.0024724850377261
6,613,1004,-2.37822563059951e-07,0.000833803330771152
6,97,1006,5.72676023895666e-08,0.00311122127180165
6,482,1006,0.000595076764273591,0.00757595114951876
6,905,1006,-4.2280431945567e-05,0.000261026460684921
6,1070,1006,-1.28137632724659e-09,0.000898961203536178
6,37,1008,4.32103685290404e-10,0.00233942795324658
6,530,1008,-0.00155467182966406,0.00570630726609223
6,599,1009,4.82939659783648e-07,0.0119846027059748
6,1572,1009,3.17384983652022e-06,0.013404561154428
6,411,1013,-1.0107786487775e-08,0.00143876302737727
6,437,1013,6.31723255551358e-09,0.00437289214302487
6,466,1015,3.34524362662189e-08,0.000694765951548037
6,1208,1015,0.000318964536185728,0.0004619396379977
6,1327,1015,1.15288366993106e-10,0.000492117076691793
6,1331,1015,1.23890148042644e-08,0.000554606027990491
6,884,1016,-5.49996765732854e-09,0.00198411915450353
6,1363,1016,1.03404130391528e-06,0.0085622616348593
6,1629,1016,-1.85499526696289e-07,0.00127160047719413
6,402,1017,6.22749417139149e-07,0.00879914091802131
6,1247,1017,1.00935379221725e-06,0.00794728772687705
6,1263,1017,-4.02122257157282e-07,0.0111837781319466
6,355,1020,-4.32639472020895e-08,0.00714556142519062
6,1036,1020,-1.65687040910669e-09,0.00198994850024379
6,1500,1020,1.33964193805771e-06,0.00858573723700819
6,364,1024,-0.000969758650473491,0.00281932555295541
6,1360,1024,-1.6365603837322e-09,0.00131789184295919
6,69,1025,-8.06555409264568e-08,0.00449858859531827
6,474,1025,-0.00127527618152493,0.0160195425708099
6,1271,1025,-8.85703748720781e-08,0.016039379373422
6,414,1027,-3.27583273217402e-10,0.000218264335910006
6,795,1027,8.07410217840221e-07,0.00020916809619466
6,238,1028,-4.88180604525262e-12,9.19952415160306e-05
6,1238,1028,-0.000236833362016699,0.000442517437583307
6,620,1029,-6.30494279928123e-05,0.000806270843139646
6,1133,1030,6.34677485348662e-08,0.000760796653892456
6,1537,1030,-1.12218430855165e-08,0.00184785793498596
6,1280,1032,2.78589913224226e-06,7.72876246588247e-05
6,1216,1034,-4.9275375940737e-12,0.000214637479131639
6,1020,1036,3.34537024426187e-06,0.00771942683482926
6,1389,1036,-4.01817744621989e-08,0.00164762056025885
6,1522,1036,9.99427030168635e-05,0.00117034912120737
6,650,1037,-0.000309972346891264,0.00367559391012135
6,869,1037,-6.64072783392883e-10,0.00171287248148366
6,1478,1037,-6.52546062371916e-07,0.0028371454483969
6,1583,1037,2.281698392057e-07,0.00444440556224585
6,415,1038,-4.20418480927079e-05,0.000140099931633035
6,926,1039,0.000282616584151439,0.000596942789024423
6,817,1041,-3.66180357452132e-10,0.000626422145577587
6,502,1047,-1.12358328520982e-10,0.00107661164333763
6,1389,1047,-1.53936456164225e-08,0.00265090801403544
6,285,1050,1.65803831945902e-06,0.0159746130224468
6,1315,1050,7.90613342778187e-06,0.0192599332396575
6,1333,1053,-4.06445682983613e-07,0.00527230675156439
6,1360,1055,-7.79797703051593e-09,0.000281193956274868
6,1700,1055,6.73396118223437e-05,0.000870614088448688
6,115,1058,-8.24422553103326e-08,0.00248530699999666
6,268,1058,-1.1157823587086e-09,0.00144596243095497
6,430,1058,-3.68986826954612e-05,0.00282212042336946
6,1256,1058,-1.06752525328765e-10,0.00111041549031591
6,1525,1059,8.78885774618936e-07,0.0125544290360424
6,1529,1059,-1.19295180843586e-07,0.0143778484591107
6,751,1062,-7.7993503878622e-09,0.00129157390569454
6,1094,1062,-1.14979441822049e-06,0.00567306209258512
6,1440,1062,0.000169243266067928,0.00171543673545321
6,1075,1064,1.90661388539249e-09,0.00139978444582729
6,1665,1064,0.000542493729677518,0.000963745285669447
6,306,1070,-0.000521820268700802,0.00105965621092877
6,728,1070,-2.23332363384349e-05,0.000164211096134503
6,1006,1070,8.62599050894872e-09,0.000479854635636525
6,500,1071,-4.22398790230344e-10,0.000971415643723768
6,1565,1071,0.000171424307253956,0.000648971122824228
6,910,1073,-0.00262557481849437,0.0204319787460778
6,1192,1073,-1.50865943890065e-07,0.0278957637417189
6,524,1075,-3.24167540954638e-05,0.000395869314313659
6,1064,1075,1.86401217365719e-08,0.0027578752098206
6,1159,1076,7.14005539681057e-05,0.00048672959950796
6,601,1080,-8.80138514891509e-11,0.000313912996350815
6,989,1080,-0.000267172131973212,0.00296800602866309
6,1131,1080,-1.57475613126172e-07,0.000933076420243782
6,832,1084,-6.77445346218515e-05,0.000300623546337481
6,1530,1086,1.67458245811644e-10,0.000464926622366428
6,327,1089,7.44636560367785e-07,0.0064173385804551
6,1131,1089,-1.04230462197954e-07,0.0045302601096004
6,1133,1091,4.29197993900865e-08,0.00152139935244661
6,1197,1091,0.000107014280181493,0.000173695096499073
6,163,1093,3.05637288407345e-09,0.00207345651673972
6,354,1093,-4.49340270607227e-08,0.00236738006605097
6,576,1093,-4.81503610944302e-09,0.00270945757919076
6,35,1094,-0.00143047190839544,0.00807859602994749
6,429,1094,5.0663947537108e-07,0.00608093074669029
6,1062,1094,-3.6345330265381e-09,0.00449960887584413
6,540,1098,-2.2335073376856e-05,0.000169056076757365
6,634,1098,3.54175053687116e-10,0.000389116721607748
6,979,1099,-1.39676645726871e-06,0.0182909435669047
6,286,1100,3.12784521387671e-10,0.000559422436587546
6,1283,1100,0.000511274757587613,0.00119307552391267
6,913,1101,8.59304039856764e-09,0.00505729953500505
6,988,1101,-5.10059058882013e-09,0.00286968545413546
6,1407,1102,0.000111378983251511,0.000988396895042335
6,1353,1105,0.00011632340400277,0.000552622050975552
6,1356,1105,6.74157323721576e-12,0.000647805712106108
6,152,1108,-3.04122189761042e-08,0.00281360772142623
6,414,1108,-6.03216725900454e-10,0.000177789806987715
6,1600,1109,-7.82996086237919e-08,0.00405503900992809
6,605,1112,0.000239277467496281,0.00123394015135947
6,911,1114,-0.000158855702442967,0.000755515765530784
6,1389,1114,-4.54187825747117e-08,0.000220950934662095
6,157,1118,8.57439559809332e-12,0.000243959019909376
6,1147,1118,-5.37244563044268e-13,4.81664778523669e-05
6,1126,1119,2.47699876392342e-10,0.00109731574576514
6,526,1124,3.78373849292319e-10,0.000703730281746856
6,1053,1124,0.000156789350508913,0.00049121402152488
6,1609,1125,-5.83153061759458e-07,0.00405938936294459
6,1671,1125,-2.82203482701936e-08,0.00281349924848839
6,1119,1126,-3.48988316907851e-11,0.000602896911253428
6,285,1127,7.26927008494797e-07,0.0141943772123614
6,854,1127,-5.72280461562689e-08,0.00215490426782485
6,1179,1127,1.69765281570289e-08,0.0184252592727562
6,1670,1127,-6.78869869675599e-07,0.00967431292847069
6,1371,1128,0.000198179545847699,0.00128251640148519
6,152,1129,-6.15705876390176e-08,0.00298687581815583
6,322,1131,9.48195755631491e-08,0.00659005344019189
6,984,1131,0.000285042863451731,0.00295132916665685
6,1080,1131,-5.65421284221862e-09,0.00113368586069158
6,1089,1131,-0.000682401150855522,0.00751565203913164
6,935,1132,3.33129283204128e-08,0.000417571223547766
6,1030,1133,1.09808521710123e-05,0.000157465005123025
6,1091,1133,-5.2062877781148e-10,0.000890818984687247
6,1593,1133,0.00023088115335943,0.00237401787913914
6,966,1134,-4.39972061289374e-06,0.0110625571392378
6,1417,1134,-9.16806325822479e-07,0.00307964940667849
6,1538,1134,5.42776320395096e-07,0.00957113544394052
6,709,1142,-0.000114354978749246,0.00563705863388716
6,995,1142,-0.000482028481887938,0.000925122320021018
6,312,1144,1.59277432250132e-07,0.0043826553099298
6,607,1144,5.19384336026506e-10,0.000333474482417185
6,1376,1144,-1.20356659745205e-05,0.0259855045876846
6,1519,1144,6.86194463322376e-07,0.028552324703141
6,65,1145,7.69685600423682e-11,0.000107270239810626
6,142,1145,-0.000123106393164537,0.00126794869038183
6,819,1145,-2.27764478671461e-08,0.00205805890034076
6,451,1146,-0.000177833649643934,0.000593550184896744
6,698,1146,0.000177833649643934,0.000593550184896744
6,1118,1147,-3.24025112119091e-09,0.00135674067349906
6,828,1150,5.0401753824199e-12,0.00029383192266587
6,51,1153,-0.00012247187974598,0.000547057352153209
6,1619,1154,6.03788725762557e-05,0.00131876361551698
6,309,1157,-0.00019723622037515,0.000418304854043159
6,1275,1159,8.41901523018719e-05,0.000509894186175976
6,953,1160,-1.89086459394368e-05,0.0244449844981532
6,1329,1160,4.36818555981873e-05,0.0261747395600394
6,1577,1166,-4.36953061193369e-09,0.00414794152548569
6,861,1167,-2.22333990532324e-09,0.000266064224429354
6,208,1168,-7.27023476777052e-11,0.00199589273759355
6,964,1168,1.60547103373369e-09,0.00117650653375434
6,1609,1168,4.19918544957712e-07,0.00129928683012608
6,1236,1171,-1.13876358077247e-09,6.81868172182032e-05
6,1499,1176,3.10729609616038e-05,0.0232721696998787
6,1693,1176,-1.17183108681488e-05,0.0222499337526764
6,625,1179,-7.16660474229785e-06,0.018130824469078
6,1127,1179,1.96795471449105e-07,0.0171330888479114
6,1247,1179,-2.460819029064e-07,0.00229151126807477
6,759,1183,-3.01342727944071e-05,0.000823339191696606
6,245,1187,-3.59673384841007e-10,0.00106053515263432
6,811,1187,1.16071544931586e-09,0.00346748981591885
6,283,1192,4.20941028396299e-07,0.00988223067001513
6,469,1192,-6.11848069285315e-07,0.00873846608320768
6,909,1192,-0.000233063534958565,0.00379847167676141
6,1073,1192,-0.00228399159240473,0.0221324834036284
6,1283,1193,-0.000511274757587613,0.00119307552391267
6,1452,1193,7.1785813444398e-08,0.0017670920722849
6,216,1196,-1.41758975641391e-05,0.00139172743459828
6,895,1196,-4.64542318511657e-08,0.00575670616302085
6,984,1196,-0.000285042863451731,0.00295132916665685
6,1091,1197,-3.85883520251653e-10,0.000187411655523071
6,573,1198,4.39367827899343e-10,0.00239970146717222
6,967,1198,1.54853145810766e-12,0.000480309114600344
6,409,1199,8.77422518584082e-05,0.0004183229666837
6,729,1199,-4.002919290216e-11,0.000422723617886244
6,926,1199,-0.000282616584151439,0.000596942789024423
6,750,1201,-0.000520177732853703,0.00118971715682252
6,1371,1201,-0.000198179545847699,0.00128251640148519
6,248,1202,8.71367856991362e-08,0.000845682266116651
6,502,1202,2.19842817529731e-10,0.000862804563424449
6,1333,1205,3.3497132897114e-07,0.000733900218859079
6,1015,1208,1.9862317981376e-10,0.000316830782573899
6,1552,1208,0.000187503188186938,0.000627199893027447
6,1671,1210,-4.17532269101051e-08,0.00235740123261033
6,1734,1210,1.39605712062127e-07,0.00195307633404986
6,1436,1221,1.8992416473544e-08,0.00501370302687739
6,1483,1221,-9.87780926939766e-05,0.00560718830228856
6,268,1223,1.62298445303585e-09,0.000807132434154809
6,1246,1223,1.00513568481195e-07,0.000617842101686803
6,1256,1223,3.73427684492554e-10,0.000678232804145103
6,1549,1224,8.22402135562026e-13,1.85197896449159e-05
6,1414,1228,-8.11328304865928e-07,0.0107330640689033
6,1463,1228,-2.68102903641265e-07,0.00832086429278406
6,787,1232,-2.94280338388384e-07,0.0082546322135392
6,1462,1232,2.43987635716096e-06,0.00651111509343604
6,518,1234,-0.00126587622174651,0.0011010318561274
6,1431,1234,0.000310910396259671,0.00105124035977387
6,684,1236,-0.000844016833092381,0.00260072246407634
6,687,1236,-2.80562536674258e-10,0.000580097390850899
6,1171,1236,-6.91400127619339e-09,0.000955534959710697
6,1028,1238,-4.12914287901333e-05,0.000619090686646836
6,513,1239,-2.85306061259814e-09,0.00366962392488915
6,846,1239,-0.00103043146626214,0.00620750824266169
6,1446,1239,3.49018868527626e-08,0.00718816309656769
6,678,1244,4.51745079526859e-09,0.00198546657523213
6,1537,1244,-1.44447229711136e-08,0.00344272344525304
6,487,1245,-9.10336770313631e-08,0.00166926492061997
6,368,1246,2.41829601878688e-06,0.00692938715163245
6,953,1246,7.90541279806494e-06,0.0158486227124668
6,1223,1246,1.51749065924343e-10,0.00116565704456325
6,1501,1246,-7.04471296276719e-09,0.0072482312323314
6,81,1247,-1.1462832711452e-07,0.00554937639923933
6,402,1247,4.5097700767463e-07,0.00470645112098329
6,625,1247,-6.7976060561309e-06,0.0102823406646249
6,1017,1247,1.43385028285212e-07,0.00395111251076634
6,1179,1247,7.23679005960869e-07,0.000674884782044111
6,829,1252,-2.68467125495776e-05,0.000411327449994004
6,1360,1252,-8.5774303928642e-09,0.000482057047886898
6,214,1254,-2.52315042867062e-05,0.000339382568597459
6,362,1256,-7.6243257945318e-09,0.000563701781822784
6,1058,1256,2.20018176754103e-09,0.00112451050240114
6,1223,1256,9.62079386037699e-10,0.000374327347008084
6,411,1260,9.23555830496496e-09,0.00315410885747257
6,966,1260,-3.65545002872175e-06,0.00155574752629826
6,1571,1260,2.86301819272853e-07,0.00712290497358659
6,1637,1261,-1.3468644257623e-06,0.00265558092845495
6,81,1263,-6.75085795990054e-08,0.00620585956173546
6,283,1263,-2.81948946480115e-07,0.00233389428257824
6,469,1263,9.57238923603101e-07,0.00910703683806304
6,1017,1263,-4.98364366500092e-08,0.0122620571975819
6,356,1265,-0.000766477176040731,0.0112233704236264
6,744,1265,8.11301442588058e-07,0.00952141516540653
6,1423,1265,-0.00153385321550819,0.00954145489007039
6,68,1271,-8.64538040234293e-08,0.00732133886934581
6,521,1271,-0.000446084654084492,0.00446214517995744
6,1025,1271,-6.58330031151386e-07,0.00923770370541081
6,1288,1273,6.8718218467544e-11,0.000570799927249293
6,84,1274,1.08003449840809e-06,0.00164496882221047
6,504,1274,1.07178268818826e-08,0.00401308650100685
6,1446,1274,9.37528286788217e-07,0.0140626695821282
6,1454,1274,2.87906288833348e-08,0.00585998987690677
6,1159,1275,-7.14005539681057e-05,0.00048672959950796
6,1418,1275,-1.00401913194581e-10,0.000609973440283312
6,464,1277,-2.10887144338052e-11,0.000250239294056904
6,718,1278,-0.000180349226270056,0.000554231516610421
6,1601,1278,0.000361030825735856,0.00077824622844873
6,1032,1280,-1.01108205745099e-11,0.000399034075445921
6,1372,1280,-9.49356573667585e-05,0.000310742566652688
6,368,1282,2.76503718292009e-06,0.000804776425656899
6,1100,1283,-3.02412286501004e-05,0.000551821800244969
6,1578,1285,-9.56354801455129e-07,0.00778366571986155
6,1733,1285,-1.80252208189848e-07,0.013946065391224
6,1747,1285,-7.65095160693847e-06,0.0270176626125074
6,1314,1287,-3.46193179892039e-05,7.50202273114859e-05
6,1643,1287,6.91469757939531e-08,0.00146471101275827
6,795,1288,-8.07410217840221e-07,0.00020916809619466
6,1273,1288,4.01387419649916e-11,0.00045540993830554
6,1520,1288,-3.89293685292355e-11,0.000395711210208201
6,1545,1291,4.82365904637089e-05,0.000520869452516867
6,1118,1295,2.89071064623528e-10,0.00135454321163356
6,1303,1295,-2.18144622339856e-11,0.000185208735994449
6,1594,1297,-1.28595852951908e-08,0.000763044073891763
6,1416,1299,3.25627589334425e-09,0.000506581540607201
6,506,1300,0.000378962644301227,0.0014478512691807
6,1610,1300,1.25450918147271e-07,0.00161908503954354
6,1577,1301,6.787967229133e-09,0.000362797065223951
6,889,1303,1.60417360310178e-11,0.000356654931370702
6,442,1307,4.92659456151932e-11,0.000671986716514363
6,401,1313,-4.73594288952825e-09,0.00155558900850759
6,1348,1313,7.27576193607554e-08,0.00352917217448122
6,914,1314,4.7617596825235e-09,0.00109386304653134
6,627,1315,1.62053171793836e-08,0.00399813339881199
6,1050,1315,-0.00439308533663403,0.0189358674362149
6,1404,1315,-1.1831112578056e-06,0.00627857790034429
6,338,1316,0.000103063501028138,0.000161956391421053
6,996,1316,-3.48577392728752e-06,0.00816656591669008
6,1404,1316,9.01205929068725e-07,0.0119123281759577
6,287,1317,7.33863309173574e-09,0.00171725702215082
6,467,1317,-7.55933463755117e-05,0.000168239216085903
6,566,1317,2.69838223120237e-12,0.000565532115689937
6,608,1319,-3.71469398404436e-11,0.000165273539854687
6,315,1320,3.07688071638429e-09,0.000991752415792746
6,1386,1320,0.000115537593306884,0.000799516103123598
6,1411,1320,6.75226511136884e-10,0.000645585162478312
6,1698,1321,9.38543596200632e-05,0.000201220777398897
6,106,1322,-5.22725645567442e-08,0.00173163247755492
6,804,1322,3.46879172052033e-10,0.000963343882782548
6,573,1323,3.71064480192549e-08,0.00201092024707027
6,613,1323,-3.71250901987921e-07,0.00712837372960841
6,924,1324,-0.000110076712147811,0.000597141894058497
6,1635,1325,4.77220442196572e-07,0.0042381279368105
6,1754,1325,0.000609841191961309,0.00596683104840142
6,922,1326,-2.5140355171221e-08,0.00279723796840929
6,1415,1326,-3.24220004660846e-10,0.000730512176299901
6,1015,1327,4.88864438298811e-10,0.000493383308099552
6,1160,1329,-0.00313718477736133,0.0190252963788802
6,1452,1329,8.46564468148271e-08,0.00166181967475072
6,1499,1329,-3.28268174092852e-05,0.0196435328143977
6,888,1330,-2.32430380858472e-06,0.0206192662143715
6,1368,1330,1.4234743305178e-07,0.0167331535986423
6,861,1331,4.23690004932281e-10,0.00116763887697727
6,943,1331,-0.000240352386770623,0.000744972906444188
6,1015,1331,4.30016756391733e-10,0.000280043441291888
6,1468,1332,1.24067788845937e-05,0.000285446623342433
6,1053,1333,-0.000156789350508913,0.00049121402152488
6,1205,1333,0.000592049656608383,0.000510567177639956
6,1567,1333,3.38503876552511e-05,0.00630041890564234
6,395,1334,-1.51427408165115e-09,0.00087471169543854
6,1621,1334,0.000196834811506584,0.000187895867138956
6,656,1335,0.00026561360720403,0.000552467863781888
6,696,1335,0.000363337992236362,0.000765207059238973
6,1580,1335,-0.000210378750664219,0.000882096370516824
6,1205,1337,-0.000592049656608383,0.000510567177639956
6,1360,1337,-4.22995919591163e-09,0.00193462727037344
6,235,1338,-1.34558600523822e-10,0.000886600767557261
6,383,1338,-0.000442424178651141,0.00256651982313293
6,436,1338,-0.000191905185270735,0.00302095262002921
6,575,1340,-3.5280356718657e-06,7.54298668452568e-06
6,985,1341,4.16836185321994e-10,0.000851367873917549
6,1705,1346,1.13469086345384e-06,0.00113729153032655
6,1706,1346,-4.04157907104765e-07,0.00532755224516775
6,781,1348,0.00376579171264294,0.00708599744381573
6,1313,1348,-7.75715049370073e-05,0.00142537822978546
6,1420,1348,-2.24792988892524e-08,0.00601834061237338
6,1522,1348,-9.99427030168635e-05,0.00117034912120737
6,1105,1353,0.00012214114686499,0.000591651752025315
6,1601,1353,-0.000361030825735856,0.00077824622844873
6,1105,1356,-0.00012214114686499,0.000591651752025315
6,1252,1360,-8.07232952453173e-05,0.000337586456168443
6,132,1362,-0.000529023969311024,0.000910670683717739
6,748,1362,3.65154315384526e-09,0.00105422829586158
6,545,1363,0.00229367795637232,0.0123048859880869
6,789,1363,-9.94254331175525e-08,0.00581513869656214
6,1016,1363,1.10167337040772e-07,0.00527843487379086
6,599,1368,1.674149168805e-06,0.0116985135514488
6,1330,1368,-0.000226227216140774,0.017934246217033
6,1527,1368,9.52805953636936e-10,0.00171019163829194
6,1611,1368,3.26681139474792e-06,0.00373974539852619
6,1713,1368,-1.38578696131216e-08,0.0127963206725437
6,712,1369,-2.18495206887523e-12,0.000349852037243633
6,1128,1371,-6.09658243496854e-10,0.00107324797010114
6,622,1372,-9.7420704052016e-06,0.000110048475026576
6,1280,1372,-2.78589913224226e-06,7.72876246588247e-05
6,1197,1373,-0.000107014280181493,0.000173695096499073
6,1444,1373,-0.000446495170868232,0.000802772390915564
6,1565,1375,-0.000171424307253956,0.000648971122824228
6,966,1376,3.98497101068772e-07,0.0203186855316386
6,1144,1376,-8.85556973181936e-07,0.0127098607946038
6,1478,1376,-6.32794166953537e-07,0.00163986880992995
6,895,1377,-1.12539422304631e-08,0.000888430428103756
6,1448,1377,-1.27297711395547e-08,0.00160255531419678
6,1548,1382,-9.01095413870119e-05,0.000577720505030595
6,1658,1382,0.000330203749684738,0.000910481842467493
6,362,1384,-1.63181537187922e-10,0.0011767892800711
6,1320,1386,-5.19856829639754e-10,0.00114302301916458
6,1499,1386,2.03044054457844e-06,0.00659150258241611
6,922,1387,-6.19443570206388e-08,0.00346498761002339
6,1508,1387,5.81660220787857e-08,0.00179600157158731
6,1528,1387,6.23630609108118e-08,0.000588754615208638
6,355,1389,-6.02184183749788e-07,0.00489333221791258
6,613,1389,1.21281838160766e-07,0.00620763859624035
6,1036,1389,4.33077441903755e-10,0.00155098094728207
6,1114,1389,-0.000321660042759199,0.000605442039546131
6,833,1390,2.71805711341301e-10,0.00135131638538834
6,1029,1390,-0.000107953867090979,0.000463047013712834
6,362,1395,-1.68287874461344e-09,0.000785398725014263
6,864,1399,-9.80383776469875e-05,0.0013174424373665
6,513,1400,3.27516234806918e-09,0.00241482561584929
6,814,1400,-4.33639494398448e-11,0.000211267103279673
6,1551,1400,-1.42881644730804e-07,0.000534517899056719
6,193,1404,-0.00191280424863266,0.00715731913616747
6,930,1404,-5.41027017633364e-09,0.000703601424383001
6,1315,1404,-7.07790242145128e-06,0.0161500134246144
6,1316,1404,1.76698910242746e-06,0.0142445883453206
6,1430,1406,-3.0446350908124e-05,0.000611220533482623
6,1102,1407,-0.000837736023362883,0.000876011383303803
6,1468,1407,-1.24067788845937e-05,0.000285446623342433
6,1660,1409,7.11386841359325e-09,0.00117577489641622
6,1665,1409,-0.000542493729677518,0.000963745285669447
6,1671,1409,-3.47993885072412e-08,0.000405840632903673
6,109,1410,-0.00072586148497087,0.00142064902696972
6,385,1410,1.82170912145086e-08,0.00354480576053324
6,480,1410,-1.16173071939142e-06,0.00911896600065504
6,437,1411,9.82986836375292e-09,0.00195806258211128
6,1320,1411,6.01511098866287e-10,0.000621534297673875
6,1494,1411,-6.33246768543725e-11,0.000536832704459117
6,338,1414,-0.000103063501028138,0.000161956391421053
6,869,1414,-7.34515940369699e-10,0.000585544051162153
6,878,1414,-1.7179526923617e-07,0.00179162340322568
6,996,1414,9.284808444627e-07,0.00806825366993341
6,1228,1414,0.00210312579419629,0.0104177297480311
6,369,1415,1.10690366889312e-10,0.00037373475350654
6,1521,1415,8.00207857615609e-05,0.00222406708710805
6,18,1416,-3.19763079285051e-08,0.00138051683494727
6,456,1416,-0.000302846923525025,0.00565295847822786
6,963,1416,5.81059211924201e-09,0.00545768279359412
6,1299,1416,-3.25627589334425e-09,0.000506581540607201
6,966,1417,-3.48699336986079e-06,0.00751131789058393
6,1134,1417,-5.78867913180495e-07,0.00345060049972277
6,1478,1417,-1.59120222467957e-07,0.00988282120482356
6,1691,1417,-5.20764433578851e-06,0.0209108943856425
6,1275,1418,-8.41901523018719e-05,0.000509894186175976
6,865,1419,-3.40851398077681e-06,0.0117811356676141
6,1572,1419,-1.33937368496511e-07,0.00799676135979691
6,1689,1419,1.47354425955513e-06,0.00554319101681592
6,1713,1419,9.56875453290689e-09,0.0128500841340617
6,398,1420,-4.07985986383247e-11,0.000552494511458738
6,482,1420,-0.000595076764273591,0.00757595114951876
6,1348,1420,-5.7966317039395e-08,0.00651003358476285
6,878,1422,-4.85789357490251e-08,0.00358560205720105
6,1525,1422,1.28796433608885e-06,0.00776695393720878
6,724,1423,2.02604362764366e-07,0.00536153210497843
6,1265,1423,6.48900354725575e-08,0.00249118013193638
6,409,1430,-8.77422518584082e-05,0.0004183229666837
6,1234,1431,-0.000327790349456218,0.000823495703160823
6,1440,1431,-0.000169243266067928,0.00171543673545321
6,916,1434,2.26485803529819e-09,0.00164180315697487
6,1413,1434,-0.000480622300282623,0.000767296316903978
6,459,1436,1.70611609353589e-07,0.0104636996000633
6,1221,1436,0.000527233388972484,0.00258613988847702
6,1558,1437,0.000515217386790521,0.00182496363747319
6,1062,1440,7.50401746766818e-09,0.00261102991378043
6,1431,1440,-0.000310910396259671,0.00105124035977387
6,1254,1443,-2.52315042867062e-05,0.000339382568597459
6,645,1444,1.55552098173633e-08,0.00153814658686852
6,888,1446,1.64160173037193e-06,0.0118973232809209
6,1239,1446,7.46983036108761e-08,0.00559571272544356
6,1274,1446,-4.09458225261423e-07,0.019812635143143
6,781,1448,-0.00376579171264294,0.00708599744381573
6,1377,1448,-0.000695013412658848,0.00436906371642165
6,1497,1448,9.06176978079932e-09,0.00291995923076379
6,1329,1452,-2.1278185752297e-05,0.00449114427888836
6,1590,1452,0.00115883686967866,0.00736618587355013
6,84,1454,1.28407381790042e-06,0.00825905051808636
6,504,1454,1.20869879814889e-08,0.00112157112826079
6,787,1454,1.1065479703569e-07,0.00445459381844956
6,917,1454,-2.06674478155391e-05,0.0154136662986353
6,1274,1454,-1.30557812329136e-06,0.00361307540130202
6,824,1456,-0.000361877103624362,0.00103029338381481
6,1687,1460,0.000214947387087168,0.000765210995230671
6,84,1462,-9.90667393195341e-08,0.0129917176234113
6,786,1462,-5.73307240486283e-06,0.020056992164777
6,939,1462,-7.85928995769028e-12,0.000803330481957503
6,1232,1462,-0.00194450543269261,0.00546702460820075
6,513,1463,-1.73059782814567e-09,0.00457670762843752
6,1228,1463,-0.00210312579419629,0.0104177297480311
6,1649,1463,0.0017362250163173,0.00547604412074557
6,1484,1466,-3.84220707911625e-05,0.000500678051395302
6,217,1467,-5.48443571043128e-11,0.000628655533885653
6,1332,1468,-3.17426742312066e-11,0.000398092807717431
6,1407,1468,-0.000111378983251511,0.000988396895042335
6,1621,1469,-0.000196834811506584,0.000187895867138956
6,1700,1471,-6.73396118223437e-05,0.000870614088448688
6,285,1476,2.51292087089756e-06,0.00310041215628691
6,713,1476,-4.81981373563051e-05,0.000319108885143493
6,940,1476,-5.85408008630513e-10,0.000750824883042268
6,1037,1478,-1.59265187299659e-09,0.00124251103510975
6,1376,1478,7.16311750535999e-06,0.00768689624770652
6,1417,1478,1.70102179403189e-06,0.0158561715770447
6,1583,1478,6.60203433264484e-08,0.00354947948815887
6,504,1483,-2.40398070960395e-09,0.00304590053468958
6,1221,1483,-0.000527233388972484,0.00258613988847702
6,666,1484,-7.31475588436699e-05,0.000139450738305142
6,1466,1484,-3.7347781369491e-10,0.000495240017301328
6,315,1494,3.16892854085866e-09,0.000303250689621319
6,595,1494,-1.32244336608513e-08,0.00239943175575385
6,1411,1494,5.65347393990444e-10,0.000484280483426557
6,938,1497,0.000708562144296695,0.00130284592178419
6,1448,1497,8.24938968913953e-08,0.00513487465203566
6,1504,1497,-6.82611976981984e-08,0.00174999827576523
6,1176,1499,7.8607023293662e-06,0.0277304550778055
6,1329,1499,-6.04487374218408e-05,0.0216351634576008
6,1386,1499,-0.000115537593306884,0.000799516103123598
6,938,1500,-0.000708562144296695,0.00130284592178419
6,1020,1500,-3.80034473937389e-06,0.016485611827868
6,1681,1500,-4.33312319555453e-08,0.0152336331598993
6,215,1501,-0.000289712162890771,0.000596473665415277
6,268,1501,1.46561746734465e-09,0.000490706991322974
6,1246,1501,3.5759838230671e-07,0.00690179290570653
6,321,1503,2.16868645185486e-11,0.000952367759486058
6,914,1504,1.51236656039351e-08,0.00193280767343038
6,1497,1504,-1.0773521849145e-08,0.00100238184988318
6,1578,1504,7.24376565465066e-07,0.00766259647522915
6,1210,1505,-1.13081064207768e-07,0.000823631654623194
6,1387,1508,-5.81660220787857e-08,0.00179600157158731
6,1558,1512,-0.000515217386790521,0.00182496363747319
6,1591,1512,0.00122345299045021,0.0035266670434793
6,1577,1515,6.58231089252942e-09,0.000660064347740985
6,312,1519,2.49169292725316e-07,0.00268111998390255
6,439,1519,3.8272858392158e-10,0.000596816570665977
6,625,1519,5.86235038678305e-06,0.0275206145849957
6,808,1519,-0.000302118856895543,0.000924250672382545
6,940,1519,3.16624252569891e-09,0.00105656341996705
6,1144,1519,-2.64099909005785e-07,0.016682952655587
6,1288,1520,4.47126248623642e-11,0.000433308659483404
6,1415,1521,-9.64653943392466e-10,0.000752278517783888
6,1593,1521,-0.00023088115335943,0.00237401787913914
6,1036,1522,2.77053545326526e-09,0.00113055093019997
6,1348,1522,6.88279174556365e-08,0.00133827615362802
6,945,1524,3.72635495331325e-10,0.000432552069158843
6,1059,1525,0.000412457864629091,0.0166729382533242
6,1422,1525,-7.04257228422966e-05,0.00511982845500699
6,1691,1525,-9.85463873439393e-07,0.00976556530211606
6,1562,1526,-3.10733670074552e-06,0.00117584351062728
6,1611,1526,2.52816230810446e-06,0.0115876107651135
6,1689,1526,2.41936663096062e-06,0.00731931352248368
6,1713,1526,-3.92603754768792e-09,0.00109513455599598
6,1368,1527,1.19550767002962e-06,0.000262261825518608
6,1387,1528,-6.23630609108118e-08,0.000588754615208638
6,1059,1529,-0.000412457864629091,0.0166729382533242
6,1551,1529,-5.12495735008357e-08,0.00397811901687869
6,1600,1529,3.16178750137458e-07,0.00703746179323299
6,1701,1529,1.14826160664271e-09,0.0110661017637353
6,1086,1530,-8.80043192531068e-12,0.000203936672269743
6,1562,1531,-3.56394795065627e-06,0.0122991324122262
6,1606,1531,-3.06860689333991e-07,0.000988935427150506
6,1654,1531,4.36584477670913e-06,0.0126823026109263
6,1662,1531,-3.78650472137677e-07,0.0227426885366791
6,341,1534,-1.57866584132688e-11,0.000348462330858968
6,645,1534,8.0287312023058e-09,0.00364165073661955
6,854,1536,5.70013936545547e-08,0.00884488905215313
6,1030,1537,-1.09808521710123e-05,0.000157465005123025
6,1244,1537,-0.000240830312234167,0.00185801923123736
6,1134,1538,7.32691982408536e-07,0.0141040613337749
6,1571,1538,3.09200538990154e-07,0.0109330611721013
6,1637,1538,-8.24007526969369e-06,0.0189184873113631
6,1607,1542,0.000105279215141383,0.00286917191446348
6,1587,1543,-1.4534960823692e-05,0.0294688957270379
6,1733,1543,-8.86479519153575e-08,0.0191337720950282
6,1762,1543,-1.41372084178075e-05,0.00320475185353719
6,533,1544,-1.51581767971793e-11,0.000791757696895612
6,687,1544,-6.68424924139601e-11,0.000510772377154375
6,1291,1545,-4.82365904637089e-05,0.000520869452516867
6,1585,1545,-0.00020891815280344,0.000396345187946334
6,1607,1546,-0.000105279215141383,0.00286917191446348
6,1654,1547,-1.62413209822644e-06,0.0198760146990733
6,1701,1547,4.29751354871927e-07,0.00270267386236976
6,1720,1547,-4.93937611134621e-05,0.0253591698947716
6,964,1548,2.99170611878386e-09,0.000435474940748363
6,1382,1548,0.000330203749684738,0.000910481842467493
6,1400,1551,1.52178697186477e-08,0.00170089485585333
6,1529,1551,3.98144640402821e-07,0.00324827251394361
6,1600,1551,1.19979591994149e-07,0.00483887568302509
6,1649,1551,-0.0017362250163173,0.00547604412074557
6,1208,1552,-0.000318964536185728,0.0004619396379977
6,1731,1552,0.000187503188186938,0.000627199893027447
6,1709,1554,-1.62387341924926e-06,0.00741351333311574
6,1756,1554,0.00204735504649742,0.00136170424206906
6,1512,1558,0.000300321570360408,0.00324197855617405
6,1572,1561,-1.04840969285715e-06,0.0166927820681579
6,1587,1561,3.01014551182362e-05,0.017545994734466
6,1643,1561,-2.88843606287897e-07,0.00673744784645905
6,1526,1562,4.65406900677694e-07,0.00204047310814367
6,1531,1562,2.3233965537018e-06,0.0174794792724527
6,1606,1562,-3.03396187984718e-07,0.000661843521405085
6,1709,1562,-1.40980427158932e-06,0.00452445043384235
6,1071,1565,-0.000203736061294763,0.000875262728226185
6,1333,1567,7.29668923583194e-07,0.00578568487070565
6,1602,1567,3.38503876552511e-05,0.00630041890564234
6,1260,1571,4.69226742437592e-08,0.00993497569728617
6,1538,1571,8.45721854729294e-07,0.00716153105246426
6,1699,1571,-1.50166009873568e-05,0.00919611141460597
6,1706,1571,2.87350009590499e-07,0.00708236024219082
6,1009,1572,-0.00266368245579068,0.0154804577336974
6,1419,1572,-6.32519063799401e-08,0.00791812420563762
6,1561,1572,-2.72685621292868e-05,0.0197677644825738
6,497,1575,1.80345407715139e-10,0.000565383721721089
6,985,1575,-7.42289827680156e-10,0.00142624787381245
6,1619,1576,-6.03788725762557e-05,0.00131876361551698
6,1698,1576,-9.38543596200632e-05,0.000201220777398897
6,1166,1577,4.57247834607226e-09,0.000617301035790243
6,1301,1577,6.32997851737141e-11,0.00041495519773599
6,1515,1577,-1.5828383622071e-10,0.000591064781171866
6,1655,1577,0.00153068636342418,0.00353025694393737
6,1285,1578,1.66601740297157e-06,0.013234322918389
6,1504,1578,1.81299587709763e-07,0.00637470816928579
6,1648,1578,-8.42952817225439e-12,0.000350234333058538
6,1681,1578,-5.5006877160106e-08,0.00761314445458484
6,395,1580,-2.22437316879218e-09,0.00125491602527998
6,1335,1580,-5.00947095907226e-10,0.000687484592620485
6,1478,1581,-5.78564288075995e-07,0.00157296367262408
6,312,1583,1.94111636329071e-08,0.0100436634985729
6,1037,1583,-5.56055229907041e-10,0.000987414163026408
6,1478,1583,-4.74816640471298e-07,0.00509534494776329
6,820,1585,-3.34172707347793e-10,0.000895631587356107
6,1545,1585,-4.82365904637089e-05,0.000520869452516867
6,1543,1587,1.44185691383769e-05,0.0254860920037678
6,1561,1587,4.33439841784638e-05,0.0186561222363164
6,1632,1587,-1.6805964233517e-05,0.0169080680033031
6,570,1588,1.11556845882283e-07,0.0100767895313984
6,1452,1590,4.72682486865946e-09,0.00613752480011875
6,1635,1590,-2.54811980902149e-07,0.00484035565685488
6,1512,1591,-0.000300321570360408,0.00324197855617405
6,1727,1591,0.00122345299045021,0.0035266670434793
6,1133,1593,4.21486213391384e-08,0.00201582039554054
6,1521,1593,-8.00207857615609e-05,0.00222406708710805
6,1297,1594,-0.000238857992665774,0.00133404977345892
6,1673,1594,0.00156618213260199,0.00640209352264299
6,1680,1594,4.22420244073139e-06,0.000232534427321
6,1704,1594,-1.44870238319598e-06,0.00111834482354055
6,1529,1600,5.49151666044959e-07,0.00595964946848927
6,1551,1600,1.7715232390629e-07,0.00580761691371729
6,1611,1600,-2.22059342817517e-06,0.00849227362922647
6,1278,1601,-0.000215066708887838,0.000388619043553578
6,1353,1601,-0.00011632340400277,0.000552622050975552
6,1567,1602,-3.38503876552511e-05,0.00630041890564234
6,1531,1606,-7.18542682702756e-07,0.00316970245688778
6,1562,1606,-2.93885987207315e-06,0.00191223482209401
6,1662,1606,4.00555328913685e-06,0.000627167003086894
6,1709,1606,-2.06011769094674e-06,0.00922768086545806
6,1546,1607,0.000105279215141383,0.00286917191446348
6,1392,1608,-8.11279856935657e-11,0.000213676847059064
6,803,1609,3.25317342364998e-07,0.00748042315286467
6,1168,1609,-5.48652668304916e-09,0.000410292379292458
6,545,1610,-0.00229367795637232,0.0123048859880869
6,599,1610,9.1959433867714e-07,0.016368583201074
6,786,1610,5.88989147283461e-06,0.0179376865525841
6,1300,1610,-7.36489757546734e-05,0.000741292767317939
6,1368,1611,1.20982375144415e-06,0.00789312445420513
6,1526,1611,-3.28792188481149e-07,0.0111658059956461
6,1600,1611,-1.97567151674359e-07,0.00607811134728497
6,278,1616,-8.35519708541257e-05,0.000417014381562755
6,1154,1619,2.0273420569842e-11,0.000364141790973237
6,1576,1619,0.00129861255714769,0.00242375511582337
6,1469,1621,-0.000129063923243331,0.000734073843714289
6,1303,1625,-3.24551693969551e-11,0.000184427853019843
6,578,1629,-1.49748923185155e-09,0.00422994888508027
6,600,1629,0.00104901871272966,0.00431633220814718
6,1016,1629,1.41076432700541e-07,0.000750126146921967
6,957,1630,-0.000228385582377331,0.000456294632352741
6,1687,1631,-0.000214947387087168,0.000765210995230671
6,865,1632,1.85982622422963e-05,0.0168417284720606
6,1587,1632,1.07661309513024e-05,0.0121993278327357
6,1661,1632,-2.46209490300342e-05,0.0122624618519327
6,1325,1635,0.000609841191961309,0.00596683104840142
6,1590,1635,-0.00115883686967866,0.00736618587355013
6,1680,1635,-4.22420244073139e-06,0.000232534427321
6,1538,1637,-8.78159004592728e-07,0.0179695385912703
6,1691,1637,7.18588438269683e-06,0.0146256072739857
6,1720,1637,3.33401175652887e-05,0.0280247905687881
6,1013,1639,-1.85099055784371e-08,0.00287308414571997
6,1693,1639,2.76098928408528e-06,0.00851538776872169
6,656,1642,-0.00026561360720403,0.000552467863781888
6,696,1642,-0.000363337992236362,0.000765207059238973
6,820,1642,-2.95753846414522e-10,0.00106285698836316
6,506,1643,-0.000378962644301227,0.0014478512691807
6,600,1643,-0.00104901871272966,0.00431633220814718
6,1561,1643,-3.47279129416624e-06,0.0126969671803035
6,1578,1648,-2.5756443024765e-07,0.000714309985433709
6,1463,1649,-8.54244297604173e-07,0.0023324857598321
6,1551,1649,-3.90061537049872e-07,0.00393671690634504
6,115,1652,1.86425606368678e-07,0.00615420996386401
6,362,1652,-1.47201380580713e-08,0.000998706339360039
6,1531,1654,-4.22668660491767e-06,0.014834859836324
6,1547,1654,5.61702852424188e-06,0.0478500249366642
6,1662,1654,4.4220955234459e-06,0.0226271319424725
6,1701,1654,4.69627780591896e-07,0.00857713352315658
6,1577,1655,1.24182112875346e-08,0.00387340159599381
6,1655,1656,-0.00153068636342418,0.00353025694393737
6,1382,1658,-0.000330203749684738,0.000910481842467493
6,1409,1660,-7.11386841359325e-09,0.00117577489641622
6,1632,1661,-2.46209490300342e-05,0.0122624618519327
6,1762,1661,-3.02327714284438e-06,0.0162945489846656
6,1531,1662,6.34082068707526e-07,0.0085628474539854
6,1606,1662,-8.7397464016255e-07,0.014282246238103
6,1654,1662,6.22817984269834e-06,0.0237998673251376
6,1714,1664,0.000534318397683596,0.00338553765626494
6,1743,1664,0.000257578399632792,0.00376045690591858
6,1064,1665,-1.03882028600181e-09,0.00326491167808917
6,1409,1665,-1.57386760887178e-08,0.000905047337932846
6,1127,1670,6.78869869675599e-07,0.00967431292847069
6,1210,1671,-2.57191664942824e-08,0.00269660021063089
6,1409,1671,-2.2583586854873e-08,0.00043630030953727
6,1594,1673,-1.90976286300381e-08,0.0040893072861145
6,1760,1673,0.00156618213260199,0.00640209352264299
6,1622,1678,-1.60433382924649e-10,0.000478451882714613
6,1594,1680,3.11533055639259e-09,0.00303168980854452
6,1635,1680,-1.05595630199322e-07,0.00239142390665907
6,1500,1681,-1.37784861549507e-06,0.0164887188868096
6,1578,1681,-2.76755244366172e-07,0.00282254657039543
6,1747,1681,3.99039122804577e-07,0.0110529849061144
6,1460,1687,-0.000214947387087168,0.000765210995230671
6,865,1689,-2.2154136852129e-05,0.0177065172983928
6,1419,1689,2.92685101784107e-07,0.00494959300289716
6,1526,1689,7.95476741645575e-07,0.0100836215340153
6,1709,1689,-1.58296158568442e-06,0.0055547826975509
6,1417,1691,-1.99624467490276e-06,0.0177729107558222
6,1525,1691,-1.03321004712539e-06,0.0106026366288771
6,1637,1691,-8.3394869390769e-07,0.0207582251523948
6,1176,1693,-1.04187038169887e-05,0.0182848603486519
6,1699,1693,-1.15632541936994e-05,0.0188258382425016
6,1321,1698,-1.64254801475011e-05,0.000205068589271918
6,1576,1698,-0.00129861255714769,0.00242375511582337
6,1571,1699,-1.80418654073252e-07,0.0142978430718077
6,1693,1699,1.34122040061998e-05,0.0241461540308291
6,1704,1699,1.87644004362608e-06,0.0134750669574022
6,1529,1701,4.45741764625151e-07,0.0100989987995074
6,1547,1701,-2.44931319347537e-06,0.00961547855212865
6,1654,1701,4.38918596146294e-06,0.00496059044214283
6,1594,1704,-8.71039574967249e-09,0.00166348351263978
6,1699,1704,1.25641517015733e-05,0.0204300012800001
6,1740,1704,-1.16757341333487e-05,0.0161623308049029
6,1346,1705,0.00333720549244565,0.00499335939792317
6,1720,1705,-4.13237326941505e-05,0.0108532869074287
6,1763,1705,-9.47835207672772e-08,0.0169120741393857
6,1346,1706,-0.00333720549244565,0.00499335939792317
6,1571,1706,3.72454860130761e-07,0.00755537329998291
6,1740,1706,-3.41030252473215e-06,0.00159425900314306
6,1554,1709,0.00204735504649742,0.00136170424206906
6,1562,1709,7.41051197365164e-07,0.0133851508088121
6,1606,1709,5.58098379330336e-07,0.0138318089427591
6,1689,1709,-9.80735762618929e-07,0.00937779177393297
6,1756,1709,-7.47599152680597e-09,0.0156348692032568
6,1368,1713,9.20331850300635e-07,0.0105336381691178
6,1419,1713,2.99832685472413e-07,0.0114192491081504
6,1526,1713,4.50181874063217e-07,0.000726973073408808
6,1664,1714,0.000257578399632792,0.00376045690591858
6,1547,1720,-6.68311143669086e-06,0.0208828513210593
6,1637,1720,4.81427294817669e-06,0.0278608725555858
6,1705,1720,1.15770839049874e-06,0.0111028267545545
6,1591,1727,-0.00122345299045021,0.0035266670434793
6,1552,1731,-0.000187503188186938,0.000627199893027447
6,1285,1733,-2.2264906607447e-06,0.0224667386327351
6,1543,1733,-9.21433404240613e-08,0.0219447280125896
6,1742,1733,2.84820872740911e-07,0.00158537127997592
6,1762,1733,3.50933803160125e-07,0.00743015781371315
6,1210,1734,-1.39605712062127e-07,0.00195307633404986
6,1714,1738,-0.000534318397683596,0.00338553765626494
6,1704,1740,-3.25560512666597e-06,0.0136702986150745
6,1706,1740,-1.80511012122537e-07,0.00148996050697209
6,1763,1740,8.68364980743853e-06,0.0195300737253065
6,1733,1742,-2.84820872740911e-07,0.00158537127997592
6,1664,1743,-0.000257578399632792,0.00376045690591858
6,1285,1747,7.65095160693847e-06,0.0270176626125074
6,1681,1747,-3.99039122804577e-07,0.0110529849061144
6,1325,1754,-0.000609841191961309,0.00596683104840142
6,1554,1756,-0.00204735504649742,0.00136170424206906
6,1709,1756,7.47599152680597e-09,0.0156348692032568
6,1673,1760,-0.00156618213260199,0.00640209352264299
6,1543,1762,1.41372084178075e-05,0.00320475185353719
6,1661,1762,3.02327714284438e-06,0.0162945489846656
6,1733,1762,-3.50933803160125e-07,0.00743015781371315
6,1705,1763,-9.47835207672772e-08,0.0169120741393857
6,1740,1763,8.68364980743853e-06,0.0195300737253065
6,840,1769,2.42922129499967e-09,0.000631964499154499
