5,131,7,3.08485447484156e-05,0.000842635571188604
5,692,7,-6.33726200849267e-08,0.00137138313542563
5,481,9,0.000192049150786888,0.00091049508992496
5,868,9,2.46829249757345e-05,0.0012378925584667
5,68,15,2.24485442791328e-07,0.00398878310904229
5,487,15,7.16201240668994e-09,0.0016768504068712
5,97,16,3.48422721794095e-09,0.00231336680282182
5,325,17,3.42144038297798e-08,0.00180922760800256
5,88,18,0.000366015987264444,0.00274267637750327
5,230,18,-8.29394126131846e-09,0.000658582030362568
5,1416,18,-1.05557150528795e-07,0.000427489607200341
5,76,20,8.96195765063539e-05,0.000194773905991652
5,352,21,1.13299450134874e-10,0.000807290243199875
5,378,21,4.64290064248525e-05,0.000341935311286358
5,386,22,-7.24475086674651e-11,9.08250413915832e-05
5,929,22,8.55836949594927e-09,0.000957251509149184
5,222,23,1.93408502823436e-05,0.000117324121511991
5,300,23,5.04400929462584e-05,0.000571820831137178
5,259,24,2.08266481812017e-05,0.000852916754866702
5,85,25,-4.61677654420394e-10,0.000175909383839215
5,332,26,4.7139920759559e-05,0.00211353289721104
5,841,26,9.40134121604818e-05,0.000229261170364286
5,522,31,-3.30383182422348e-09,0.000937145112958517
5,641,31,1.18956118091165e-08,0.00138066868174722
5,1050,33,7.24230195243481e-07,0.00212963139237784
5,133,34,7.84285372782757e-05,0.000736456502453277
5,763,34,1.04013936636467e-07,0.000999110131780619
5,935,35,0.000318289513230373,0.00218918319490554
5,1094,35,-6.85309239236793e-08,0.00070225653546069
5,109,37,0.000639483287798352,0.00129510230021629
5,480,37,-2.92732268686736e-06,0.0023293048057702
5,837,37,-2.41924053363495e-09,0.000692226456433562
5,1008,37,-1.60916163385132e-08,0.0056584575158766
5,435,39,3.76549252169362e-07,0.00162955652483106
5,264,50,1.26188678833962e-11,7.41459785030258e-05
5,394,51,1.03441042647987e-11,0.000426062067069287
5,488,52,0.000197808898121195,0.000855461835895717
5,1359,52,-4.52685012926766e-09,0.00275471419835357
5,68,53,1.25081241043895e-07,0.00446565767198643
5,981,53,-3.79655196218145e-08,0.011013394537427
5,594,59,0.000216792171090579,0.00508446748759997
5,840,66,0.000776494135995088,0.00159187704654282
5,15,68,3.77112342980578e-05,0.000935634115720808
5,53,68,0.00205843969748317,0.00557959514819505
5,1271,68,-5.11901282548493e-07,0.0040274024325895
5,564,69,1.35897756891184e-08,0.00486090438602879
5,960,69,-8.43642668425369e-09,0.00660908886123407
5,1025,69,-2.85664519555471e-07,0.00445995258096975
5,584,73,-2.30233897478708e-09,0.000620869599336783
5,20,76,-2.41208442810028e-12,0.000192663031279525
5,523,76,5.36420854541615e-10,0.00050631834550488
5,757,77,0.00135625813746472,0.0043703011912948
5,593,80,5.15865287217493e-09,0.0012354193206685
5,1187,80,7.71533127697984e-10,0.00100390255856354
5,595,81,1.40959550871246e-08,0.000659346543490914
5,1247,81,-4.15301350389758e-08,1.00160818806929e-05
5,1263,81,-5.03781922145525e-07,0.00331593125368727
5,1274,84,-3.88456888291509e-08,0.00375108172575126
5,1454,84,-2.60125886695868e-07,0.00756952393315858
5,1462,84,-1.14386583852293e-06,0.0105740030487665
5,25,85,-3.67269310963759e-10,0.000125429773835009
5,18,88,-4.08115605696601e-08,0.00356701058870261
5,947,88,-2.64620558534967e-09,0.00394975394319781
5,17,93,4.63679450942308e-08,0.000508414556320398
5,352,93,-1.42431990021065e-11,0.000572980004322779
5,203,94,-8.59063415262072e-08,0.00964979351558768
5,16,97,-4.06926578839262e-11,0.000739620630987568
5,530,97,0.00250590717610532,0.0096477777343276
5,1006,97,1.59544971370321e-07,0.00717948304024448
5,203,99,-5.08827390632158e-08,0.00378978936670789
5,468,99,-3.68353012408079e-08,0.000544282170699242
5,260,100,1.02499617929763e-05,0.000451938222592927
5,393,100,4.74736753140741e-11,0.000623831467224267
5,1052,100,0.000163939432934128,0.000498743324042431
5,728,102,4.23039247310869e-10,0.00137424206124519
5,254,103,0.000143745106169755,0.00194930802596748
5,520,104,1.94267022381627e-12,0.000433230893744834
5,324,106,9.65561754692013e-05,0.00529436165923381
5,395,106,-1.45428976266548e-09,0.00237552824991415
5,1322,106,6.04041861905699e-05,0.00110556586195745
5,283,107,-8.59755874391308e-09,0.00226076116910106
5,595,107,7.34102747195662e-09,0.00253359404364738
5,37,109,-1.97351252828605e-09,0.00200642085793757
5,1410,109,0.000639483287798352,0.00129510230021629
5,209,112,0.000422990508622097,0.000753428003543611
5,230,112,-6.08145719414898e-09,0.000914624107165598
5,152,114,1.13063604648439e-08,0.0059694027648072
5,562,115,2.37125437594214e-09,0.00350381273128129
5,1058,115,-4.55725697482219e-09,0.000503311396287778
5,1652,115,0.000215753941792816,0.00234480935852386
5,172,118,-1.05207966966903e-07,0.00328936792181734
5,420,118,0.00034968028220432,0.00106858965026528
5,1196,120,4.10722978882533e-07,0.00103435895613308
5,7,131,2.93802107053984e-05,0.000842326133384627
5,763,131,9.07246716833636e-08,0.00198163971497494
5,34,133,0.000168032887265294,0.00057500524944881
5,408,133,-7.21665118935005e-09,0.000713945167577768
5,163,138,-3.48220863634452e-09,0.00327256563550416
5,540,138,2.02357763731314e-10,0.00358849531182282
5,576,138,5.53892509179263e-08,0.0012532965313091
5,408,139,2.0911196430786e-09,0.000880121009393526
5,149,140,4.24487157418602e-09,0.000558478378799053
5,290,140,-1.20799778538413e-07,0.00294540285064141
5,841,140,-9.40134121604818e-05,0.000229261170364286
5,563,141,9.08713464870444e-05,0.000477230725895015
5,740,142,1.62817021428593e-10,0.000561626594845159
5,1145,142,0.000225599147850518,0.000456869751670397
5,357,146,1.78417090532488e-05,0.00553679736517101
5,540,146,1.55522191995127e-10,0.0013305616352027
5,711,146,0.000913770234985378,0.00681582682361461
5,140,149,-4.24487157418602e-09,0.000558478378799053
5,935,150,-0.000318289513230373,0.00218918319490554
5,1072,150,0.000730939254305206,0.000891008216831534
5,859,151,0.000314404947831661,0.000620758719854655
5,1112,151,0.000541006761462417,0.00276360268544346
5,114,152,0.000294673658308849,0.00593774974095206
5,1108,152,0.000232987143042639,0.000724737430293797
5,325,155,3.48580896412656e-08,0.00193310028485161
5,420,155,-0.00034968028220432,0.00106858965026528
5,817,157,0.000555785693271536,0.000619000059033745
5,1118,157,3.28900040020517e-09,0.00209114261353671
5,327,158,-2.18003938387232e-08,0.0174002922024529
5,356,158,0.000749801696569726,0.0122921584142938
5,874,158,0.00123193164365514,0.00828137237905203
5,440,161,-4.3805621611727e-10,0.000172868255075576
5,138,163,8.93492665771626e-09,0.00064916296122917
5,711,163,-0.000913770234985378,0.00681582682361461
5,732,163,-1.22995882613003e-08,0.00205818580882068
5,1093,163,-6.39949794870108e-07,0.00304034520341289
5,971,166,0.000265923858053496,0.000384280319023937
5,1503,166,0.000558218302095342,0.00120271085655346
5,689,168,1.72961005566843e-13,8.15546567306232e-05
5,1299,170,1.40829633887328e-10,0.000247840514257986
5,118,172,0.000579913935153949,0.00270682792764607
5,629,172,1.56334275262471e-08,0.00485842268081424
5,663,172,-6.09787495429315e-09,0.000873298557808436
5,928,174,0.000545057789384989,0.00104363013535882
5,1441,174,0.000383207753340899,0.000577871866212926
5,378,181,-4.64290064248525e-05,0.000341935311286358
5,916,185,2.10205987739911e-09,0.000709812460675208
5,425,190,1.37675051497623e-11,0.000277027244279387
5,866,193,6.19467886300101e-07,0.00519258276298266
5,1404,193,-1.04790301020738e-09,0.00803782988634062
5,836,194,-2.51098017758031e-10,0.000360703591330188
5,1183,194,0.00018571294775503,0.000266314146882336
5,617,198,-3.50760984690312e-09,0.000525174120160769
5,615,199,6.35386741254696e-09,0.0010842116188531
5,634,199,2.24929748364713e-08,0.00170843675784758
5,657,199,-2.38629587653894e-08,0.000555623440371673
5,66,200,0.00100935454955674,0.00192865901476576
5,800,200,1.07821514510045e-10,0.000660745117394598
5,290,201,-1.92548585618963e-07,0.00472403318878099
5,94,203,8.59063415262072e-08,0.00964979351558768
5,265,203,1.0804236892922e-07,0.00205341751571311
5,255,204,0.000134518840511795,0.000511471968189749
5,855,204,1.61653124770348e-05,0.000417196823903686
5,1011,205,-1.0565107489665e-09,0.000707593365954485
5,608,207,1.98468231636144e-10,0.000460096294511151
5,847,207,0.000260845177650429,0.000688933400556056
5,461,208,-1.13054084233419e-09,0.00292370183082964
5,1168,208,1.03304716933664e-08,0.00196468241249494
5,811,209,-8.81663881976669e-09,0.000632166215969313
5,260,210,-1.02499617929763e-05,0.000451938222592927
5,825,210,0.000411522012029598,0.00127379376162478
5,588,215,3.99563576543725e-05,0.000241475245955252
5,1501,215,0.000233962165587351,0.00260115312153653
5,606,216,1.83483111455625e-09,0.00291383608211164
5,1196,216,3.66719308457456e-07,0.00183306931635797
5,606,221,2.82497968560542e-09,0.00135142425440252
5,1213,221,0.000310300003293693,0.00100116185380324
5,23,222,0.0004075354035592,0.000903563903979205
5,853,222,3.13032686827897e-14,6.67925508361106e-05
5,586,223,-1.06872777394785e-11,0.000194207506649365
5,985,223,-8.51458858854171e-10,0.000473098368800909
5,962,227,8.59585003274228e-13,0.000251950691622336
5,18,230,-1.99763906695307e-08,0.00116492208815257
5,389,230,0.00098315657030623,0.00110433931915177
5,1062,232,-2.00912365380716e-08,0.00172955072297048
5,321,235,-1.2470081949423e-10,0.00038864290147403
5,557,236,0.000732397093329736,0.00426427623557176
5,708,236,0.000767508674303843,0.00530666139087718
5,1028,238,2.65369913478139e-05,0.000367502741292491
5,313,239,0.000138517582952437,0.000359752943486157
5,489,241,-7.27419276772393e-08,0.000178394141854996
5,535,241,1.74920880173881e-08,0.0012217821058875
5,1147,241,0.000259449949690317,0.000438462965602998
5,1187,245,8.78334975221201e-10,0.000761937250625465
5,624,246,1.0119733341545e-09,0.000206632713236598
5,419,252,-1.42488137007483e-07,0.00564942433678223
5,452,252,-3.0303327877093e-08,0.00123431149817134
5,717,252,0.00231757186956117,0.00419949455358678
5,103,254,-0.000143745106169755,0.00194930802596748
5,868,254,-2.46829249757345e-05,0.0012378925584667
5,204,255,1.61653124770348e-05,0.000417196823903686
5,794,255,0.000134518840511795,0.000511471968189749
5,504,256,-9.60052072488789e-07,0.00377428374141552
5,928,256,-0.000545057789384989,0.00104363013535882
5,24,259,-1.75640100689089e-10,0.000621427429161786
5,352,259,-1.06264581227252e-10,0.000446612838991482
5,100,260,-1.45005625005703e-10,0.000529988820432419
5,210,260,9.25962079021656e-10,0.000645741208468354
5,364,262,1.36348344626828e-07,0.000208764450279203
5,203,265,-1.0804236892922e-07,0.00205341751571311
5,270,265,-2.45719674642071e-07,0.0119659388289076
5,452,266,-3.17822455999761e-08,0.00211983147829147
5,1058,268,-1.28144496715263e-10,0.000970745996613213
5,1223,268,6.87590958297157e-08,0.000864333834021493
5,265,270,2.45719674642071e-07,0.0119659388289076
5,558,272,8.44367962320314e-05,0.00148248249416
5,740,272,9.13675515774955e-10,0.00252315460630044
5,765,272,1.47749961309352e-09,0.000690640717764834
5,487,273,5.65716070105885e-10,0.00100353052477703
5,521,273,0.000206577075626938,0.00208227278946176
5,666,274,0.000174570962149395,0.000326075812703883
5,294,275,8.78831023384206e-08,0.00438064467228828
5,583,275,0.000222445096289964,0.00301746970436984
5,469,278,3.99859924275887e-07,4.05611394796745e-05
5,469,283,3.85688965854083e-07,0.00231977135293917
5,1192,283,9.28160101749905e-08,0.00601069491906103
5,584,284,3.45552645721309e-11,0.00018545789828977
5,760,285,-2.98197488693376e-07,0.00323232336893672
5,1050,285,-1.6561497309308e-05,0.0178207829059393
5,1127,285,-7.65549337368328e-09,0.0100042517243514
5,1100,286,5.90326345472482e-12,0.000447449360126811
5,1256,286,-4.4438465349557e-10,0.000308213486329322
5,719,287,0.00116097888583142,0.00448792685132047
5,1317,287,0.000640785924852691,0.0023642468378138
5,415,288,3.80890872022353e-05,0.000124174452939684
5,762,288,0.000376761762693983,0.000516431980124812
5,140,290,3.63311660233439e-09,0.00041096829526704
5,201,290,1.92548585618963e-07,0.00472403318878099
5,763,290,1.4171235473192e-07,0.00782813784711857
5,819,291,2.50991882486544e-08,0.00534944700333058
5,275,294,0.000222445096289964,0.00301746970436984
5,372,294,0.00120313676895947,0.00515897221125924
5,585,295,2.99608053538145e-10,0.000871749719509126
5,386,297,3.21384025366213e-11,0.000223889744997001
5,23,300,-0.0004075354035592,0.000903563903979205
5,585,301,-1.90536255954083e-10,0.000687681826230156
5,824,301,0.000141691591406787,0.000435453530692028
5,615,302,5.47399615300523e-09,0.00133380479102259
5,665,302,0.000118339002749659,0.00047611807956151
5,803,302,-4.69016934692366e-07,0.00115357966196733
5,401,306,-4.33054467659389e-07,0.00586616453625653
5,1070,306,1.9848450186941e-08,0.00193590997453745
5,1420,306,1.72178557036684e-07,0.000646352823869001
5,434,307,-1.687716228061e-11,0.000513953284704193
5,665,307,-0.000118339002749659,0.00047611807956151
5,442,308,1.01302639881373e-08,0.000701141333118109
5,1157,309,-4.28662081754692e-09,0.00237333687595231
5,1583,312,-9.69741519979246e-10,0.000959327855485337
5,239,313,-3.38000657629972e-11,0.000509811591361091
5,479,313,1.3743739415847e-10,0.000431817241614144
5,571,315,8.620710887701e-05,0.000992722508913847
5,1320,315,5.15594625128843e-05,0.000478731930436272
5,1494,315,0.000410184177030714,0.000467944710405933
5,584,316,9.80029225362929e-10,0.000555008862791307
5,617,316,-3.4513941864591e-09,0.000924450705562454
5,955,320,0.000141273514983501,0.000339696814685775
5,235,321,7.128374917139e-12,0.000374183007820781
5,604,321,-1.74077549474698e-09,0.00109481302000164
5,1052,321,-0.000163939432934128,0.000498743324042431
5,1503,321,-0.000558218302095342,0.00120271085655346
5,450,322,-4.32579814110635e-09,0.00153446803858946
5,1131,322,-9.9134150883295e-09,0.00654800523231314
5,106,324,1.4066353660148e-10,0.00799658070562219
5,708,324,-0.000767508674303843,0.00530666139087718
5,17,325,-4.63679450942308e-08,0.000508414556320398
5,155,325,0.000435528517147393,0.00377490205271519
5,800,325,1.89685735778046e-10,0.00043401335044374
5,802,325,1.952349793321e-08,0.005166912752209
5,158,327,-2.00859298633712e-06,0.0145368272002731
5,700,327,4.90647310590441e-07,0.00860804303549795
5,1089,327,0.000773828683406081,0.00722549682874616
5,563,331,-9.08713464870444e-05,0.000477230725895015
5,26,332,0.000953745091048996,0.00388952198707624
5,692,332,-6.84793713881378e-08,0.0027853802918813
5,449,333,3.07412500234664e-11,0.000531095099264822
5,882,336,-1.30754297621837e-12,0.00050266513723269
5,485,337,-4.36132894691398e-10,0.00154697689623187
5,1316,338,-2.45602611774466e-07,0.00444219313580762
5,1414,338,8.43018028866646e-08,0.00266417994364031
5,604,339,-3.7289447069949e-09,0.000847107583878228
5,905,339,2.40171045287021e-05,0.000134056767044738
5,523,342,2.5738497957418e-10,0.000762747041974349
5,649,343,0.000464738186799882,0.00232383979156382
5,1075,343,-6.14794585863783e-07,0.00521415759691607
5,374,345,0.000167152609784518,0.000413603446639251
5,1146,345,4.10025279676662e-08,0.00291682518182099
5,454,346,0.000326701867045675,0.0025178603067921
5,719,350,-0.00116097888583142,0.00448792685132047
5,757,350,-0.00135625813746472,0.0043703011912948
5,21,352,-1.13299450134874e-10,0.000807290243199875
5,259,352,-2.08266481812017e-05,0.000852916754866702
5,361,352,3.45508181963717e-10,0.000825767802940493
5,1093,354,-9.58265292376486e-08,0.00814250697420623
5,1020,355,-9.65589460213645e-07,0.000888886723571024
5,158,356,2.630235477225e-06,0.00933139865865676
5,1265,356,9.1168832876827e-07,0.0107379466123367
5,146,357,-1.20947295495184e-07,0.00596167952438818
5,982,357,0.000972443609132169,0.00779618811273095
5,548,358,0.000407116981143281,0.00135324081953931
5,352,361,-7.61802720057385e-11,0.000818439465119325
5,576,361,5.61557907574496e-08,0.000582660391371583
5,746,361,6.16742865579237e-05,0.000828641605623774
5,1395,362,-1.94051685309065e-09,0.00032407555716428
5,1652,362,-0.000215753941792816,0.00234480935852386
5,489,364,2.28748590928548e-07,0.00450297358573399
5,1024,364,-4.0561894220012e-07,0.00480057699144145
5,474,368,0.0014244949256799,0.0141710615194132
5,953,368,1.53379244700136e-07,0.00790353712473006
5,1282,368,-1.0879649896275e-09,0.000397939954463743
5,1415,369,-5.93564939798594e-09,0.000425620464568541
5,1621,369,-3.20382424133513e-10,0.000740449799728693
5,684,370,9.04280219026295e-10,0.00294076430773534
5,722,370,0.000251567722895636,0.00317471141951182
5,294,372,-1.39881513094906e-07,0.00515397937974154
5,709,372,0.000231762489937415,0.00601802330973569
5,1307,373,3.57319915244773e-05,0.00307074673256794
5,345,374,0.000123932767778394,0.000398155659142829
5,968,374,1.45807268541556e-11,0.00047580538409699
5,467,376,-3.97061883515627e-11,0.000294049880560205
5,1295,377,-4.82992944474325e-10,0.00135416747598138
5,1435,377,0.000173408092184132,0.00309837365245531
5,21,378,-4.64290064248525e-05,0.000341935311286358
5,181,378,4.64290064248525e-05,0.000341935311286358
5,827,379,9.90153310547453e-05,0.000479802095718802
5,972,381,0.00245070783803347,0.00539665291480041
5,1063,383,9.65952534443912e-07,0.000700212967193274
5,452,384,-3.26577574177116e-08,0.00122261876570061
5,582,385,-0.00102233897655455,0.00254040264989804
5,1410,385,0.00102233897655455,0.00254040264989804
5,22,386,1.52784069032854e-05,0.000196969778564414
5,404,386,-1.44825512456382e-07,0.00137047383229329
5,230,389,-5.9465278797382e-09,0.00172652259163792
5,963,389,0.00098315657030623,0.00110433931915177
5,651,392,1.27101065479672e-05,6.05532062467019e-05
5,100,393,-2.05354204875639e-11,0.000942255658032671
5,51,394,-2.53835251789832e-12,0.000280912415839341
5,106,395,7.56468173456888e-11,0.00336882355539011
5,1334,395,0.00012235650592426,0.000319488862441495
5,1018,396,-1.93127891730962e-13,9.49082284567117e-05
5,911,398,-1.48396938886606e-09,0.000435183948293524
5,1420,398,1.68563688373668e-07,0.00131317919744997
5,1522,398,-1.56357687965229e-07,0.00410447724992626
5,468,399,-1.97644616518228e-08,0.00275192917468607
5,306,401,-5.02930258447023e-08,0.00279470046475025
5,606,401,5.4845103398399e-09,0.00130121193737223
5,700,401,-1.0439798656664e-06,0.00700214930776668
5,854,402,-2.54363536695518e-07,0.00881222558222389
5,1017,402,0.0017017429709609,0.00973988458727469
5,1247,402,4.70704621788644e-07,0.00893643740976814
5,386,404,-4.79675944409032e-11,0.00010224010367001
5,419,404,4.18271074922071e-07,0.00541233586785507
5,526,404,9.30589075935479e-08,0.00393319592870154
5,133,408,-7.84285372782757e-05,0.000736456502453277
5,139,408,-2.0911196430786e-09,0.000880121009393526
5,749,408,-3.8896952338342e-10,0.000323724276960499
5,1199,409,7.07860787816486e-06,0.00040728146420268
5,607,411,-1.69068314791104e-08,0.00375611325016592
5,1013,411,-1.07099421813931e-08,0.000917493035232236
5,1260,411,-6.38817436041873e-08,0.0100982797657885
5,414,413,2.667568986068e-10,0.00108314412442204
5,672,413,-3.18354351738381e-10,0.00113657880984887
5,413,414,6.59186443697623e-05,0.00140882951801732
5,1027,414,0.000110797023846086,0.000443006474781495
5,1108,414,-0.000232987143042639,0.000724737430293797
5,288,415,0.000376761762693983,0.000516431980124812
5,1038,415,3.80890872022353e-05,0.000124174452939684
5,884,417,-5.07350540373139e-10,0.000211029526822924
5,252,419,-2.44665440558493e-07,0.00489964228809671
5,404,419,6.13739106118483e-08,0.00547185933435646
5,829,419,6.20578104578712e-10,0.000897228590398611
5,118,420,-0.000579913935153949,0.00270682792764607
5,155,420,-0.000435528517147393,0.00377490205271519
5,1469,421,-4.78939965126897e-10,0.000274619018851308
5,190,425,-1.37675051497623e-11,0.000277027244279387
5,929,427,1.49963189883086e-08,0.000204596424911786
5,747,428,0.000140088895944557,0.000377135102647931
5,922,428,-8.76270936075909e-09,0.000559810348311359
5,979,429,-8.34443692582669e-08,0.00314486411343207
5,1094,429,5.79789803127423e-08,0.00283289954824673
5,947,430,-5.86787259221401e-09,0.00274110424852416
5,1058,430,-5.25109513199852e-09,0.00101656402452079
5,307,434,0.000633282955778936,0.000358000980610976
5,39,435,4.0515864362293e-11,0.000180736204134588
5,537,435,0.00349103717519261,0.00687452473556105
5,661,435,0.00136975759300733,0.00736719625195895
5,594,436,-0.000216792171090579,0.00508446748759997
5,1013,437,5.48907510347651e-11,0.00156379117887364
5,1411,437,0.000334738432434854,0.000569529569455582
5,607,439,1.83731934422467e-08,0.00159144614852647
5,1519,439,-3.65627976356266e-06,0.0058720564740543
5,161,440,0.000642873527756614,0.00125798818835619
5,308,442,-4.14582075606725e-13,9.76300786968155e-05
5,879,442,2.95409750346857e-10,0.000838468480856685
5,1307,442,-3.57319915244773e-05,0.00307074673256794
5,955,443,-0.000141273514983501,0.000339696814685775
5,916,444,1.83096151445862e-09,0.000606932910085711
5,870,447,8.23370734233934e-12,0.000366269504421513
5,333,449,-3.07412500234664e-11,0.000531095099264822
5,322,450,0.000345444143812099,0.00464871186482898
5,748,450,0.000714747511308366,0.0015158168417884
5,884,450,-4.3191728386417e-10,0.000825875902442598
5,1146,451,8.45101355125611e-09,0.000847934847628118
5,252,452,-1.49743730428734e-08,0.000897291405878112
5,266,452,-2.39835890380833e-09,0.00185018917937623
5,384,452,2.51527607467415e-12,0.000303276570664091
5,840,452,-0.000776494135995088,0.00159187704654282
5,775,453,-5.69228455901436e-13,0.00011276185032354
5,1469,453,-7.28053422952691e-10,0.000464844789296475
5,769,454,3.76734285239539e-05,0.00220312078132635
5,1416,456,-1.16698486399123e-07,0.00647272809309037
5,1436,459,0.000133930044386514,0.0140170890693075
5,208,461,0.000345187544660873,0.00218181478350341
5,631,461,2.76681870230895e-05,0.00125454459939761
5,657,461,-2.34009438620651e-08,0.000389335240312048
5,758,465,3.40451840696902e-05,0.00103927264700384
5,830,465,2.37030777779698e-05,0.00144890894984982
5,747,466,-0.000140088895944557,0.000377135102647931
5,376,467,5.87763281426413e-14,0.000125731997436078
5,399,468,6.99411895885503e-09,0.00289222630937673
5,593,468,-1.62265310776469e-08,0.00166302314722845
5,278,469,3.21407604126465e-12,0.000164266860159839
5,283,469,-3.36107839758676e-09,0.000862383237695517
5,1192,469,-2.75186175876628e-07,0.00372733291662178
5,1263,469,1.43547376033238e-07,0.0103790382224024
5,480,473,9.96140559011783e-07,0.0139981925157302
5,856,473,0.00498822844401151,0.0159241928114402
5,368,474,-2.70189512968555e-07,0.0116463165977753
5,1025,474,6.8037459792665e-07,0.0130384304557043
5,313,479,-0.000138517582952437,0.000359752943486157
5,758,479,-3.40451840696902e-05,0.00103927264700384
5,37,480,-6.29577866152867e-09,0.000749759099469572
5,473,480,0.00474538434509917,0.00611359660819148
5,1410,480,3.59384433650421e-06,0.015479546756128
5,9,481,0.00055866535480466,0.000612738690753189
5,1011,481,1.46841988012533e-09,0.000772906735614674
5,1006,482,-8.34891965726849e-08,0.00774506338605915
5,1420,482,2.40930988092151e-07,0.00787163834234126
5,771,484,-6.70167783251643e-11,0.000499635110559792
5,684,485,3.4966656935597e-09,0.00109901377694435
5,774,485,5.49216292195066e-13,0.000367397641351061
5,15,487,-3.77112342980578e-05,0.000935634115720808
5,273,487,0.0011368188665119,0.00206400608174793
5,1245,487,1.13456584989284e-08,0.00204515826396663
5,585,488,1.45806560911927e-10,0.000257248362371842
5,241,489,3.01231416490447e-09,0.000263182483403958
5,364,489,2.53408998707524e-07,0.004768437030553
5,537,489,-0.00349103717519261,0.00687452473556105
5,538,491,1.42240103998387e-09,0.00194037025181179
5,724,491,-1.05607254688424e-08,0.00484908129854737
5,728,491,-3.73475209036668e-10,0.000451174572293694
5,846,492,3.38099642530766e-09,0.000948453175713139
5,936,492,1.6059718744876e-09,0.00143947817175091
5,959,497,4.1097890616559e-05,0.000873049497154883
5,1071,500,3.95125522058019e-12,0.000292040811242262
5,1047,502,4.6460588340964e-05,0.00171689724328148
5,1202,502,-1.67427850509001e-10,0.000603017704181857
5,256,504,6.81396297563456e-05,0.00153671241129026
5,1274,504,-2.14899830119371e-06,0.0142873980978052
5,1454,504,2.18937952553306e-07,0.00299162678544696
5,1483,504,0.000283180212513616,0.0136485978799864
5,663,505,-2.41911986399549e-09,0.0017987653519331
5,688,505,1.22664474252605e-10,0.000998166194542306
5,1300,506,-1.18280565378615e-06,0.00782865896905603
5,1643,506,1.53695170355422e-07,0.00557306708275886
5,421,507,0.000125234226243853,0.000222751984187069
5,732,510,-8.65338979599124e-09,0.00169587067456587
5,1159,514,0.000195270699583913,0.000256354733836009
5,545,518,0.00288284493130668,0.00411714784451022
5,786,518,1.95248288459289e-07,0.00409033449261359
5,748,519,-0.000714747511308366,0.0015158168417884
5,924,519,2.02898637960545e-09,0.00286761590845935
5,273,521,-0.0011368188665119,0.00206400608174793
5,1271,521,-6.10434130442009e-07,0.00611358567085354
5,943,522,4.25725246965054e-09,0.000874496940627434
5,1048,522,0.000558635880614636,0.000531504753711525
5,76,523,-8.96195765063539e-05,0.000194773905991652
5,342,523,-2.5738497957418e-10,0.000762747041974349
5,745,523,-2.15873477507481e-11,0.000218291887126404
5,526,524,-2.09629954381243e-08,0.000869857246310096
5,1075,524,1.8337248754831e-08,0.00074918888192648
5,659,525,9.49445221629446e-05,0.000318523002735471
5,404,526,-2.16874262516282e-07,0.00184080002811884
5,524,526,6.66415950257451e-05,0.000691069072274399
5,1124,526,3.67372090511274e-05,0.00167224582805868
5,750,528,0.000502465501308579,0.00116239232936534
5,1091,528,5.18439563766026e-05,0.000707041017975913
5,97,530,6.22539410952398e-07,0.00712047636255447
5,1008,530,1.75032350511057e-08,0.00511051112809818
5,1395,533,-2.39610441775514e-09,0.000376101006804338
5,678,534,6.40735734280349e-10,0.00110254453624639
5,864,534,0.000124918676437267,0.00135794802225846
5,241,535,3.67223783444202e-09,0.00102810487723684
5,692,535,2.09205094717124e-09,0.00440309626886198
5,1110,535,-1.41241936114155e-10,0.000535460105125151
5,435,537,1.06904735078732e-06,0.00500159937302991
5,489,537,-2.90866008148299e-07,0.00451938539626978
5,491,538,-7.87336320746228e-09,0.00117395854625223
5,138,540,-1.08219077595735e-08,0.00292852287742201
5,146,540,-3.41672864999958e-08,0.00162595407604048
5,210,542,-4.92745125347596e-10,0.000386037876886883
5,518,545,0.00104651202230317,0.00112949751866625
5,1363,545,-1.35093988903183e-08,0.00213937186006431
5,358,548,-1.40066753769305e-08,0.00407275050246264
5,837,548,2.01371634676828e-09,0.00175446205782286
5,550,549,1.31337017488386e-10,0.00112535351019438
5,549,550,-3.19974171686571e-11,0.000525378435801584
5,1064,553,-4.47286906154499e-08,0.0023597537727993
5,236,557,8.355311175395e-05,0.00443577263547592
5,913,557,3.41569569721209e-10,0.00255059454549277
5,272,558,2.37498432371048e-09,0.000781149457375486
5,749,558,3.44512187663464e-09,0.00125225209712319
5,115,562,-7.23758974573757e-09,0.00546433506822703
5,811,562,-8.06842550428946e-09,0.00138131348748671
5,947,562,-8.4657915032239e-09,0.000186531473095032
5,141,563,-9.08713464870444e-05,0.000477230725895015
5,69,564,-1.59309822405058e-07,0.00183179276648442
5,568,566,2.03749046756188e-12,0.0005553514247091
5,1317,566,-0.000640785924852691,0.0023642468378138
5,456,567,0.000159281542284109,0.0053145696578641
5,921,567,5.86406010110744e-05,0.00073837945028499
5,566,568,0.000109612544312119,0.000825362150264662
5,874,570,-0.00123193164365514,0.00828137237905203
5,989,570,0.000491861552002081,0.00776755214118124
5,1588,570,-6.13284355379323e-08,0.0158371192846243
5,315,571,-1.05948234572616e-10,0.000937260200634133
5,792,571,0.000263371603297113,0.00367866573072303
5,1198,573,2.87432222614782e-09,0.00052165205394777
5,1323,573,0.000147571111728644,0.000520216395392583
5,138,576,2.78669562451068e-08,0.00209915331754782
5,361,576,-9.62011188930818e-10,0.000122884472600478
5,769,576,-3.76734285239539e-05,0.00220312078132635
5,1093,576,-6.61348945679937e-07,0.00615619078727362
5,895,578,-8.60187219384555e-08,0.00790580502316247
5,951,578,-1.88225340254302e-06,0.0103892721054255
5,1629,578,3.79221131931677e-07,0.0115244500838901
5,1176,581,-1.88686735915876e-06,0.00679308268978916
5,1297,581,0.000308692034225859,0.00134113985672261
5,385,582,0.00102233897655455,0.00254040264989804
5,275,583,-0.000222445096289964,0.00301746970436984
5,73,584,0.000222805411370844,0.000525918358743268
5,316,584,4.9179258381255e-05,0.00120385736834602
5,301,585,3.29169208858649e-06,3.81248838324463e-05
5,488,585,-0.000197808898121195,0.000855461835895717
5,223,586,2.0089761521695e-05,2.5464952717728e-05
5,846,587,-1.0088915858435e-09,0.000546072906771969
5,936,587,2.81767967412611e-09,0.000691720535456765
5,215,588,0.000436011595744403,0.000895111411583183
5,921,588,-5.86406010110744e-05,0.00073837945028499
5,1282,592,1.36580820901629e-09,0.000371268626567077
5,468,593,-5.53525684358004e-09,0.00306658575636808
5,722,593,-0.000251567722895636,0.00317471141951182
5,59,594,0.00238866964326288,0.00703396187263833
5,436,594,0.000132050065565683,0.00275766850078339
5,81,595,1.11019828121907e-07,0.00375791169155435
5,808,595,0.000267393931915433,0.000933481073011784
5,904,595,3.62399888176625e-11,0.000398160690534036
5,1523,597,0.000430062947695905,0.000935323508420518
5,1556,597,0.000101998956357594,0.0002314670550829
5,1368,599,9.14081245049594e-08,0.00473803373602274
5,1610,599,-8.83175084376617e-08,0.00328893447714479
5,1629,600,-6.38885903333345e-07,0.00412459953085498
5,1643,600,-2.05028425237582e-08,0.0006179069070575
5,161,601,-0.000642873527756614,0.00125798818835619
5,46,602,2.73175192225464e-10,0.000943817795350995
5,321,604,-1.46835091804418e-10,0.000853849939962423
5,339,604,5.94457709509553e-05,0.000365832250298211
5,837,604,-4.11897146558778e-09,0.00157097240956022
5,1008,604,3.18972393854008e-08,0.00163616377429538
5,1112,605,-0.000541006761462417,0.00276360268544346
5,216,606,4.36572849793465e-05,0.00179269168982951
5,221,606,0.000346527875783666,0.000578860955963764
5,401,606,-5.45290622696793e-07,0.00240244502198764
5,700,606,-6.38360841804857e-07,0.000718697284742816
5,411,607,-2.04244495359032e-07,0.00543775704361063
5,439,607,0.000136450795980829,0.000256182804866738
5,1144,607,6.80018421863133e-06,0.0039000536526616
5,1376,607,2.46155584704738e-06,0.00235483554460526
5,827,608,-9.90153310547453e-05,0.000479802095718802
5,959,608,-4.1097890616559e-05,0.000873049497154883
5,1023,610,-7.16452311748108e-09,0.00048079065003161
5,944,612,0.000220597071607776,0.000457064682783179
5,1166,612,-5.68025515013599e-10,0.00116070708158972
5,1323,613,-0.000147571111728644,0.000520216395392583
5,1389,613,-2.88762556345384e-09,0.00174625912773951
5,740,614,-2.85609063043414e-10,0.0023528595779798
5,199,615,-4.37388550091133e-10,0.000523054336370036
5,302,615,1.2716418835116e-09,0.00104734269357401
5,621,615,0.000456287571334116,0.000817849025356076
5,649,615,-0.000464738186799882,0.00232383979156382
5,688,615,7.89703096550732e-11,0.00103229217830322
5,915,616,7.67456710588412e-11,0.00121584935760277
5,198,617,-9.94534884193688e-11,0.000352278816294409
5,316,617,-4.9179258381255e-05,0.00120385736834602
5,829,617,6.44656871674819e-10,0.000249181306851846
5,672,620,-2.82797743267802e-09,0.00126901839628483
5,1029,620,-1.07390815910617e-14,0.000215315655203789
5,615,621,1.12047920197123e-08,0.00132405739193044
5,629,621,-2.22205281118347e-08,0.00267937671521035
5,826,622,0.00036582536418824,0.000733362126727873
5,1372,622,0.000344383611006243,0.00107798485192895
5,918,623,4.84704553332829e-13,0.000300057481992234
5,246,624,-3.11720899261587e-12,9.52553092139783e-05
5,723,624,0.000291697306088069,0.000893829905265608
5,729,624,1.0653843995147e-09,0.000590710386094532
5,1179,625,1.14845122014433e-09,0.014920652917319
5,1247,625,-5.08008093109595e-07,0.00881467762731584
5,1519,625,2.05274321021705e-06,0.0222443940831765
5,1621,626,-5.23973958499031e-11,0.000450151550028518
5,650,627,0.000845185055758324,0.00716087625800271
5,1315,627,-9.06875698377544e-07,0.00943694725263806
5,172,629,-6.86078707631942e-08,0.00563869825070909
5,621,629,-0.000456287571334116,0.000817849025356076
5,929,629,7.27968560049043e-09,0.000738827692228653
5,461,631,-5.97288532225475e-10,0.00209606917723597
5,1142,631,-4.31804323763707e-08,0.00112926839966425
5,199,634,-2.29806919139206e-10,0.000541201520405937
5,688,634,1.89932288257836e-10,0.000176930241609085
5,73,640,-0.000222805411370844,0.000525918358743268
5,1048,641,-0.000558635880614636,0.000531504753711525
5,678,645,-3.23461643528265e-09,0.000663700420995509
5,1534,645,-1.26434643543255e-09,0.0044129666566175
5,343,649,0.000455726216540096,0.00156100105687883
5,615,649,5.24460049693369e-09,0.00251977547610026
5,627,650,0.000323883416732182,0.00870548147608515
5,1037,650,-1.03078323190361e-07,0.00545827917505682
5,392,651,5.12276780505745e-05,0.000370425506887153
5,790,651,0.000107024556951175,0.000196107841303125
5,1335,656,1.92891495341005e-10,0.000763196238621948
5,1642,656,-8.20064571018541e-09,0.000621462368478912
5,199,657,2.70536445258644e-10,0.000984904288933811
5,461,657,-6.80180802859143e-10,0.00114181082433018
5,803,657,-3.07966763394764e-06,0.00881957106844547
5,982,657,-0.000972443609132169,0.00779618811273095
5,1311,659,0.000266846018762578,0.000777383068700064
5,435,661,-6.14603816321963e-07,0.00739771289928647
5,763,661,7.93466425968923e-09,0.00511497587271922
5,172,663,-2.10846987672581e-07,0.0015894428079539
5,505,663,7.90449867926637e-05,0.000480266717105086
5,746,663,-6.16742865579237e-05,0.000828641605623774
5,302,665,6.93909973172353e-10,0.000862561762467441
5,307,665,-0.000633282955778936,0.000358000980610976
5,274,666,6.44669039017591e-06,0.000346249429073627
5,1484,666,3.61143476701783e-05,0.000490952573204728
5,800,667,7.93767995492649e-11,0.000852994469769332
5,819,667,5.39748675802202e-08,0.00359398355005006
5,878,671,-1.48290155844804e-09,0.0010019958684803
5,1185,671,0.000127822779079753,0.000984232304238757
5,413,672,-6.59186443697623e-05,0.00140882951801732
5,1312,672,2.31300262686018e-10,0.00127560164743102
5,534,678,0.00072277257330413,0.00110652201493098
5,645,678,5.27439163801867e-10,0.0014648739258977
5,1244,678,0.00016961854056481,0.00151753681460864
5,370,684,0.000569449132057282,0.00355153261216762
5,485,684,-1.1902778704031e-09,0.000797531657802244
5,1236,684,-1.23214586800631e-10,0.000517760640238289
5,943,685,1.54394180135782e-09,0.000831784431676512
5,1168,685,6.36581098982717e-09,0.000575783276344134
5,1236,687,8.71496907572455e-11,0.000423262713614461
5,505,688,-7.90449867926637e-05,0.000480266717105086
5,615,688,1.74193925265125e-08,0.00155734113264737
5,634,688,-7.94944206830008e-09,0.000556822767361987
5,7,692,-2.93802107053984e-05,0.000842326133384627
5,332,692,-4.7139920759559e-05,0.00211353289721104
5,535,692,-7.89460337719799e-12,0.00292357034696167
5,1041,692,1.81927528484289e-05,0.000422064829618558
5,964,693,4.67716915690991e-09,0.000502595201291765
5,1327,693,4.58675686059077e-11,0.00178474443829067
5,703,694,-5.56121821793679e-14,9.90466100265243e-05
5,881,694,6.14768195183414e-13,0.000149225089780614
5,1335,696,4.19195111565676e-11,0.000199636139208422
5,1642,696,-7.21150836834348e-09,0.000533512582368453
5,1146,698,-4.82392316780092e-08,0.00285365670967951
5,327,700,1.4824379773426e-07,0.00781194144172099
5,401,700,-4.73762167049528e-07,0.0033115306213424
5,606,700,3.98380936261175e-09,0.000481721226735523
5,694,703,5.32172817881167e-06,9.43068802724902e-05
5,236,708,-8.355311175395e-05,0.00443577263547592
5,324,708,-9.65561754692013e-05,0.00529436165923381
5,372,709,-0.00120313676895947,0.00515897221125924
5,1142,709,-2.10883251983844e-07,0.00324908999728384
5,146,711,7.99218942771906e-08,0.00563249111880509
5,163,711,8.52867093664686e-08,0.0050409653778643
5,1083,712,0.000309252531522075,0.000774286941744525
5,1369,712,3.15919780331639e-10,0.000234468295494454
5,252,717,3.22367325958175e-07,0.00419189049239579
5,740,717,-1.79716605953808e-10,0.00394796938605275
5,287,719,-0.00116097888583142,0.00448792685132047
5,350,719,0.00116097888583142,0.00448792685132047
5,1449,720,0.00329381423955019,0.00540323453156364
5,1629,720,-1.01363037216115e-06,0.00593061864408014
5,370,722,-0.000569449132057282,0.00355153261216762
5,593,722,-6.44367762975499e-09,0.000630521599142882
5,624,723,-3.66582322582922e-11,0.000575636457032058
5,1011,723,2.22742743509868e-09,0.000887900773176801
5,491,724,-5.65964119791206e-09,0.00435245608391355
5,856,724,-0.00498822844401151,0.0159241928114402
5,1423,724,0.00140712307112102,0.00882659036868099
5,102,728,1.06958903121357e-09,0.00219353973893985
5,491,728,-4.38413708236728e-09,0.00163138714478922
5,1070,728,1.02416431752019e-08,0.00210181893281014
5,624,729,1.16694489106512e-09,0.000736153830734367
5,1092,729,5.63938906338755e-11,7.1863484194532e-05
5,1199,729,-7.07860787816486e-06,0.00040728146420268
5,1354,730,8.7275384802949e-13,8.21240894519087e-05
5,59,731,-0.00238866964326288,0.00703396187263833
5,114,731,-0.000294673658308849,0.00593774974095206
5,163,732,-6.7555849009968e-09,0.00176591241354613
5,510,732,8.65338979599124e-09,0.00169587067456587
5,1093,732,-6.10440865102385e-07,0.00143018441412575
5,142,740,0.000136239807583196,0.00132510335990825
5,272,740,7.85646866039761e-10,0.000356797530934844
5,614,740,-3.23588620797773e-10,0.000310015545255257
5,717,740,-0.00231757186956117,0.00419949455358678
5,1265,744,-9.27804293864921e-07,0.0112619476477374
5,523,745,-3.33659314671549e-10,0.00054005561497007
5,361,746,-1.29358322033086e-09,0.000794838658826873
5,663,746,-6.61294656621709e-09,0.00068591209183635
5,428,747,5.28872678433541e-06,0.000339242984577673
5,466,747,-6.89563188586595e-11,0.000666898240252941
5,450,748,2.46404316587897e-08,0.001343617279261
5,519,748,0.000735250557500151,0.0012302833121039
5,408,749,4.29670920825813e-09,0.000592657240606133
5,558,749,-8.44367962320314e-05,0.00148248249416
5,528,750,6.26364344978453e-05,0.00122820713536128
5,1201,750,4.7077269129773e-05,0.000948021588493125
5,787,751,0.000899588146246703,0.00339884637970562
5,979,751,-4.13008628376395e-08,0.00241038254452615
5,77,757,-0.00135625813746472,0.0043703011912948
5,350,757,0.00135625813746472,0.0043703011912948
5,479,758,7.27289786699676e-11,0.000877292506273489
5,300,759,-5.04400929462584e-05,0.000571820831137178
5,1183,759,-0.00018571294775503,0.000266314146882336
5,285,760,2.98197488693376e-07,0.00323232336893672
5,288,762,-0.000376761762693983,0.000516431980124812
5,34,763,-0.000168032887265294,0.00057500524944881
5,131,763,-3.08485447484156e-05,0.000842635571188604
5,290,763,1.01573173746857e-07,0.0083546480169414
5,661,763,-0.00136975759300733,0.00736719625195895
5,272,765,-1.64235189095754e-10,0.000825788051687321
5,454,769,-0.000326701867045675,0.0025178603067921
5,576,769,8.58431094411228e-08,0.00332861078253276
5,484,771,2.6577842300554e-10,0.000300670474303447
5,373,773,0.000283560975940008,0.00130842950748431
5,1582,773,0.000339451459237597,0.000842642901007209
5,485,774,9.6795088937133e-10,0.000923828331560471
5,1348,781,3.63965086813831e-08,0.00362969428203214
5,1448,781,-4.1819015944081e-09,0.00193740081308165
5,518,786,-0.00104651202230317,0.00112949751866625
5,1462,786,4.95590658909793e-07,0.0172770848171421
5,1610,786,6.88729032813683e-07,0.0134502409013154
5,751,787,0.00122683036182204,0.00228511051601459
5,1232,787,-1.31868406567497e-07,0.00345554678113264
5,972,788,-0.00245070783803347,0.00539665291480041
5,884,789,-3.43149872753636e-10,0.00063722103802985
5,1363,789,-2.58991059077581e-10,0.000710024141043861
5,651,790,-1.27101065479672e-05,6.05532062467019e-05
5,1066,790,2.48394158244909e-11,9.27328015601342e-05
5,571,792,-8.620710887701e-05,0.000992722508913847
5,960,792,-2.86245318721321e-08,0.000633157721671712
5,255,794,-0.000134518840511795,0.000511471968189749
5,1027,795,-0.000110797023846086,0.000443006474781495
5,1288,795,-5.41164064962111e-11,0.000446894242766381
5,1375,797,5.79770263892847e-05,0.000729031519621776
5,325,800,1.43612057525144e-08,0.00291689446822686
5,667,800,7.59115904724738e-05,0.000534417922780913
5,325,802,-1.952349793321e-08,0.005166912752209
5,302,803,2.87101192888214e-09,0.000637725205322193
5,657,803,-8.48147489244143e-08,0.00550108014407472
5,1609,803,3.2773660267297e-06,0.00943346335794138
5,1322,804,-6.04041861905699e-05,0.00110556586195745
5,1424,805,5.68753374379684e-05,0.000190822823715429
5,274,806,-6.44669039017591e-06,0.000346249429073627
5,595,808,9.45891302289172e-09,0.0013342213275542
5,1519,808,-2.9121613156477e-06,0.00451443988866886
5,1253,810,-2.25583428341618e-11,0.000231609952781209
5,209,811,-0.000422990508622097,0.000753428003543611
5,562,811,-6.40457183838232e-08,0.00196561385970985
5,1187,811,1.47446968409731e-11,0.00275248915804073
5,157,817,1.23262522863503e-05,7.24906329036688e-05
5,1041,817,-1.81927528484289e-05,0.000422064829618558
5,291,819,-2.50991882486544e-08,0.00534944700333058
5,667,819,-7.59115904724738e-05,0.000534417922780913
5,1145,819,-0.000225599147850518,0.000456869751670397
5,957,820,4.26763460629004e-05,8.55007728402587e-05
5,1585,820,0.000354676547477727,0.000662214710202783
5,1642,820,-6.37671275366057e-09,0.00153542655965448
5,301,824,-3.29169208858649e-06,3.81248838324463e-05
5,1456,824,1.00986629376404e-11,0.000159534448540131
5,210,825,-9.32903684079097e-10,0.000745409931169499
5,911,825,-1.64965807343859e-10,0.000991272966068955
5,379,827,2.05502092593676e-11,0.000507994478664122
5,608,827,4.81926953334179e-11,0.000381456727143418
5,1102,828,1.2380699546994e-10,0.000579780979264203
5,419,829,3.08189231687793e-07,0.000943036560183347
5,617,829,-2.52921804632168e-09,0.000912922743078055
5,1277,830,3.13395134705915e-05,0.000955811139895256
5,1386,831,-3.38905670295017e-10,0.000396185455575833
5,294,832,1.03676965686761e-07,0.00312801984792809
5,767,835,2.07913270221195e-12,0.000331887074254652
5,194,836,5.68992363278308e-05,0.000455705207800464
5,37,837,-3.93592681419397e-09,0.0012201148664994
5,548,837,-0.000407116981143281,0.00135324081953931
5,604,837,-5.542803039359e-09,0.00190495916845151
5,66,840,-0.00100935454955674,0.00192865901476576
5,452,840,-1.56367627940639e-08,0.00219961286861354
5,26,841,-0.000953745091048996,0.00388952198707624
5,140,841,3.627758143615e-09,0.000776312660728809
5,492,846,0.000648432802379994,0.000923269564739743
5,1239,846,-1.30889917863641e-07,0.00130861347238838
5,1102,847,3.7036767858137e-10,0.000581456643520666
5,222,853,-1.93408502823436e-05,0.000117324121511991
5,402,854,-6.93154266116738e-08,0.0143922788023427
5,1127,854,4.55162869227525e-09,0.00793084893956471
5,1536,854,-2.82404550591233e-07,0.00755052263955992
5,204,855,-1.61653124770348e-05,0.000417196823903686
5,473,856,-0.00474538434509917,0.00611359660819148
5,724,856,3.97752297195446e-08,0.0139797453005155
5,880,859,0.000128801587877474,0.000324542009702671
5,1331,861,3.03203198437877e-11,0.000696967482690825
5,749,862,-3.47640099462438e-09,0.0012430712520431
5,392,863,-5.12276780505745e-05,0.000370425506887153
5,479,863,1.005685593336e-10,0.000470135583464684
5,534,864,-0.00072277257330413,0.00110652201493098
5,1632,865,0.00389549953959923,0.00741270776709591
5,1689,865,-9.45984577686092e-09,0.00397965649903163
5,193,866,0.00153641796958776,0.00625268435859956
5,9,868,-0.00055866535480466,0.000612738690753189
5,254,868,-0.000143745106169755,0.00194930802596748
5,878,869,-2.24022184161525e-09,0.00128452214272236
5,1037,869,-4.17481815506045e-08,0.00205015807002389
5,158,874,1.45483474070199e-06,0.00504505830691484
5,570,874,-1.19457263394558e-07,0.00428769751815212
5,671,878,0.000405180315032057,0.000845046119012204
5,1414,878,-1.40725053196653e-07,0.00552794918131292
5,1422,878,1.52730941133775e-05,0.000514577149472069
5,442,879,7.11798388873973e-09,0.00149744314328642
5,859,880,-0.000314404947831661,0.000620758719854655
5,694,881,-5.32172817881167e-06,9.43068802724902e-05
5,336,882,7.93726502579806e-12,0.000538932439300785
5,417,884,-1.19450759891463e-09,0.000817194413620615
5,450,884,8.95309609289661e-09,0.000742196454976977
5,789,884,0.000991820692787372,0.000673129717368284
5,1016,884,-5.85158158186346e-08,0.00130427751636243
5,1330,888,0.000120638611009314,0.00952520095966073
5,1446,888,-1.6060683620084e-07,0.00928068806201276
5,1024,889,2.43847483628044e-07,0.000919386373511421
5,1349,893,0.000102408920663288,0.000214736677126373
5,1564,893,7.12133371732292e-09,0.000236046055642357
5,578,895,-9.5860455803131e-07,0.00606524153873909
5,1196,895,-7.39009713109679e-08,0.00908434198235356
5,1377,895,3.77553084429369e-08,0.000603236495554337
5,1295,902,4.24509885732572e-10,0.000334488075404465
5,595,904,1.39108022249767e-08,0.000421808593070046
5,339,905,-5.94457709509553e-05,0.000365832250298211
5,1006,905,8.40523445480873e-08,0.0022520977702497
5,960,909,-2.07108420555494e-08,0.00324910063570409
5,983,910,-0.00128218214426198,0.0141027975600361
5,1073,910,0.00115926110341773,0.0145959900729435
5,398,911,-2.36164235467953e-09,0.000862268623685071
5,825,911,-0.000411522012029598,0.00127379376162478
5,557,913,-0.000732397093329736,0.00426427623557176
5,1101,913,9.83761357570019e-06,0.000135960131118748
5,1175,913,0.000400342139337904,0.000952914967439005
5,951,914,9.75478188277078e-06,0.0135460827097882
5,1314,914,-7.60389300739294e-08,0.00299633388327747
5,1504,914,-7.10873073366786e-06,0.0138553232120164
5,616,915,-2.12579325286692e-13,8.87300363130254e-05
5,444,916,-1.40876173158245e-12,0.000301293440616743
5,979,917,-1.13968135160462e-07,0.00702719766769706
5,1454,917,4.80772452326931e-07,0.006403218414854
5,623,918,-5.56395648350446e-10,0.00108195227982081
5,588,921,-3.99563576543725e-05,0.000241475245955252
5,428,922,-5.28872678433541e-06,0.000339242984577673
5,1326,922,0.000401791485776229,0.00218297962307099
5,1387,922,0.000109216341613459,0.000616979182723568
5,519,924,-0.000735250557500151,0.0012302833121039
5,1324,924,-5.03778455805007e-11,0.000709608011237735
5,1431,924,6.97415254092446e-10,0.000848913821726306
5,174,928,0.000383207753340899,0.000577871866212926
5,256,928,-6.81396297563456e-05,0.00153671241129026
5,22,929,-1.52784069032854e-05,0.000196969778564414
5,427,929,5.4094869275906e-09,0.00322178339058425
5,629,929,-1.15054692148125e-08,0.000677182614267832
5,936,930,8.7694729391138e-10,0.000714215049591871
5,1404,930,6.51611324925929e-08,0.00702783367561442
5,1625,933,-3.21891130960953e-09,0.00159041426247112
5,1659,933,0.00018962525071388,0.000495190311324299
5,35,935,0.00046039562142348,0.00240742716619936
5,150,935,0.000730939254305206,0.000891008216831534
5,492,936,-0.000648432802379994,0.000923269564739743
5,930,936,5.65801909468682e-05,0.00061054989839275
5,1221,936,-1.59294414197844e-07,0.0051069576878792
5,1497,938,-3.34246944145221e-09,0.000939936520281567
5,1500,938,8.76316628395937e-07,0.00380012746128602
5,1638,938,0.000828584693826071,0.00526937983610577
5,1274,939,3.14506047510426e-07,0.00427905284084484
5,1462,939,-5.94558707558558e-07,0.00207343644983811
5,312,940,0.000271658000874152,0.000787947130947164
5,1168,942,6.99467282306596e-10,0.000969846098829132
5,1505,942,1.16320336317949e-09,0.00100742166503981
5,522,943,9.20895529635184e-09,0.00125458355291348
5,685,943,6.46516732642213e-05,0.000501197398988018
5,1331,943,-7.07592141128916e-11,0.00106106869720657
5,612,944,6.81331814343244e-05,0.000589181075218454
5,1171,944,1.43522857808906e-05,0.00039180763307579
5,88,947,-0.000366015987264444,0.00274267637750327
5,430,947,0.00011124586424308,0.00367676994501639
5,562,947,-2.38402489789569e-08,0.00151820630179949
5,578,951,-7.42806175973926e-07,0.0152987243530149
5,914,951,1.02277987054757e-05,0.0128285157407136
5,1377,951,1.1516849205959e-08,0.00218319191732523
5,1497,951,-2.47343257468496e-10,0.000679813821486287
5,368,953,2.78953802291078e-07,0.00406148210656973
5,1160,953,-1.90136464278137e-05,0.00986124876773203
5,1246,953,-2.61688383639117e-08,0.00463444093129575
5,320,955,-2.40128810500824e-10,0.000202394874746861
5,443,955,0.000141273514983501,0.000339696814685775
5,820,957,-1.48235837272848e-10,0.00107466763169521
5,1630,957,4.26763460629004e-05,8.55007728402587e-05
5,497,959,0.000293489258238036,0.000744966461044375
5,608,959,8.64569652466869e-11,0.000309919130982774
5,69,960,2.31268227749021e-08,0.00490590173573765
5,792,960,-0.000263371603297113,0.00367866573072303
5,909,960,5.47926767961719e-10,0.00340942922431178
5,1215,961,-2.41660316862505e-11,0.000582800718129859
5,227,962,9.05894066803938e-12,0.00029707614029255
5,389,963,-0.00098315657030623,0.00110433931915177
5,1416,963,-4.76457964042147e-09,0.00614920590346712
5,693,964,9.52004126057695e-05,0.000277775829267792
5,1168,964,4.81786964861658e-09,0.000416229038323452
5,1134,966,-1.07135418049685e-06,0.00985910674052727
5,1260,966,-4.79043044380914e-07,0.0042342536311148
5,1376,966,7.82451403912327e-06,0.0161583904582313
5,1417,966,2.48023890189475e-07,0.00480760576192609
5,1175,967,-0.000400342139337904,0.000952914967439005
5,1198,967,-4.13203049089182e-11,0.00115990284727398
5,374,968,-0.000167152609784518,0.000413603446639251
5,166,971,3.77493181319393e-06,0.000524388618998257
5,1006,971,5.56487230225135e-08,0.00267745080037863
5,381,972,-0.00245070783803347,0.00539665291480041
5,788,972,0.00245070783803347,0.00539665291480041
5,1088,976,-7.53574388163806e-12,0.000341052481081871
5,429,979,3.36894443848809e-06,0.00140738532935287
5,751,979,-0.00122683036182204,0.00228511051601459
5,917,979,9.37332824269758e-05,0.00714632029834451
5,1099,979,-1.54803043869678e-07,0.0118886421102482
5,53,981,-0.00205843969748317,0.00557959514819505
5,357,982,-1.78417090532488e-05,0.00553679736517101
5,657,982,5.57841766796844e-08,0.00548139273283506
5,910,983,0.00128218214426198,0.0141027975600361
5,1131,984,-1.95842225118924e-07,0.00744764496783405
5,1196,984,4.83486306641861e-07,0.00603070438807866
5,223,985,-2.0089761521695e-05,2.5464952717728e-05
5,1341,985,-4.11858951715398e-10,0.000724150920138251
5,1101,988,-9.83761357570019e-06,0.000135960131118748
5,570,989,-1.39062042006731e-07,0.00635438508234904
5,1080,989,0.000269158514390906,0.00131490598192676
5,1166,993,9.58947652067745e-10,0.000449851740348216
5,1395,993,-2.00286793025853e-11,0.000910529399956036
5,826,994,-0.00036582536418824,0.000733362126727873
5,641,995,-9.1495660139388e-09,0.00264839418715415
5,1142,995,1.45064118934166e-07,0.00485956707559993
5,1316,996,-2.39172673168823e-07,0.00269357302504697
5,1414,996,2.29475440851166e-07,0.00344363662192572
5,51,999,-1.29713448046876e-12,0.000303309011364363
5,97,1006,-5.8418142810949e-07,0.00923959480108417
5,482,1006,0.000678278401228819,0.00874324701197876
5,905,1006,-2.40171045287021e-05,0.000134056767044738
5,971,1006,-0.000265923858053496,0.000384280319023937
5,1070,1006,2.62895926932828e-08,0.000557908329224369
5,37,1008,-7.71301548983702e-09,0.00374598979275625
5,530,1008,-0.00250590717610532,0.0096477777343276
5,604,1008,-2.91990632136405e-09,0.00128842969085442
5,205,1011,3.63685328815117e-12,0.000114947093770961
5,481,1011,-0.000192049150786888,0.00091049508992496
5,723,1011,-0.000291697306088069,0.000893829905265608
5,411,1013,-2.11116701650409e-07,0.00192215861350965
5,1639,1013,1.20895289153865e-05,0.000677496323194979
5,1327,1015,3.78821198235682e-11,0.000759425274092827
5,1331,1015,-3.34223442665532e-11,0.000217110173131018
5,884,1016,-2.2424613076416e-10,0.000532894824508598
5,1363,1016,1.31259738101613e-08,0.00193847332976754
5,1629,1016,-8.06402223136056e-07,0.0021200326315103
5,402,1017,9.58203943934553e-07,0.0101716058672551
5,1263,1017,-8.23971341153181e-07,0.00711593817653604
5,396,1018,1.11106420305988e-13,8.47089772502978e-05
5,355,1020,3.87528909548581e-11,0.000357774551948582
5,1036,1020,-1.00187007540538e-07,0.00473615182309596
5,1500,1020,6.58814089444235e-07,0.00556505096856573
5,1063,1021,-9.65952534443912e-07,0.000700212967193274
5,364,1024,-1.12617472441675e-07,0.00458192517071048
5,1360,1024,-2.6009091293815e-08,0.00208590614947803
5,69,1025,-2.11030765627715e-07,0.00468551253873853
5,474,1025,-0.0014244949256799,0.0141710615194132
5,1271,1025,-1.23594547092695e-07,0.0136902317630616
5,414,1027,7.83753998342725e-11,0.000859548202909479
5,795,1027,2.33433084743594e-06,5.46821301118923e-05
5,238,1028,-5.6359948796475e-12,8.61388616665561e-05
5,1133,1030,3.05247270808317e-08,0.0023896650845898
5,1034,1032,0.000190545964420761,0.00101674040268182
5,1280,1032,8.29712654178303e-05,0.00183811263312868
5,1032,1034,0.000172755704209639,0.00115874500365551
5,1347,1034,0.000563137597420303,0.00067148384584927
5,1020,1036,-1.33314151553882e-06,0.00650396330233819
5,1389,1036,3.82062615925811e-09,0.00214853319469269
5,1522,1036,2.97908155689974e-08,0.00355207984550342
5,650,1037,-0.000845185055758324,0.00716087625800271
5,1478,1037,1.38943352051954e-07,0.00572389786432905
5,415,1038,-3.80890872022353e-05,0.000124174452939684
5,692,1041,-6.40264814827495e-08,0.000874739337906154
5,817,1041,-0.000555785693271536,0.000619000059033745
5,502,1047,0.000469454387791676,0.00118818703261074
5,1389,1047,-2.71238707025011e-09,0.000905204060476477
5,522,1048,-8.0784573687494e-09,0.000917756042029095
5,641,1048,-2.82149592319001e-09,0.00124540054125115
5,285,1050,3.38059448590099e-07,0.0135396828318649
5,1315,1050,-2.0861767081564e-08,0.0195446727616297
5,100,1052,-1.33768747181098e-11,0.000698751354928622
5,321,1052,8.91381590542159e-11,0.000985245506313562
5,1124,1053,-3.67372090511274e-05,0.00167224582805868
5,1333,1053,0.00124988953725191,0.00449118260186411
5,1337,1053,7.4868458985054e-09,0.00044642593221378
5,1347,1054,-0.000563137597420303,0.00067148384584927
5,1360,1055,-8.4382934492744e-08,0.00251773354528965
5,1700,1055,-8.09677680848834e-08,0.00400980009738895
5,1424,1057,-5.68753374379684e-05,0.000190822823715429
5,115,1058,5.3620870196121e-09,0.00248570765303738
5,430,1058,-0.00011124586424308,0.00367676994501639
5,1256,1058,1.14547062596514e-09,0.00184317878914094
5,1185,1059,-0.000127822779079753,0.000984232304238757
5,1525,1059,1.51715897486476e-07,0.00717318319824137
5,1529,1059,-4.87875798714274e-07,0.0128090989597382
5,1094,1062,-1.11137411127485e-07,0.00314329068220056
5,1440,1062,0.000116650013610345,0.00122220818987266
5,383,1063,-6.37232510221972e-13,0.00033663930687064
5,1021,1063,1.94176404233514e-10,0.00091377097679989
5,553,1064,-3.09566846496909e-12,0.000281508772604059
5,1075,1064,5.32026332107999e-07,0.00551075856584518
5,1665,1064,-1.75688869879731e-08,0.00289111299997867
5,790,1066,-0.000107024556951175,0.000196107841303125
5,306,1070,1.25673184768412e-08,0.00278439567634613
5,728,1070,-2.61863121081643e-10,0.00196363487307818
5,1006,1070,9.51634233241473e-08,0.00336452001893232
5,500,1071,-1.61877178999649e-11,0.000365966265460034
5,150,1072,-0.000730939254305206,0.000891008216831534
5,910,1073,-0.00128218214426198,0.0141027975600361
5,1192,1073,-2.39411633121553e-07,0.0132196743617558
5,343,1075,-0.000455726216540096,0.00156100105687883
5,524,1075,-6.66415950257451e-05,0.000691069072274399
5,1064,1075,1.9870189988755e-07,0.00751040365494708
5,989,1080,-0.000491861552002081,0.00776755214118124
5,1131,1080,-1.1970342822848e-07,0.00429923185457466
5,712,1083,0.000230183734274909,0.000585285751025989
5,1222,1083,0.000375267733679993,0.000440090605416409
5,880,1087,-0.000128801587877474,0.000324542009702671
5,976,1088,0.000457624098497236,0.000837631942714432
5,327,1089,1.64699773999435e-07,0.00514808399542037
5,1131,1089,-2.26908002080669e-07,0.00381248627067633
5,528,1091,-6.26364344978453e-05,0.00122820713536128
5,1133,1091,-8.15241264454691e-09,0.00271299074424258
5,729,1092,1.99330384175532e-09,0.000203294119495005
5,163,1093,2.48663112230577e-08,0.00175526060079233
5,354,1093,9.58265292376486e-08,0.00814250697420623
5,576,1093,-3.33153958928681e-08,0.00456111333715477
5,732,1093,-6.54037717695008e-09,0.00102887450137158
5,35,1094,-0.00046039562142348,0.00240742716619936
5,429,1094,-3.36894443848809e-06,0.00140738532935287
5,1062,1094,7.94013465230749e-09,0.004071982093859
5,540,1098,-6.57969423083875e-11,0.00219403609897925
5,634,1098,-3.80141853455284e-08,0.00125232774581567
5,979,1099,1.54803043869678e-07,0.0118886421102482
5,286,1100,7.04963235793489e-05,0.000137523642638599
5,1223,1100,6.43148815457595e-08,0.0025347180355773
5,1283,1100,0.000496163642416076,0.00134497771751257
5,913,1101,-8.55988650931934e-10,0.000948908186171171
5,828,1102,-2.60676009303327e-11,0.00056310870100497
5,847,1102,-0.000260845177650429,0.000688933400556056
5,1407,1102,7.06307405178082e-05,0.000633052131798724
5,152,1108,1.6901922532927e-08,0.00304432821338762
5,414,1108,-2.33623017106649e-10,0.00119719226774221
5,1526,1109,-8.6087518757261e-09,0.000434119518373656
5,1531,1109,1.13698000123709e-08,0.00457175478621526
5,1600,1109,5.38932984035158e-09,0.0050244563047829
5,535,1110,1.01032817139045e-08,0.00160605291715178
5,605,1112,0.000541006761462417,0.00276360268544346
5,911,1114,-1.67142298679947e-09,0.000808779975511177
5,157,1118,-1.23262522863503e-05,7.24906329036688e-05
5,1147,1118,-0.000259449949690317,0.000438462965602998
5,1295,1118,1.77878639838201e-09,0.00168672685879205
5,526,1124,-1.20327027691279e-07,0.00347748466759432
5,1053,1124,-6.31105300673307e-08,0.00103759648123421
5,1609,1125,-9.8411127943659e-07,0.00917427816634097
5,1671,1125,-4.33615087412608e-07,0.00833037043128271
5,285,1127,-1.63855546008428e-07,0.0117972628940255
5,854,1127,4.67170348427479e-08,0.00203718075125701
5,1179,1127,3.16978854477118e-07,0.0158208488635808
5,1670,1127,-3.64859178534261e-08,0.00566279122617384
5,1371,1128,0.000223659363543113,0.00145147114847967
5,152,1129,-1.17328138396587e-08,0.00298798928666461
5,322,1131,-0.000345444143812099,0.00464871186482898
5,984,1131,0.000847634085929921,0.00738610307384144
5,1080,1131,-0.000269158514390906,0.00131490598192676
5,1089,1131,-0.000773828683406081,0.00722549682874616
5,1091,1133,-5.18439563766026e-05,0.000707041017975913
5,1589,1133,4.10024963564596e-06,5.34232401721376e-05
5,966,1134,-3.87259654623039e-06,0.0083975047985953
5,1260,1134,-4.35139079216214e-07,0.00097127410001882
5,1417,1134,1.77245443880768e-07,0.00242607740626327
5,1538,1134,7.62667748733267e-07,0.0104261442955743
5,631,1142,-2.76681870230895e-05,0.00125454459939761
5,709,1142,-0.000231762489937415,0.00601802330973569
5,607,1144,1.31304770790166e-08,0.0010395907000804
5,1376,1144,-5.24769905939584e-06,0.0247056474404713
5,1519,1144,-4.89395779534423e-06,0.024259184798287
5,142,1145,-0.000136239807583196,0.00132510335990825
5,819,1145,-3.5487966532276e-08,0.00356119678127566
5,345,1146,-0.000123932767778394,0.000398155659142829
5,451,1146,-8.45101355125611e-09,0.000847934847628118
5,698,1146,4.82392316780092e-08,0.00285365670967951
5,241,1147,6.70263830980164e-10,0.000983682128045222
5,1118,1147,2.65643050730164e-10,0.000678179534121459
5,51,1153,-5.32396737666898e-12,0.000197312450132862
5,1459,1154,1.16706451951631e-05,7.42803385070154e-05
5,1619,1154,4.18728986983673e-05,0.000930927181257038
5,309,1157,-3.47304320897694e-11,0.000347127843840961
5,1275,1159,3.85332552708412e-05,0.000233440391716897
5,953,1160,-4.60974989420982e-07,0.0168286736051687
5,1282,1160,1.79258735798947e-10,0.000374191604221269
5,1329,1160,6.14471596227547e-06,0.0198942277375713
5,612,1166,-6.81331814343244e-05,0.000589181075218454
5,993,1166,8.56702760279377e-05,0.000306119074475334
5,1577,1166,8.50061285550033e-05,0.00157322412533487
5,208,1168,-0.000345187544660873,0.00218181478350341
5,685,1168,-6.46516732642213e-05,0.000501197398988018
5,964,1168,1.82305452543759e-09,0.000840709010342707
5,1609,1168,2.51425316334009e-06,0.00121559590430099
5,944,1171,-0.000220597071607776,0.000457064682783179
5,1236,1171,-6.93923729612317e-11,0.000158349839131577
5,913,1175,-1.38752001026333e-09,0.00124092127644726
5,967,1175,0.000345553667863583,0.0013372151092647
5,1499,1176,2.46424606499121e-06,0.0196406787738396
5,1693,1176,-3.38063474183615e-05,0.018408265520753
5,625,1179,4.74335834453333e-07,0.00946227836668785
5,1127,1179,4.60366571524763e-08,0.0112155342690672
5,1247,1179,-4.61319564935288e-08,0.00382291327457785
5,194,1183,-5.68992363278308e-05,0.000455705207800464
5,671,1185,-0.000405180315032057,0.000845046119012204
5,1059,1185,4.15961706064187e-07,0.000822085035768739
5,245,1187,-5.35848492994529e-10,0.000855745169480784
5,811,1187,-4.58010003168589e-09,0.000566810993090084
5,283,1192,-1.17023813007769e-08,0.000763841255877245
5,469,1192,-7.57621314557802e-08,0.00745995528792196
5,1073,1192,-0.00115926110341773,0.0145959900729435
5,1283,1193,-0.000496163642416076,0.00134497771751257
5,120,1196,-1.29003527434196e-13,3.58598484340358e-05
5,216,1196,-4.36572849793465e-05,0.00179269168982951
5,895,1196,4.00770284003779e-08,0.0120531958870554
5,984,1196,-0.000847634085929921,0.00738610307384144
5,1373,1197,0.000534475477720217,0.000935023722425839
5,967,1198,-0.000345553667863583,0.0013372151092647
5,1556,1198,-0.000101998956357594,0.0002314670550829
5,409,1199,2.7941616470859e-05,0.000116544578019328
5,729,1199,1.00113905296408e-09,0.00079314664013107
5,750,1201,-0.000502465501308579,0.00116239232936534
5,1371,1201,-0.000223659363543113,0.00145147114847967
5,502,1202,-0.000469454387791676,0.00118818703261074
5,1337,1205,6.13382664856103e-09,0.00188957560441776
5,1700,1205,-6.00425501797225e-08,0.000616825331356101
5,1327,1208,-8.51185358095122e-11,0.000711100863287363
5,1552,1208,0.000731006896187033,0.00324515507618637
5,1505,1210,-6.0341170621009e-09,0.000785885090615071
5,1671,1210,4.77230768290793e-07,0.00641458719759356
5,1734,1210,3.56943806815884e-07,0.0105407802430641
5,221,1213,-0.000346527875783666,0.000578860955963764
5,1377,1213,3.53699210719673e-08,0.00119521736407377
5,961,1215,-4.2258894828759e-11,0.00014188604461196
5,936,1221,4.94693625939288e-09,0.000640126989356896
5,1436,1221,-0.000133930044386514,0.0140170890693075
5,1483,1221,-0.000283180212513616,0.0136485978799864
5,1083,1222,-0.000309252531522075,0.000774286941744525
5,1590,1222,1.55106955584139e-09,0.000838224584808982
5,1100,1223,1.35315123590002e-10,0.000443716426532643
5,1246,1223,8.66619078381117e-08,0.0010167644674191
5,1256,1223,-1.31496328946458e-10,0.00222441222742465
5,1414,1228,-1.06557590220006e-07,0.00553176665343874
5,1463,1228,-2.42410669114856e-06,0.006578850580655
5,787,1232,-0.000899588146246703,0.00339884637970562
5,1431,1232,1.29534198219037e-09,0.000891701139550727
5,1462,1232,-4.19828701460966e-07,0.00444342545364211
5,684,1236,5.48143731179706e-09,0.000728536056918391
5,687,1236,0.000106808908753615,0.000210918044233276
5,1171,1236,-1.43522857808906e-05,0.00039180763307579
5,976,1238,-0.000457624098497236,0.000837631942714432
5,1028,1238,-2.65369913478139e-05,0.000367502741292491
5,846,1239,-5.8404220237014e-09,0.00128060908233201
5,1446,1239,2.59007040903879e-08,0.00504287594582226
5,1463,1239,-2.16263933157069e-06,0.00455948921300744
5,678,1244,-2.17166226075203e-09,0.00163780630671472
5,487,1245,-1.13456584989284e-08,0.00204515826396663
5,953,1246,-1.50259862773228e-07,0.00579633697146973
5,1223,1246,9.04965843793742e-08,0.00153975102455923
5,1501,1246,-0.000233962165587351,0.00260115312153653
5,81,1247,6.43066672582879e-09,0.00113456806002476
5,402,1247,9.58102697526296e-07,0.00465759862782655
5,625,1247,-1.15786290263224e-07,0.00574451798214937
5,1179,1247,2.39842949323591e-07,0.000605352344095416
5,294,1248,6.77616056889914e-08,0.00187743424802799
5,1303,1251,0.000246624963860651,0.000802118959692423
5,829,1252,-3.09643340030234e-10,0.000839666894937762
5,1360,1252,-4.29934177255062e-08,0.0030665310606146
5,810,1253,-5.09984552156803e-12,9.49037255568565e-05
5,286,1256,-7.04963235793489e-05,0.000137523642638599
5,1058,1256,-2.31882605116962e-09,0.000892930776551688
5,1223,1256,4.81297430311511e-08,0.00214508777427248
5,411,1260,3.06229757763452e-08,0.0108376901234603
5,966,1260,-3.11217441712347e-06,0.00360611541748236
5,1134,1260,-5.16329551275055e-07,0.00332779754183934
5,1571,1260,-3.65727274964812e-07,0.0102552134320736
5,1637,1261,-1.97454214699563e-06,0.00405806075530835
5,81,1263,-6.08557446819679e-08,0.00394453431587986
5,469,1263,4.9117894105328e-07,0.00780723118149089
5,1017,1263,-0.0017017429709609,0.00973988458727469
5,356,1265,-0.000749801696569726,0.0122921584142938
5,744,1265,9.27804293864921e-07,0.0112619476477374
5,1423,1265,-0.00140712307112102,0.00882659036868099
5,68,1271,2.89512961325735e-07,0.00424951656878103
5,521,1271,-0.000206577075626938,0.00208227278946176
5,1025,1271,-1.11754565723552e-06,0.00771538116078702
5,1288,1273,-6.34971596949519e-12,0.000578589138789261
5,84,1274,3.17658676075798e-07,0.00148148510098821
5,504,1274,2.13268115649672e-07,0.00979268717307939
5,939,1274,0.000760148997982392,0.00141932346345322
5,1446,1274,3.47873575373447e-08,0.00991167329446212
5,1159,1275,-0.000195270699583913,0.000256354733836009
5,1418,1275,1.36400732408281e-05,0.000793023173846022
5,830,1277,-2.37030777779698e-05,0.00144890894984982
5,1032,1280,-0.000172755704209639,0.00115874500365551
5,1372,1280,-0.000344383611006243,0.00107798485192895
5,368,1282,2.57358181903578e-07,0.00494934803551717
5,1160,1282,-1.04989241723478e-05,0.00418868429362483
5,1100,1283,1.8927965404681e-10,0.000315986320044094
5,1733,1285,-4.96689417351988e-08,0.00707908527453244
5,1747,1285,0.00162461547123994,0.00782272131674344
5,1589,1286,-4.10024963564596e-06,5.34232401721376e-05
5,1314,1287,-1.43595214889992e-08,0.00288015685025171
5,1643,1287,-5.57751507594609e-08,0.00314758566543711
5,795,1288,-2.33433084743594e-06,5.46821301118923e-05
5,1273,1288,3.0351760736031e-11,0.000530767361680982
5,1520,1288,1.10857417324894e-13,0.000106188793600328
5,1545,1291,4.5207735972911e-05,0.000467162633830919
5,902,1295,-2.84501416248033e-11,0.000335166052154257
5,1118,1295,-2.48259669674998e-09,0.00200977017773015
5,1594,1297,0.000176126528348476,0.000777836122691536
5,170,1299,-1.40829633887328e-10,0.000247840514257986
5,1416,1299,-1.04632002073894e-07,0.00110879584912889
5,506,1300,0.00165319666101281,0.00770767103039772
5,1449,1300,-0.00329381423955019,0.00540323453156364
5,1610,1300,-6.68293350903784e-07,0.0113391330013845
5,1625,1303,3.90749932141265e-09,0.00172265778420379
5,373,1307,-0.000283560975940008,0.00130842950748431
5,442,1307,4.98322728701166e-09,0.00197240560471627
5,659,1311,-9.49445221629446e-05,0.000318523002735471
5,1453,1311,0.000163423316419759,0.000764223432860742
5,672,1312,-4.12083271307438e-09,0.000538244097584389
5,401,1313,-5.96757604196077e-07,0.00201291848646623
5,1348,1313,1.60454585922519e-08,0.000993271438026437
5,914,1314,-2.63598794554572e-06,0.000749143240933159
5,1287,1314,9.77122620710622e-05,0.00714443050931885
5,1648,1314,2.36458397212494e-07,0.000500928298543342
5,627,1315,-0.000323883416732182,0.00870548147608515
5,1050,1315,1.6057818763368e-05,0.0179816352821
5,1404,1315,-2.96089569930885e-08,0.00829011756073034
5,338,1316,0.000252240510640992,0.000402501231746817
5,996,1316,0.00234051172307622,0.00380927224041561
5,1404,1316,8.84684715243767e-08,0.00831937755959246
5,287,1317,-0.000640785924852691,0.0023642468378138
5,566,1317,-0.000109612544312119,0.000825362150264662
5,608,1319,4.37743349244183e-11,0.000205111168560083
5,315,1320,2.04782656905483e-10,0.000513587671230951
5,1386,1320,-1.38221373429184e-10,0.000633793570746911
5,797,1321,0.000228524659942497,0.00148757299574344
5,1698,1321,0.000332516497882148,0.000777257559402354
5,106,1322,-1.94290224746e-10,0.00372639634857578
5,804,1322,6.67646310529673e-11,0.00101945704545703
5,613,1323,8.00455630190772e-05,0.000137130566681316
5,924,1324,-6.30479197929992e-09,0.00142779382234822
5,1635,1325,5.73840147800795e-09,0.000951231328296384
5,1750,1325,3.9149039599982e-09,0.000964347181471146
5,1754,1325,6.74505161777708e-09,0.0027090333111076
5,922,1326,1.58806929335363e-08,0.00297212117119236
5,1415,1326,-2.39356538706108e-09,0.00198646628901022
5,693,1327,-9.52004126057695e-05,0.000277775829267792
5,1015,1327,0.000436027756067836,0.000274123771880894
5,1208,1327,9.16460295198442e-05,0.000724152946141015
5,1160,1329,9.3508999704998e-06,0.022418819044519
5,1499,1329,-2.70363834226069e-06,0.0156662021896297
5,888,1330,0.00156795335911558,0.0087042369754571
5,1368,1330,7.38549668045526e-08,0.00869691065494338
5,861,1331,3.4167879709631e-11,0.000676404241679401
5,943,1331,9.61989841671464e-10,0.000948999223365106
5,1015,1331,-0.000436027756067836,0.000274123771880894
5,1053,1333,-3.74617243531298e-08,0.00102365273918581
5,1567,1333,0.00031456814515788,0.00527315282444088
5,395,1334,-7.63184268607358e-09,0.000588559454224494
5,1621,1334,-1.95974458139949e-10,0.000105501124648358
5,656,1335,0.000216138813111417,0.000438340364380398
5,696,1335,0.000232589638976529,0.000491737473866861
5,1053,1337,-3.71172756409061e-08,0.00103298620068509
5,1360,1337,-4.67807763707927e-08,0.00164229442522447
5,436,1338,-0.000132050065565683,0.00275766850078339
5,985,1341,1.94668107488794e-10,0.000893015418501611
5,1705,1346,1.72668909596429e-07,0.000858469560227088
5,1706,1346,-2.71354220439183e-07,0.00511463286834586
5,1034,1347,-0.000190545964420761,0.00101674040268182
5,781,1348,0.00235746579415321,0.00473470096578502
5,1420,1348,-6.41527041388551e-08,0.00936131120354474
5,1522,1348,-3.65935861570689e-08,0.000927169152358616
5,730,1354,-6.50629533670848e-14,0.000116003148352859
5,1024,1360,6.8827173755633e-07,0.00408083217084867
5,1055,1360,0.000156100552954284,0.00408110455009754
5,1337,1360,4.87633183555293e-09,0.00208820703972042
5,545,1363,-0.00288284493130668,0.00411714784451022
5,789,1363,-0.000991820692787372,0.000673129717368284
5,1016,1363,-6.74776617690533e-09,0.00207485852922702
5,599,1368,0.00279781129034808,0.00415638566315713
5,1330,1368,-0.000120638611009314,0.00952520095966073
5,1611,1368,-6.10975004927024e-08,0.00383853568488213
5,1713,1368,0.000417532771399998,0.00935593370889444
5,712,1369,-0.000230183734274909,0.000585285751025989
5,1128,1371,-5.9936194167414e-09,0.000717391526361742
5,1201,1371,-4.7077269129773e-05,0.000948021588493125
5,1280,1372,-8.29712654178303e-05,0.00183811263312868
5,1197,1373,8.92146213451001e-10,0.000595242868816675
5,797,1375,-0.000228524659942497,0.00148757299574344
5,1565,1375,-1.72497389892746e-10,0.000376997731158959
5,607,1376,6.56188801558897e-09,0.00104394400043447
5,966,1376,1.62924617292821e-07,0.0171202454043147
5,1144,1376,-1.09926705859488e-06,0.0195993905599738
5,1478,1376,-4.66990130958333e-07,0.000560721262405904
5,895,1377,-5.24238130861908e-08,0.00268985704731502
5,951,1377,1.09472732791816e-06,0.00611513843752999
5,1213,1377,-0.000310300003293693,0.00100116185380324
5,1448,1377,2.30567486769055e-09,0.00123326283092155
5,362,1384,-5.85020345646253e-10,0.00112765625655208
5,1437,1384,0.000204203193877713,0.000606543826439377
5,831,1386,-5.60971584016149e-12,0.000229738564502506
5,1320,1386,-5.15594625128843e-05,0.000478731930436272
5,1499,1386,-1.23700672558469e-07,0.00455466291690597
5,922,1387,-2.29585220575015e-08,0.00250984622320644
5,1528,1387,0.000109216341613459,0.000616979182723568
5,613,1389,-8.00455630190772e-05,0.000137130566681316
5,1036,1389,-4.09930123962732e-08,0.00355154715093617
5,1047,1389,-4.6460588340964e-05,0.00171689724328148
5,1608,1392,5.77518269838921e-06,0.000409938888999052
5,362,1395,-1.21525643786708e-09,0.000559270090250783
5,533,1395,4.00032597916878e-05,0.000231782106540886
5,993,1395,-8.56702760279377e-05,0.000306119074475334
5,864,1399,-0.000124918676437267,0.00135794802225846
5,1551,1400,5.32307406399107e-08,0.00075324438234943
5,193,1404,-0.00153641796958776,0.00625268435859956
5,930,1404,-5.65801909468682e-05,0.00061054989839275
5,1315,1404,-1.81972870758995e-06,0.0105968952397823
5,1316,1404,4.26189297405479e-07,0.00508680506478417
5,1102,1407,3.2882665729161e-10,0.000470822155559291
5,1468,1407,-8.66512429128197e-12,0.000204546055197775
5,1523,1408,-0.000430062947695905,0.000935323508420518
5,1660,1409,-5.31489832866006e-08,0.00246969229814816
5,1665,1409,1.73337943298087e-08,0.00189938773086672
5,1671,1409,1.59139406199923e-07,0.0014882776486437
5,109,1410,-0.000639483287798352,0.00129510230021629
5,385,1410,-0.00102233897655455,0.00254040264989804
5,480,1410,-3.59384433650421e-06,0.015479546756128
5,1494,1411,-0.000410184177030714,0.000467944710405933
5,338,1414,-0.000252240510640992,0.000402501231746817
5,878,1414,-4.1428546701182e-09,0.000576481567760428
5,996,1414,-0.00234051172307622,0.00380927224041561
5,1228,1414,0.00157084161318914,0.00853891105953745
5,369,1415,0.000105021311461678,0.00030589343916971
5,1326,1415,-0.000401791485776229,0.00218297962307099
5,1521,1415,6.14927294965992e-05,0.0011300805335012
5,18,1416,4.07002457518875e-09,0.00307985478702253
5,456,1416,-0.000159281542284109,0.0053145696578641
5,963,1416,4.76457964042147e-09,0.00614920590346712
5,1299,1416,1.04632002073894e-07,0.00110879584912889
5,966,1417,-3.16100316235285e-06,0.00512558488174096
5,1134,1417,-4.85298148585656e-07,0.000252470187964437
5,1478,1417,-4.75729609821946e-07,0.00590938027477076
5,1691,1417,-6.02941524398081e-07,0.0134071714727704
5,1275,1418,-3.85332552708412e-05,0.000233440391716897
5,1678,1418,1.48279389331597e-10,0.000617355435930292
5,1572,1419,0.00127058862718703,0.00207021813220365
5,1713,1419,-0.000417532771399998,0.00935593370889444
5,306,1420,-2.9309320144646e-09,0.00282174222919109
5,398,1420,-2.14353530480573e-09,0.0012135988440252
5,482,1420,-0.000678278401228819,0.00874324701197876
5,1348,1420,-2.15500767331453e-09,0.00370368975698099
5,878,1422,-2.81886545977616e-09,0.000457928688758575
5,1525,1422,2.39474297179407e-08,0.00366402180392443
5,724,1423,4.04125479153327e-09,0.0050590758892002
5,1265,1423,-3.19053331773706e-07,0.00388397759430235
5,805,1424,4.05441056307642e-11,0.000691333759646781
5,1057,1424,1.87810062655819e-11,0.000551279151750111
5,1507,1425,0.000239456159232616,0.000192814702534405
5,409,1430,-2.7941616470859e-05,0.000116544578019328
5,1406,1430,-2.56802088738763e-12,0.000291289658731601
5,924,1431,-1.03154496809347e-08,0.00084498663234456
5,1232,1431,-2.48761824989547e-08,0.00098257209526789
5,1440,1431,-0.000116650013610345,0.00122220818987266
5,916,1434,1.61985316767764e-09,0.00182120337444248
5,1623,1435,1.95633577790119e-08,0.0030590286893978
5,459,1436,-0.000133930044386514,0.0140170890693075
5,1221,1436,1.41903228691067e-06,0.0144699257991801
5,1558,1437,0.000134433669978428,0.000464335962250461
5,1481,1438,6.36378009550318e-05,0.000424116151277557
5,1062,1440,-9.48051384696261e-09,0.00195019379125722
5,1431,1440,-1.10458813746224e-09,0.000797525147112693
5,174,1441,-0.000383207753340899,0.000577871866212926
5,645,1444,9.59806470264363e-10,0.00257725998286628
5,1373,1444,-0.000534475477720217,0.000935023722425839
5,888,1446,-0.00156795335911558,0.0087042369754571
5,1239,1446,1.1788024007825e-08,0.00514726351852353
5,1274,1446,9.18213774707109e-07,0.0100008046383701
5,781,1448,-0.00235746579415321,0.00473470096578502
5,1377,1448,5.03494315751333e-08,0.00105512813687265
5,1497,1448,1.68521234512861e-09,0.000743174604729121
5,720,1449,0.00250495998493186,0.00627030459335147
5,1300,1449,-9.55605796573888e-07,0.00660452455242992
5,1329,1452,-2.4261431469911e-06,0.00961568551400874
5,1590,1452,2.06764387002321e-09,0.00255067340908216
5,1311,1453,-0.000266846018762578,0.000777383068700064
5,1459,1453,-1.16706451951631e-05,7.42803385070154e-05
5,84,1454,4.60312376133856e-07,0.00741610377178329
5,504,1454,-7.15792582998241e-07,0.00332736481832352
5,917,1454,-9.37332824269758e-05,0.00714632029834451
5,824,1456,-0.000141691591406787,0.000435453530692028
5,1154,1459,8.54899308735386e-05,0.000348044730570556
5,1453,1459,-0.000163423316419759,0.000764223432860742
5,1687,1460,0.000265505211190268,0.00096532510058337
5,84,1462,-1.54431736954691e-07,0.0117569838803114
5,786,1462,-1.19307001821051e-06,0.0171361046489801
5,939,1462,-0.000760148997982392,0.00141932346345322
5,1232,1462,1.03679822969777e-07,0.00334896784983911
5,1228,1463,-0.00157084161318914,0.00853891105953745
5,1239,1463,-9.59945083179237e-08,0.00468921126619589
5,1649,1463,0.0028478419040831,0.0104897946979806
5,1484,1466,-3.61143476701783e-05,0.000490952573204728
5,1407,1468,-7.06307405178082e-05,0.000633052131798724
5,421,1469,-0.000125234226243853,0.000222751984187069
5,1621,1469,-4.97974928315846e-11,0.000653183808006625
5,1485,1471,6.85891857163084e-09,0.006160649168632
5,1555,1471,3.89284189004638e-10,0.000788410354362665
5,1700,1471,2.20353631864647e-08,0.00462240394437212
5,1277,1475,-3.13395134705915e-05,0.000955811139895256
5,1349,1475,-0.000102408920663288,0.000214736677126373
5,1037,1478,7.70928652669577e-08,0.00540870707150028
5,1376,1478,2.55441858856309e-06,0.000386551454621039
5,1417,1478,5.77795781049881e-07,0.0119235115311451
5,1438,1481,0.000253525742114999,0.000475690365193096
5,1676,1481,0.000287102648480679,0.000527693150659317
5,504,1483,-1.105318249699e-06,0.0118538387686197
5,1221,1483,-1.59924724479458e-06,0.0122857780603139
5,666,1484,-0.000174570962149395,0.000326075812703883
5,1471,1485,-6.85891857163084e-09,0.006160649168632
5,315,1494,8.9387380590936e-10,0.000409323807221281
5,1411,1494,-0.000334738432434854,0.000569529569455582
5,938,1497,5.44465358187007e-08,0.00410046130188144
5,951,1497,5.21064768348261e-06,0.0048714142337634
5,1448,1497,2.88697956413714e-09,0.000952925360154223
5,1504,1497,2.0408365707327e-07,0.0113190221613677
5,1176,1499,4.3850662155454e-06,0.0226829992477412
5,1329,1499,-7.62215388480217e-06,0.0162178585676225
5,1386,1499,-2.56184746946057e-10,0.000376434169601282
5,938,1500,-4.44727975472456e-07,0.0042038105583318
5,1020,1500,4.8173577537528e-07,0.00939774974097915
5,1681,1500,-7.9890228405822e-06,0.0112544409894725
5,215,1501,-0.000436011595744403,0.000895111411583183
5,1246,1501,1.07449274023995e-07,0.00244246583985883
5,166,1503,-3.77493181319393e-06,0.000524388618998257
5,321,1503,1.50058826232097e-10,0.00106209893783215
5,914,1504,-1.21870456743387e-05,0.0130837845971968
5,1497,1504,-4.60328633054279e-09,0.000747870228756948
5,1578,1504,3.18686665225327e-06,0.0187773730131374
5,1210,1505,5.76298048823643e-07,0.0028421635694673
5,1636,1505,0.000453023569132315,0.00225835303017938
5,1425,1507,5.65218305079547e-11,0.000646188196345619
5,1558,1512,-0.000134433669978428,0.000464335962250461
5,1591,1512,0.000251196448832399,0.000807443688309546
5,439,1519,-0.000136450795980829,0.000256182804866738
5,625,1519,-1.46900682470241e-07,0.021543660665201
5,808,1519,-0.000267393931915433,0.000933481073011784
5,1144,1519,7.36406931306626e-06,0.0171182080466714
5,1288,1520,-8.07881117320608e-11,0.000164109067201274
5,1415,1521,-1.49848524372598e-09,0.00158304291190853
5,398,1522,-8.35429305267011e-11,0.00103304080212263
5,1036,1522,-1.2242056305654e-07,0.0034591137380038
5,1348,1522,2.04262529788479e-09,0.00270393395446362
5,1638,1522,-0.000828584693826071,0.00526937983610577
5,597,1523,0.000446672261788961,0.00119003535436301
5,1408,1523,0.000430062947695905,0.000935323508420518
5,1059,1525,2.85506520311744e-07,0.00996738865660094
5,1422,1525,-1.52730941133775e-05,0.000514577149472069
5,1691,1525,-5.11477955701317e-07,0.00718468870618119
5,1109,1526,-3.30913749472433e-07,0.000652672682833726
5,1611,1526,6.23202108538739e-08,0.00190619460192955
5,1689,1526,-1.69119297402402e-07,0.000800331010652672
5,1610,1527,-2.08048524968222e-08,0.00190132643664643
5,1387,1528,-0.000109216341613459,0.000616979182723568
5,1059,1529,1.29724526096237e-07,0.0107087683935696
5,1551,1529,1.42751735963853e-07,0.00229544307336351
5,1600,1529,-2.56910889371159e-08,0.00114995588035006
5,1701,1529,0.00141925809462417,0.0114740129304537
5,1086,1530,-2.79244051366333e-12,0.000137129744821046
5,1109,1531,5.30414928862135e-07,0.00678770376858183
5,1606,1531,3.15120796699476e-07,0.0052354571074925
5,1654,1531,-5.61160554688746e-06,0.00450952034099296
5,645,1534,-1.98144381951717e-10,0.00546201208325136
5,854,1536,2.82404550591233e-07,0.00755052263955992
5,1244,1537,-0.00016961854056481,0.00151753681460864
5,1134,1538,6.26156591493839e-07,0.0121443256967083
5,1571,1538,-4.5746161436595e-08,0.00566358805178492
5,1637,1538,-4.79297774899147e-06,0.0154264499299596
5,1607,1542,5.24128765038388e-05,0.0016068871948595
5,1587,1543,5.17022223042838e-07,0.0136967177249466
5,1648,1543,-2.07701850919621e-07,0.00629771290908832
5,1733,1543,-2.33648697187544e-08,0.00434808696471283
5,533,1544,-4.00032597916878e-05,0.000231782106540886
5,687,1544,-0.000106808908753615,0.000210918044233276
5,1291,1545,-4.5207735972911e-05,0.000467162633830919
5,1585,1545,-0.000354676547477727,0.000662214710202783
5,1607,1546,-5.24128765038388e-05,0.0016068871948595
5,1654,1547,-2.01441975161049e-05,0.0257371850572263
5,1720,1547,-4.92259535481545e-05,0.0228779168803428
5,964,1548,4.72176631500125e-09,0.000659610430307519
5,1564,1550,-3.30635557521515e-09,0.000725035100218438
5,1400,1551,4.68556956273112e-12,0.000372405314719132
5,1529,1551,1.47558073058978e-07,0.00411152026031238
5,1600,1551,-2.74528675409395e-08,0.00274252748072313
5,1649,1551,-0.0028478419040831,0.0104897946979806
5,1208,1552,-9.16460295198442e-05,0.000724152946141015
5,1731,1552,0.000731006896187033,0.00324515507618637
5,1709,1554,2.96221040171039e-06,0.0075764650476266
5,1471,1555,-4.27213381220172e-10,5.31411728170452e-05
5,597,1556,-0.000446672261788961,0.00119003535436301
5,1198,1556,2.01278566298724e-09,0.000409574355980424
5,1665,1557,1.08174082953371e-08,0.000805665043436469
5,1437,1558,-0.000204203193877713,0.000606543826439377
5,1572,1561,-0.00127058862718703,0.00207021813220365
5,1587,1561,-6.88804553816647e-07,0.00543880775122129
5,1643,1561,-1.30553785530429e-07,0.0047718927194499
5,1550,1564,8.26632650582293e-13,0.000291013453851449
5,1627,1564,-2.055286827785e-07,0.002408319061384
5,1375,1565,-5.79770263892847e-05,0.000729031519621776
5,1333,1567,-0.00124988953725191,0.00449118260186411
5,1602,1567,0.00031456814515788,0.00527315282444088
5,1260,1571,-3.65748717096299e-07,0.0101797265607449
5,1538,1571,4.81567395973854e-07,0.00181618963249637
5,1699,1571,-6.01237050125101e-06,0.0021992443015018
5,1706,1571,2.57320943596087e-08,0.0148202602328653
5,1419,1572,0.0025976089564883,0.00249150737371825
5,1561,1572,-7.14494860757929e-09,0.00165106770431711
5,497,1575,-0.000293489258238036,0.000744966461044375
5,985,1575,-8.3142384379563e-10,0.0010923536795624
5,1619,1576,-4.18728986983673e-05,0.000930927181257038
5,1698,1576,-0.000332516497882148,0.000777257559402354
5,1166,1577,1.74639650061035e-09,0.00142324896674857
5,1504,1578,9.61596991037451e-06,0.0115826355970022
5,1648,1578,4.19367896492872e-07,0.00648649112735281
5,1681,1578,-1.05265777415641e-05,0.0186649483526375
5,1582,1579,-0.000339451459237597,0.000842642901007209
5,395,1580,-6.0935231743149e-09,0.00104218900535117
5,1335,1580,-8.52804204475068e-11,0.00118978306310046
5,312,1583,-0.000271658000874152,0.000787947130947164
5,1438,1584,-0.000253525742114999,0.000475690365193096
5,820,1585,7.16381262007885e-10,0.00106652746543518
5,1545,1585,-4.5207735972911e-05,0.000467162633830919
5,1543,1587,3.98291262869766e-07,0.012473111136821
5,1561,1587,4.21405287928783e-09,0.00664851581820752
5,1632,1587,-0.00389549953959923,0.00741270776709591
5,1661,1587,0.00410282227646567,0.0057345845038489
5,570,1588,6.13284355379323e-08,0.0158371192846243
5,1133,1589,6.00053806114113e-08,0.000974338238051429
5,1286,1589,5.85691618464982e-12,7.12539860961198e-05
5,1222,1590,-0.000375267733679993,0.000440090605416409
5,1635,1590,-6.00161431542153e-09,0.00164131510169542
5,1727,1591,-1.06229993222153e-08,0.00100932460434464
5,1133,1593,7.78300261976444e-08,0.00203431724470486
5,1521,1593,-6.14927294965992e-05,0.0011300805335012
5,1297,1594,-0.000308692034225859,0.00134113985672261
5,1471,1595,-4.00001783572216e-10,0.000109942751427956
5,1109,1600,-7.78229179126149e-07,0.00710271175193487
5,1529,1600,3.22780951460906e-07,0.00406503638748326
5,1551,1600,6.55035191979545e-07,0.00770904982676696
5,1611,1600,8.14675237437473e-08,0.00282255042530086
5,1567,1602,-0.00031456814515788,0.00527315282444088
5,1608,1602,-5.77518269838921e-06,0.000409938888999052
5,1680,1603,0.000295454849536653,0.000554462239275771
5,1758,1603,8.96299157624436e-05,0.00106711533760402
5,1531,1606,6.10710894448647e-09,0.00368441249992632
5,1662,1606,0.0110673507983961,0.0180623511683781
5,1709,1606,-1.75731273052771e-06,0.016367284761161
5,1546,1607,5.24128765038388e-05,0.0016068871948595
5,1392,1608,-4.87640678978559e-11,0.000552875666681219
5,1602,1608,5.77518269838921e-06,0.000409938888999052
5,803,1609,2.25243947193415e-06,0.00866369025763502
5,1125,1609,0.000399837825644099,0.00807165393387178
5,1168,1609,6.20222936114684e-09,0.000495441242646405
5,599,1610,-0.00279781129034808,0.00415638566315713
5,786,1610,1.45403299386427e-06,0.0160407188290313
5,1300,1610,5.5441868539141e-07,0.0172754676253532
5,1527,1610,-2.73470710395733e-11,0.000869312472986541
5,1368,1611,1.05031710041215e-07,0.00441487513806183
5,1526,1611,3.35987219324009e-10,0.00121505436528242
5,1600,1611,-2.84849531531402e-08,0.00281653976288835
5,1627,1613,-2.04951488107214e-08,0.0018482276752198
5,1751,1613,0.000477724998565522,0.00106718755612516
5,1154,1619,-8.54899308735386e-05,0.000348044730570556
5,1576,1619,0.00194015488969544,0.00411150419370918
5,1738,1620,0.000169957828763413,0.000663470233213572
5,369,1621,-0.000105021311461678,0.00030589343916971
5,1334,1621,-0.00012235650592426,0.000319488862441495
5,1469,1621,7.239817276232e-11,0.00116111953721808
5,1678,1622,-7.91745563371336e-10,0.000570246473166342
5,1435,1623,-0.000173408092184132,0.00309837365245531
5,1645,1623,0.000680730551243094,0.00627561659379127
5,1659,1623,-0.00018962525071388,0.000495190311324299
5,933,1625,0.000265029726968457,0.000912938503567236
5,1303,1625,-0.000246624963860651,0.000802118959692423
5,1700,1625,-5.37246281712162e-08,0.000758433892803593
5,1507,1626,-0.000239456159232616,0.000192814702534405
5,1564,1627,4.25832561113411e-09,0.000497372265918129
5,1613,1627,0.000477724998565522,0.00106718755612516
5,578,1629,-2.9428957017855e-07,0.0096058744453244
5,600,1629,0.000318366791477006,0.00112440090922119
5,720,1629,-0.00250495998493186,0.00627030459335147
5,1016,1629,-1.09225453418539e-08,0.00259489395705287
5,957,1630,-4.26763460629004e-05,8.55007728402587e-05
5,1687,1631,-0.000265505211190268,0.00096532510058337
5,865,1632,0.00282976901565228,0.00791483515136641
5,1587,1632,-5.57078767127001e-07,0.00858107957790166
5,1325,1635,-2.50853877485048e-09,0.00107601433080014
5,1590,1635,-2.62777993119791e-09,0.00222360197543825
5,1680,1635,-0.000295454849536653,0.000554462239275771
5,1505,1636,-4.61471363729776e-09,0.000261011231391511
5,1658,1636,0.000453023569132315,0.00225835303017938
5,1538,1637,-4.66891097592486e-07,0.0116673925361796
5,1691,1637,8.6492815344227e-07,0.00868240461922802
5,1720,1637,2.63172934732116e-05,0.0246659944933339
5,938,1638,-9.59536931550843e-08,0.00640944321531115
5,1522,1638,1.14527659059081e-07,0.00446891328381612
5,1013,1639,3.25946402883049e-10,0.000826011716517274
5,1693,1639,7.31861560100907e-06,0.00211645671401948
5,656,1642,-0.000216138813111417,0.000438340364380398
5,696,1642,-0.000232589638976529,0.000491737473866861
5,820,1642,6.46654053079645e-10,0.000740539879165229
5,506,1643,-0.00165319666101281,0.00770767103039772
5,600,1643,-0.000318366791477006,0.00112440090922119
5,1287,1643,-9.77122620710622e-05,0.00714443050931885
5,1561,1643,-1.06639363438321e-08,0.00233898004243347
5,1623,1645,7.75355569451943e-09,0.00509707329933478
5,1710,1645,0.000680730551243094,0.00627561659379127
5,1314,1648,-5.06319100623702e-08,0.00180645438820958
5,1543,1648,5.81237267803876e-07,0.00687504406951524
5,1578,1648,2.64838451950179e-06,0.00850486821405817
5,1463,1649,5.70265428631053e-07,0.00615953850148966
5,1551,1649,-5.51923617701405e-07,0.0052859475855793
5,1509,1651,-3.73158529397327e-11,0.00107783875298344
5,1627,1651,-1.85210100156786e-07,0.000170526133338995
5,115,1652,3.9534636896575e-09,0.00301266526670513
5,362,1652,-9.78674071172221e-10,0.00099316447068131
5,1531,1654,3.04477571761589e-09,0.00487749197739176
5,1547,1654,0.000573951740205956,0.0243865174165342
5,1662,1654,-0.0110673507983961,0.0180623511683781
5,1701,1654,-0.00141925809462417,0.0114740129304537
5,1577,1655,-8.50061285550033e-05,0.00157322412533487
5,1656,1655,0.000595408675966487,0.000680031629842085
5,1736,1656,0.000595408675966487,0.000680031629842085
5,1636,1658,-0.000453023569132315,0.00225835303017938
5,933,1659,-0.000265029726968457,0.000912938503567236
5,1623,1659,2.25965067245216e-08,0.00112841677809588
5,1409,1660,5.31489832866006e-08,0.00246969229814816
5,1587,1661,-3.50726382839246e-07,0.00554695926834925
5,1762,1661,0.00410282227646567,0.0057345845038489
5,1606,1662,3.41410039906996e-07,0.0122263258316803
5,1654,1662,1.06027353066055e-05,0.0275282890956517
5,1714,1664,0.000111580741859583,0.0013914182509876
5,1064,1665,-2.46994279266396e-07,0.00637529634317535
5,1409,1665,1.30593672414256e-07,0.00209208319768442
5,1711,1666,5.39643691735816e-10,0.00271540019034437
5,1127,1670,3.64859178534261e-08,0.00566279122617384
5,1125,1671,-0.000399837825644099,0.00807165393387178
5,1210,1671,9.37275042852695e-07,0.00602425946926088
5,1409,1671,2.70605560710598e-08,0.00174629645339247
5,1594,1673,-0.000176126528348476,0.000777836122691536
5,1481,1676,-6.36378009550318e-05,0.000424116151277557
5,1716,1676,0.000287102648480679,0.000527693150659317
5,1418,1678,-1.36400732408281e-05,0.000793023173846022
5,1722,1678,8.30831124419637e-10,0.000364544379296065
5,1603,1680,8.96299157624436e-05,0.00106711533760402
5,1635,1680,3.43379791981595e-09,0.00106931697897123
5,1500,1681,-3.13935589504349e-07,0.0155757211056003
5,1578,1681,-3.10902886964712e-06,0.0253510532417446
5,1747,1681,-5.19922255180431e-06,0.0282291657835687
5,1695,1682,2.65553106248578e-11,0.000382080354858965
5,1460,1687,-0.000265505211190268,0.00096532510058337
5,865,1689,-0.00282976901565228,0.00791483515136641
5,1526,1689,-7.84604755951372e-09,0.00153296223475639
5,1709,1689,2.36362617176889e-06,0.00479290298001417
5,1417,1691,-2.30865782488956e-07,0.0131989800521149
5,1525,1691,-3.40326816829399e-07,0.00661002191920934
5,1637,1691,-2.16891353883132e-06,0.0140339176808896
5,1176,1693,-6.25795272553484e-06,0.0153139237477467
5,1639,1693,-1.20895289153865e-05,0.000677496323194979
5,1699,1693,-8.93022810589501e-06,0.0130917493425282
5,1682,1695,-2.65553106248578e-11,0.000382080354858965
5,1576,1698,-0.00194015488969544,0.00411150419370918
5,1571,1699,-3.06983129754106e-07,0.0091711842019772
5,1693,1699,3.95768760648535e-05,0.0185431616045417
5,1704,1699,0.00406643480334381,0.0074977453127566
5,1055,1700,-0.000156100552954284,0.00408110455009754
5,1471,1700,6.40943919410423e-09,0.0062044566144108
5,1625,1700,4.89980384397912e-10,0.000264070717213647
5,1529,1701,5.25791331147831e-07,0.0102058677331585
5,1654,1701,-1.59298868083361e-06,0.0142905122242266
5,1699,1704,5.82472227670258e-06,0.0125706471159961
5,1740,1704,-4.22785547206052e-06,0.00782994450357404
5,1346,1705,0.00292789064495969,0.00488676207070315
5,1720,1705,-3.53680692058799e-05,0.00537973674546798
5,1763,1705,1.00112650634425e-06,0.00733724043236138
5,1346,1706,-0.00292789064495969,0.00488676207070315
5,1571,1706,3.76657656148444e-07,0.00998733522264487
5,1740,1706,-2.59282843185649e-06,0.00626773515149877
5,1606,1709,5.11913428852814e-08,0.0227574743495885
5,1689,1709,-1.63546016274161e-07,0.00413804282143324
5,1756,1709,-3.64941666536391e-06,0.0108389563578392
5,1645,1710,-0.000680730551243094,0.00627561659379127
5,1368,1713,4.1626521884836e-08,0.0060811603795012
5,1419,1713,-0.0025976089564883,0.00249150737371825
5,1738,1714,-0.000169957828763413,0.000663470233213572
5,1676,1716,-0.000287102648480679,0.000527693150659317
5,1547,1720,-0.000573951740205956,0.0243865174165342
5,1637,1720,2.6095505677629e-06,0.0211175082495107
5,1705,1720,5.83233592856121e-08,0.00563530187102227
5,1678,1722,-8.30831124419637e-10,0.000364544379296065
5,1591,1727,-0.000251196448832399,0.000807443688309546
5,1552,1731,-0.000731006896187033,0.00324515507618637
5,1285,1733,0.00162461547123994,0.00782272131674344
5,1543,1733,3.99432730436293e-07,0.00461334320087091
5,1762,1733,7.34653017834824e-08,0.000458117019062398
5,1210,1734,-3.56943806815884e-07,0.0105407802430641
5,1656,1736,-0.000595408675966487,0.000680031629842085
5,1620,1738,-2.09673425679531e-10,0.000920379888688807
5,1714,1738,-0.000111580741859583,0.0013914182509876
5,1704,1740,-0.00406643480334381,0.0074977453127566
5,1706,1740,-2.23534010349719e-07,0.0070801805155329
5,1763,1740,6.23407106270712e-07,0.0125479190999025
5,1285,1747,-0.00162461547123994,0.00782272131674344
5,1681,1747,5.19922255180431e-06,0.0282291657835687
5,1325,1750,-3.9149039599982e-09,0.000964347181471146
5,1613,1751,-0.000477724998565522,0.00106718755612516
5,1325,1754,-6.74505161777708e-09,0.0027090333111076
5,1709,1756,3.64941666536391e-06,0.0108389563578392
5,1603,1758,-8.96299157624436e-05,0.00106711533760402
5,1661,1762,-0.00410282227646567,0.0057345845038489
5,1733,1762,-7.34653017834824e-08,0.000458117019062398
5,1705,1763,1.09754019287492e-07,0.00996435427972518
5,1740,1763,1.49769606112474e-06,0.0213442124004509
5,1767,1763,-4.61725016785119e-07,0.0272889168240555
5,1763,1767,4.61725016785119e-07,0.0272889168240555
