5765.86545380599,1868.3216692993,44,1
5493.45072136338,1422.35417339817,44,1
5804.68706739448,3706.74910529761,44,0
5871.02876037433,4187.01987984331,44,1
6047.86824245657,3282.43307506619,44,1
5056.24857021096,969.007478135227,44,1
4943.41939844122,1487.44305121649,44,0
3424.45292925265,5901.00070288411,44,0
6038.24815183728,3378.04457857168,44,1
5692.50403166118,3303.01833808813,44,0
5077.62959983178,1913.21622589776,44,0
6064.79607402651,3470.23095455176,44,1
5268.94164938604,1409.5266151096,44,0
5779.74951971606,2587.26754813465,44,0
5219.20246362409,1103.36990033975,44,1
5164.71661348452,4970.94153967448,44,0
6015.24452954093,3776.63122818691,44,1
4980.29479430512,1323.80092402188,44,0
4483.43128826829,784.730807707595,44,0
5196.86039389363,1347.67903523187,44,0
1248.15134904853,980.669055592541,44,1
1131.58245024722,1277.33378843793,44,0
5144.14658556971,1031.30327486583,44,1
5131.80690140485,5061.73172301728,44,0
3005.19701463836,582.12427295296,44,0
5849.15369124342,3619.13261248309,44,0
5045.2135875746,1473.29982498736,44,0
4193.40872808394,5791.05460857447,44,0
5721.25264303906,3486.51224150476,44,0
4836.76401728388,5301.24125313108,44,0
5384.54915297892,3205.28677838204,44,0
5786.85839341544,2412.91481902268,44,0
5299.61779609204,1797.28643356769,44,0
6013.24687079429,2547.5568246285,44,1
1073.24140986423,4914.25143493707,44,0
4731.51751709926,709.948159159438,44,1
4911.78150841065,1055.04468081903,44,0
964.541973459625,1389.21030545192,44,0
5738.26210460991,2500.17309946702,44,0
1293.94291124744,4897.04299672326,55,0
1334.96800032611,1040.07539509374,44,0
4410.35943974908,5388.23615030417,44,0
465.424822999699,2089.16696003905,44,1
2288.61354875782,5844.20216976435,44,0
1066.79204539438,5012.90026613813,44,0
3052.3716673375,5726.77512892732,44,0
835.392263711956,4714.79656947264,44,0
1620.04114096093,5270.52849031585,44,0
5060.48334337718,4985.05275881732,44,0
2467.13086949667,5783.57457607135,44,0
5589.95428829815,4276.76932541757,44,0
3569.93535115332,5598.90553400839,44,0
5092.33375725461,4895.93802479284,44,0
5235.48339911783,5219.74851182525,44,1
4213.53204936433,5260.94335414147,44,0
1811.56737348411,5432.89438542751,44,0
5503.93710534164,1697.90334090488,44,0
5927.95672469032,2242.31954507287,44,1
5552.96325064363,1498.12147514163,44,1
5606.60283120559,4725.36801256375,55,1
5246.68377611344,4920.34762479468,44,0
1356.89396587578,5394.49455052733,44,0
5086.15849675987,2093.16785429978,44,0
4120.24198673933,481.692900474848,44,0
2796.71015327464,6018.97553980336,44,0
4362.02833446396,5472.48529466653,44,0
1245.97920614227,5202.48607875612,44,0
4338.62515920202,1042.75777315625,44,0
2887.15553891638,5625.08960925131,44,0
3054.55839947327,5831.8191362945,44,0
2022.63019822087,5519.61367151777,44,0
4637.27137663151,1586.07141164293,44,0
2061.31509731411,1081.56506045661,44,0
4434.5709870172,1029.72840555538,44,0
1325.10626299313,1317.89205455894,44,0
5717.88681623504,3900.4334707442,44,0
5530.54334609583,4620.28224698014,44,0
3107.78802289554,5989.90650208417,44,0
5938.6614362702,2731.61410799081,44,0
5306.60259138583,2069.00134210306,44,0
5216.68685764434,1743.71164793967,44,0
2038.98743303797,5067.51066320635,44,0
4894.60491563864,1156.12013226801,44,0
1455.64967023741,1130.91722280958,44,0
5822.25231699114,3895.45088666638,44,0
2112.94868344119,5129.83204049043,44,0
2443.17167621979,5685.73748013783,44,0
1668.70315906837,668.480788843326,44,1
2384.94225274173,5841.54764213844,44,0
5333.83254861067,3886.36235796246,44,0
3753.40688581218,417.733699417853,44,0
1596.53191744487,5489.58781123799,44,0
5941.98469508502,3227.87364835123,44,0
5346.5246296827,4582.23646219948,44,0
1728.01086702276,5244.21871518873,44,0
712.237735239051,1621.19188334501,55,1
4314.67462176689,5597.0155789267,44,0
5729.50923614254,4553.10677482197,44,1
5458.20125508939,2428.04545650161,44,0
5129.93001519721,2330.29408643042,44,0
1488.46502320204,4936.73197738081,44,0
4586.14442007633,1507.441409751,44,0
5811.67720347014,1953.29310187243,44,1
6017.52557269409,2650.88191323146,55,1
2252.67635621199,5600.13531690565,44,0
5552.30516668992,2383.91615301001,44,0
3204.0530665258,5673.86599248121,44,0
3753.77422529798,828.191545530373,44,0
3855.29756506787,5786.30808103626,44,0
4983.12126510911,1189.82604735273,44,0
1609.03436894574,1269.6605797449,44,0
1941.34299880464,547.855306753237,44,1
5084.13767945781,3899.887972809,44,0
3825.36821339617,5259.24201428324,44,0
5947.94967350404,3132.10390641078,44,0
929.044118659034,1748.05923636822,44,0
4902.72702479005,5400.32875997259,44,0
5757.02701050844,4453.81603083774,55,1
644.365457054711,2429.28146822386,44,0
5381.30269119045,4352.96065891307,44,0
2308.55040916734,5404.61341199671,44,0
2604.17801776682,5932.1947368183,44,0
6035.38632819723,3670.38357513421,44,1
940.380900451813,1653.76913964794,44,0
4252.99700899124,736.230394222397,44,0
4467.87987066694,5678.69101872613,44,0
1283.40082709628,1607.65154325174,44,0
4586.81582398586,5467.6230116951,44,0
5799.82495284171,2318.29799047347,44,0
5841.84617947,2056.94837741778,55,1
5304.52137615359,1304.62350337458,55,0
5893.06653131824,2145.90342578367,44,1
4174.16337149425,5490.25944092398,44,0
480.871429693515,3122.6872936313,44,0
1212.2805076164,4816.43753703297,44,0
5527.01522221254,1980.67576824917,44,0
5260.5059982505,1888.67714578976,44,0
1136.20684177969,5202.99063593549,55,0
5412.59582170804,1353.19643024507,55,1
1542.16795897596,978.840853155852,44,0
1209.73795974834,5109.30970150473,44,0
4288.82206342834,1134.02736071817,44,0
5918.77694544422,2592.72284847686,44,0
4423.16960220534,703.965419483629,44,0
589.868597628215,3422.0709495053,44,0
3328.89796574977,587.810409980364,44,0
2130.75862888333,5318.69671710062,44,0
2817.65281994273,5356.62749234662,44,0
1686.96312739609,5339.62689872411,44,0
5650.60322024161,1686.29867436231,55,1
5406.08073377493,2531.09100379429,55,0
989.113626909024,2125.05480121614,44,0
2943.86381154021,363.499597683031,44,0
2315.88358376943,5303.27684806692,44,0
4846.0591556687,1495.92040851781,44,0
3927.28645082514,484.314457891076,44,0
1110.24420901415,5099.72406750197,44,0
726.852189697486,1736.99897453162,44,0
1964.58818136681,4915.4267204961,44,0
5409.1109807931,1668.43392442637,44,0
4807.35438848683,5413.25938692709,44,0
5378.6405820135,2146.59135611671,55,0
528.179652382904,2681.58415688916,44,0
840.388896448514,4020.96124210353,44,0
4229.38476982297,5161.63809076089,44,0
4382.07795820567,5723.14342045812,44,0
941.656049067353,2846.66319110081,44,0
5687.18942369263,2383.88912302141,44,0
909.427392437994,3744.96152922817,44,0
5515.00475289014,2504.67297851326,44,0
5487.3927299494,4408.63749039377,44,0
5282.43419201416,1187.63713699974,55,1
4041.92657423739,5757.7325681085,44,0
2342.52849580923,5750.8654638076,44,0
2637.76612428206,5250.1750368299,44,0
1929.82585416151,5136.49654772862,44,0
5188.00001941837,4474.95493025715,44,0
1983.3788987294,5427.86155306034,44,0
3462.59970820144,263.569026207356,44,1
3622.12962615821,5689.12517143415,44,0
1427.59043687854,4753.2786503677,44,0
1817.41499152775,5535.20143136506,44,0
4332.44000278624,670.079507595261,44,0
4388.72742300141,1124.20714679628,44,0
5234.99464276859,3254.00464191891,44,0
4071.56653756518,396.245688838615,44,1
3095.84489076024,442.559279128372,44,0
4308.81441292864,5262.91372654968,44,0
4818.22973364854,1027.91754790745,44,0
4487.3389693061,1109.15516774218,44,0
5485.53533942016,3200.15277465957,44,0
637.080809365278,4575.27681814329,44,1
1884.01143397135,5729.20848333048,44,0
4270.95437728331,5499.62329063361,44,0
2645.1421133493,315.626656913905,55,1
2831.1860640289,746.770691587521,44,0
2455.25596041167,610.103330414959,44,0
5620.70623828239,2708.5832539995,55,0
4111.87630472737,5562.22418894491,44,0
3081.00559239293,5394.60457470307,44,0
3767.26797464821,312.81407766103,44,1
3341.13025489402,5834.2091430572,44,0
4656.44800082654,5402.56378381245,44,0
3288.63038253439,5600.3152435662,44,0
5038.65456093691,5261.17006768734,55,0
5174.60096923575,4844.83255369203,44,0
731.75574772542,1832.61721119562,44,0
5846.81382639161,3407.39629041462,44,0
5438.98973801849,4677.73864454542,55,0
800.183346257587,1912.43825105259,44,0
1340.40351796634,927.376661606964,55,1
4099.36601382633,5421.27805952703,44,0
968.237364634823,1277.81201745056,55,1
4717.97647959298,4631.73863419727,44,0
3454.40230973209,5465.71489994323,44,0
4441.37834756369,5172.61585895942,44,0
5082.54514233222,1361.61046706574,55,0
5614.85875545719,3600.65032482391,55,0
5520.36956854764,4800.81105067475,55,0
3862.9496804512,5354.61415123993,44,0
2593.41722188514,5826.90596413937,44,0
3135.13715953788,299.989721284384,44,0
1849.66387075523,5089.50786707069,44,0
2742.41150489318,5416.95674184061,44,0
3421.87748502431,360.027753503463,44,0
4945.77737020483,1793.9823729404,44,0
5187.48259234399,3860.08991860565,55,0
2737.46813664847,728.220071942281,44,0
5976.82213997313,3873.58328569098,55,1
1534.22529275495,1079.53036679411,44,0
1495.92820734118,778.514216819565,44,1
5057.9743354074,1252.97785805009,44,0
4837.63006816006,5543.30810464893,44,1
5350.77298909987,4934.37409398229,44,0
5412.42967302591,2024.07907732196,55,0
4814.19378817966,763.610715659288,44,1
4557.64034994172,1216.69637423369,44,0
679.557045270126,1912.42074551946,44,0
1507.92731630196,1258.2288947026,44,0
1521.44219153422,5246.470556647,44,0
3576.91774730983,410.74621064776,44,0
4292.13613360823,831.501360189691,44,0
5156.49643451346,1982.51468399794,55,0
5615.34528457392,4079.9741233997,44,0
5729.00749380989,2775.91284612444,55,0
1109.21946713032,4542.75556893854,44,0
1779.5161108621,4903.44343901914,44,0
1353.96825826375,5189.0814115144,44,0
4906.57519875324,1398.29790660088,44,0
2995.97630433389,5356.79932295292,44,0
4646.91640304076,1008.60873505863,44,0
3925.75263455706,693.244642890932,44,0
710.850544541946,2794.67306910574,44,0
3522.46899074386,5927.81057153165,44,0
5536.73640324633,3316.16142379025,44,0
4679.68370526098,5089.79335429363,44,0
5375.30398987851,4254.87815052679,44,0
631.982893470441,2852.43403450199,44,0
1814.04642851407,5640.92212287371,44,0
1186.61838204978,1185.88669968322,55,0
5822.1283357236,4369.20250181791,44,1
3667.9725472036,765.913357460109,44,0
5598.88092508308,2052.52569152151,44,0
5615.78788788962,3883.34323246585,44,0
3637.03386342015,5922.12403830736,44,0
1384.49891258416,4968.74492936135,44,0
4964.47910830707,5172.52119770508,44,0
2233.65529388985,5499.45921726769,44,0
5743.80937681386,3394.46442514498,44,0
4111.7075602017,5839.34823705243,44,0
3356.24546386704,271.379265573076,55,1
557.268583230028,1892.51022401164,55,1
4755.99768483909,5602.7461835971,44,1
5267.58006432836,1984.3068401983,44,0
4490.69816732713,4541.90705185069,44,0
999.10886345009,3457.34984628644,44,0
4243.88576549931,1579.69106605573,44,0
1987.19193262932,642.981380290985,44,0
3762.10865253031,5923.44567689324,44,0
5621.87192736006,2812.36691858161,44,0
1427.74635966767,855.553274250184,55,1
1326.7431095606,1843.55276197541,55,0
2181.77519716076,5195.48227479456,44,0
3403.61343555266,6041.59445525971,55,1
5207.33569385141,2075.24842923242,44,0
887.891727743882,2100.96040045244,44,0
3268.81797811182,1110.12049338344,44,0
2699.59072516339,631.699645752642,44,0
5102.45301060024,2239.87078726061,44,0
4459.02720161986,1323.01594576726,44,0
1646.58430805852,1574.41568443725,44,0
3259.4792158875,5366.52491991629,44,0
4932.41178084849,5278.97231587317,44,0
5392.7452923782,4460.04341521326,55,0
3200.37872013464,5569.96983115802,44,0
3953.56599535682,5052.6514077231,44,0
2020.6033282601,5167.69761721291,44,0
2259.53171523981,5702.71623161239,44,0
4780.48177863925,1304.46493335471,55,0
912.310836003462,4771.9614287286,44,0
4795.7451013715,4886.93526233498,44,0
2248.56975919277,862.725652695067,44,0
1169.7142528179,5013.79349677622,44,0
4213.57465066894,512.696536705468,44,0
5618.40862650166,3496.53454717327,44,0
3526.77650863995,5282.69740769644,44,0
4389.33406685899,804.157011069425,44,0
3922.47258401802,5570.00396425693,44,0
2452.74569416456,5453.40904548732,44,0
5609.78399366725,1889.87087862253,55,0
2771.08025028166,824.045244809037,44,0
5307.40558258555,4841.30612287291,44,0
4884.89667496124,1694.52952551617,44,0
4402.63507033273,5063.90135680603,55,0
1978.66543548302,751.37531303468,44,0
3968.74772362993,379.297270191184,55,1
488.796911362266,3029.26953920545,44,0
3831.35142125013,624.041872749814,44,0
2902.71382908468,668.957303106777,44,0
1498.55496533114,1433.50667239783,44,0
5065.98695516437,2406.44318323743,44,0
4242.060470232,1044.55749882287,44,0
2090.26870202758,5228.45645752905,44,0
983.00542716149,1838.15895812872,44,0
2547.78022423421,4990.11774514338,44,0
5157.87646860074,2156.65367345825,44,0
1376.80833492251,5080.06138945635,55,0
5543.12963558068,4517.29359838473,55,0
4517.44003867349,643.247087713581,55,0
3664.41918110275,5596.56955698941,44,0
1913.73986380567,5505.9503469821,44,0
1768.30689945602,626.506456263082,55,1
4910.59635063927,4749.2174874797,44,0
3591.39917331833,709.043298583095,44,0
1702.80916810007,4847.54017690958,44,0
4795.20128704629,4775.33826360303,55,0
354.101795409909,2374.24385018511,44,1
1958.94671577754,860.851813782092,55,0
5360.72728528986,5043.73203620266,55,1
5444.19708752984,4559.09951621044,44,0
6048.22659593717,3175.79697163182,44,1
3045.77021969646,252.992326154544,44,1
5407.29283839118,2754.13254725072,55,0
2373.30863195869,659.250134303899,44,0
5310.84844691348,1699.68876108389,44,0
5047.45157105108,2006.60172883748,44,0
1419.71875896196,5265.91927025142,44,0
1209.67156565446,1811.71593344924,55,0
5488.06063625125,1881.49458008814,55,0
1792.60182236386,5325.71880645296,55,0
5441.40091394785,3860.23396715353,55,0
4669.29659196739,1195.87954787215,55,0
5353.51440315618,3794.05973941792,44,0
4019.69796743892,1295.82914626746,44,0
3818.35301175014,5523.44992560506,55,0
5071.33863778371,4625.79468305406,44,0
1455.18558667519,1516.63311845736,44,0
5713.11000801728,3211.71313553946,44,0
2863.74973587889,846.822024303101,44,0
3702.19052053865,6017.92625832859,55,1
5511.98577560626,3530.38893864599,55,0
1090.84336320119,1947.10171663938,44,0
794.318309924217,4820.16388877997,55,1
1481.27831117191,4659.57827383267,44,0
2832.36733927539,5120.24342953939,44,0
3478.53504839561,5567.32286235093,44,0
748.977577768742,2582.32576626743,44,0
1615.13130658149,5601.27612434534,55,1
1617.98647278658,5170.9919000302,44,0
2156.19302481719,1226.89381674743,44,0
3716.05007500956,5513.5395391876,44,0
4888.9260413226,1580.04650285207,44,0
755.554403689835,1524.47629361837,44,1
4273.93567728921,5067.17375958877,44,0
4595.41648366686,1408.95539344968,44,0
5973.15901602883,2449.20188011708,55,1
4539.21680863003,1604.33633899763,44,0
1706.68715806456,5672.1120917755,55,1
515.142661510474,3577.80772540004,44,0
1701.12298398485,1658.78518025856,44,0
582.533744734638,3139.10037567989,44,0
835.824819757668,4198.54066996422,44,0
3787.82833469705,5414.36355145835,44,0
3202.27647592123,614.634869886973,44,0
5260.33582713871,2155.68756574089,44,0
5282.95860775952,2929.70430148664,44,0
5835.55688168789,3514.81198438506,55,0
5165.6110334443,4665.83323142905,44,0
3658.45997747647,866.492714625739,44,0
5748.63750212172,4105.76939820619,55,0
4402.01204335525,4572.96595300569,44,0
5727.03309781563,2669.60543629812,44,0
4732.2372257712,5326.53344222485,55,0
788.391832155769,2109.56175217093,44,0
2993.41759254114,5254.48006390086,44,0
5407.12741706202,3370.74594055231,44,0
5648.87713604591,4484.20134603704,44,0
2995.00106259989,5590.35365328706,55,0
2444.53039561688,361.188210725437,55,1
5698.26732763869,4324.48638552163,55,0
1677.84432964125,4945.99154693531,44,0
2620.53920758986,915.492992660097,44,0
3040.06600077591,357.188253656321,44,0
4160.23613542198,1539.29747214282,44,0
688.255026076187,2087.48907330588,44,0
4622.74968225055,5302.83921491606,44,0
4807.65807630726,1409.84392707595,44,0
1444.6805857846,4566.34194518994,44,0
2348.99597517026,5636.1061920467,55,0
618.777710165455,4405.0339020863,44,0
3587.98039000484,935.873315710042,44,0
5098.35890596257,3394.14652965454,44,0
5497.35338440609,4069.73374384974,55,0
5367.88992264099,1916.42524674223,55,0
1657.17660898677,1184.99636435802,44,0
5698.21827154982,2278.21342472788,55,0
5628.98539495598,2475.03587697695,55,0
5237.16954844379,4589.86067387476,55,0
5687.05033925194,4204.64786921202,55,0
4694.74668469426,1939.01753743197,55,0
4812.19831709397,1998.41866790874,44,0
5373.85272491208,2969.08183891113,44,0
5457.37743714758,3024.20571578936,44,0
5910.48132786046,3970.90719814019,55,0
4499.58402156567,1409.26682170543,44,0
1486.03540803392,5491.83816777929,55,0
2544.8157747896,5474.29493411144,44,0
4894.75186844439,3453.5680895787,44,0
1099.58866558276,4816.40040970075,44,0
913.497650171243,1469.5209370264,44,0
1086.67632608066,3822.97085184153,44,0
5081.64713299833,2495.97595127473,44,0
4614.52799547636,5010.84440777405,44,0
283.753073835272,2988.17010149981,44,1
5808.17728844047,3307.7694844104,55,0
2713.10819512326,5535.02107122885,44,0
6051.12307869904,2750.43114950942,44,1
4847.47169504172,1798.13146544525,44,0
3350.70268987429,5078.98802371697,44,0
5127.46996432906,4549.69648269711,44,0
3586.03852747579,6024.40009608648,55,1
4787.01706861744,1184.18714323833,55,0
1280.86264235669,1938.75260320341,44,0
1103.86294270844,3470.98431962324,44,0
4977.49152455279,3527.78922363435,55,0
4529.12578953506,5136.51307888395,44,0
4895.18098826272,1265.0332959885,55,0
5503.31510097796,2704.76167036699,44,0
2619.84508948459,5351.14534876703,44,0
2325.67876529445,5050.37427141184,44,0
1171.8531097885,1598.05293940853,55,0
2165.54194316839,656.121427086327,44,0
3266.15624766026,890.681560522751,44,0
4208.69699638706,5613.02506720506,55,0
1557.72815609203,5096.1139574731,44,0
1751.98917615637,1077.27994321487,44,0
743.447843874327,3282.10333021153,44,0
4794.91018898247,1621.44458385019,44,0
578.219804275658,2113.90125108717,55,0
2244.05381265109,4880.01324813774,44,0
1066.46739347502,1359.5511074863,55,0
5736.32174701246,2165.96623596262,55,0
2342.59947846072,4834.72544635096,44,0
5886.15845815236,2915.31442803259,55,0
5875.01116789533,3802.74194853012,55,0
1918.48352367643,1325.92140384172,44,0
5798.44276704878,2998.94366223039,55,0
2022.5736025905,5324.29342425154,55,0
2745.45719510015,279.748549391875,44,1
5168.09274605172,1242.22791307102,55,0
3866.74239675564,5922.27883863104,55,0
6062.38287154908,3053.805190919,55,1
3365.42357810471,5417.00485878572,44,0
5469.863230954,2220.78686257534,55,0
1261.87647539204,4685.70716163933,44,0
5510.59120583632,3417.43741755063,55,0
1181.98935424897,1916.93148469323,44,0
645.623298277169,2532.95448001104,55,0
381.997704087275,3155.09101637135,44,0
5842.21414386593,2676.11198197084,55,0
3137.81547639114,5888.76654173336,44,0
5330.61746396127,3284.49506985983,44,0
5008.48134172882,4817.59336748996,55,0
1980.43713302006,5725.95453527311,44,0
5231.93441566968,4756.61800630143,55,0
1238.09194833114,1517.95282584613,44,0
2540.01078941874,318.611652082593,44,1
5573.38248008257,2277.82055486502,55,0
5220.98624762772,4073.5518719339,55,0
2692.45083071216,5866.00841260079,55,0
904.919974613531,2297.08911702603,44,0
1082.57362547593,2717.02588856957,44,0
4701.63149680312,1654.89840930019,44,0
2805.19538944819,5892.24057126591,55,0
4128.52210183886,5177.48693412969,55,0
3175.92012498117,5409.494551894,44,0
443.208685432978,2846.43551537061,44,0
1226.60382565332,1322.51676633093,44,0
813.130403217331,4479.61863092491,44,0
5781.93718024571,3994.6824605747,55,0
5162.21411920881,4380.59075780703,44,0
5450.64888643268,4892.56714110954,55,0
4626.75822754248,5194.5683754769,55,0
5494.46037093425,2100.93080366914,55,0
3251.42727160421,5258.28029644948,44,0
2065.21208386573,4858.8069100942,44,0
2043.19785229856,4966.80613548218,44,0
1634.91502988436,962.892704530562,44,0
4421.68044046995,4944.99814243018,55,0
565.098187970285,4325.59085563167,44,0
4346.65600149446,1217.57003065104,44,0
2844.26155382669,5769.77662383981,55,0
751.844322467698,4577.80091232479,55,0
4767.11218228502,1857.12519576769,44,0
1280.34845906812,5017.77852816347,55,0
4970.65722744234,1886.93352862995,44,0
5319.95102722376,4683.99128249747,55,0
980.2343488373,4423.75884521646,44,0
2690.53347824418,5998.32488214457,55,0
440.141438330549,2729.97001283312,44,0
5289.94945793728,4499.67230237275,44,0
835.883106730023,3586.0060058109,44,0
5154.19381820219,1451.71607506644,55,0
4634.73458320676,663.526906079426,55,1
2941.7407264485,4983.34589805607,44,0
486.632501581214,2196.12897186269,55,0
5871.68415460407,4081.3358971752,55,0
5566.66946020952,1784.30346303517,55,0
5333.33039187659,2254.88829893952,55,0
1183.35178477546,4913.96293269525,44,0
1959.8088555819,1106.64797677585,55,0
1580.112315994,720.57461023537,44,1
5304.7369716541,3372.60417264074,44,0
1720.29230324533,5558.67658835361,44,0
3114.04977842423,988.635543490752,44,0
2257.77487351811,1201.14655003479,55,0
725.932741494442,4693.98362505158,55,1
1132.54256017436,2264.74061828346,44,0
5611.61416063882,2916.69040021122,55,0
2910.3190508536,5301.66201682379,44,0
337.397135816447,2569.89355432386,55,1
2055.18935527448,955.927474781047,55,0
5395.71268087428,4780.82385018579,55,0
3207.36322301141,974.370866374295,44,0
1557.96531409215,1176.04436576853,44,0
2042.34637962118,5629.16816435187,55,0
5027.53804486372,5087.93954009887,55,0
1574.10325523274,4995.04217379377,44,0
3449.25381447552,1101.83813210272,44,0
1357.88351980025,1743.37731662149,44,0
5593.67330789556,4386.10765609135,55,0
3648.73792236015,5297.62337208221,44,0
930.067705583277,3209.31994952941,44,0
1482.22668281065,5037.03304123635,44,0
5412.62643815046,3970.77380449748,55,0
5633.93945148977,3788.96587437333,44,0
525.803744294574,2582.43775919,44,0
4541.46659821661,4039.02709886471,44,0
790.886601557707,4288.9710339982,44,0
1870.23578197537,777.591432234783,55,0
5182.04999113901,3963.56931981656,44,0
620.97740765578,1800.19640955952,55,1
4081.34689317128,1364.60896215022,44,0
2780.89745400139,5623.84045011131,55,0
754.029186405128,2006.751955389,55,0
4997.14075483877,1576.05053958954,55,0
1074.57635970327,1189.21356881849,44,1
4694.47365350996,4724.69270022178,44,0
747.918200435112,2477.05057666096,55,0
1845.7496621849,4663.88306738126,44,0
5712.84565332529,2052.87185145233,55,0
614.747686587347,2634.46927217162,44,0
5674.49852032334,3013.60334660972,55,0
5441.27588342286,3282.69210765556,44,0
5344.82865701058,2434.36562684112,55,0
1547.39000835925,1353.91732059989,44,0
5567.07132230208,4172.62784779804,55,0
3735.33731933985,5220.65958857939,44,0
611.102693487919,2229.01555977693,55,0
3924.94796683561,590.575174319574,44,0
3066.16011286508,5192.07428161526,44,0
5141.75057696618,3568.25617607137,55,0
4997.66638144132,3937.87509820376,44,0
1186.55168509363,1062.54257613649,55,1
4796.44896159147,2251.13522032662,55,0
2333.83530075827,398.568970332541,55,1
882.945743051042,3127.46292740451,44,0
4154.72537369939,1636.72255732461,44,0
5004.93947542044,2202.00803720024,55,0
4017.33617015172,5196.68256267649,55,0
3305.49584195755,376.757808331013,44,0
3561.23506368022,294.172427538525,55,1
3869.32525468323,858.185233411521,44,0
1062.78179325264,4020.19167164569,44,0
3504.74582608076,5687.45623333631,55,0
4481.99744955416,5478.2845813286,55,0
403.511167085523,2277.96215713419,55,1
3006.46134400801,5472.00161793412,55,0
5991.0748473787,3571.4348578045,55,0
1751.63827603102,1176.69872167736,44,0
1289.73982682708,1134.99064643465,55,0
3449.15968673331,5356.10799586596,55,0
4555.71512134003,1316.48259828515,44,0
4778.81062359174,3978.41531078474,55,0
733.361959335562,4212.49304909115,44,0
4974.32032003715,4666.8862664797,55,0
4864.15607243603,4050.94676818091,44,0
1552.39143423117,1539.75505947446,44,0
892.163719709966,4277.76759431123,44,0
2940.81345142834,259.145407350014,44,1
5481.25939601677,4302.57116393922,55,0
987.852794571922,1933.8398962264,44,0
549.950922723984,2466.61499301,44,0
754.406629838148,4379.97349050365,44,0
3518.69623866253,1007.80399767549,44,0
3511.82452015899,5813.51236120609,55,0
5189.58200908289,2790.99725900698,44,0
5739.40396664476,3589.53805045606,55,0
5443.27451556641,4176.36097615417,55,0
5641.34540906909,4613.40890662184,55,0
3651.29907807367,4952.49774255212,55,0
5689.42501741375,3695.49127824368,55,0
1558.50811522918,1811.13408077807,55,0
3106.18953578205,5627.74358048931,55,0
3094.6960668378,545.144047256461,44,0
2916.24047030959,5526.60671287778,44,0
3683.7499573932,5404.66480883061,55,0
1945.39797540332,5026.22424471883,55,0
4486.04111178132,1914.69867303125,44,0
2620.16388770393,5542.18145453567,44,0
5364.58444749432,1470.53643781781,55,0
3013.91376842522,5940.70553650862,55,0
1004.88799313401,2773.3921937281,44,0
4643.95026674173,895.727315435557,55,0
4898.16538894082,4854.29989219366,55,0
896.634408225034,1881.67835023427,44,0
3563.4536917793,518.990363346583,44,0
3560.91888903009,824.087924669215,55,0
1146.78660320933,1720.27871945263,44,0
1253.41289025785,1706.73654367325,55,0
5194.59266128415,2978.44674165265,44,0
4196.82536064597,4591.16795963448,44,0
3828.36832578317,492.132062693084,44,0
2010.94121375741,1306.72385435431,44,0
2940.64576194484,5842.3143360204,55,0
831.644858698122,3044.72057030281,44,0
3169.07116260863,5306.82173771429,44,0
521.314880620186,2002.27208582717,55,1
5852.1455596058,3089.36982185062,44,0
3930.68056188718,5271.92467315872,55,0
5465.82231028514,3633.43544743704,55,0
3716.7538593406,677.248307541175,44,0
5658.07281098984,3983.92681184674,55,0
2403.25576982797,5356.92620344933,55,0
4541.40747678049,1008.29807384437,55,0
948.024423952834,4969.77751663796,55,0
980.00837637555,2680.86412073092,44,0
1148.4635308447,3744.37230296176,44,0
1193.78785326184,4484.83469565549,44,0
1735.78299828123,976.223734668702,44,0
695.247891402275,3550.5459320617,44,0
3747.70361277342,5320.03228397975,44,0
4911.00348390468,5072.47365657514,55,0
4976.92199783557,2090.8975052767,55,0
3164.88693204337,871.100790729367,55,0
4936.32373363523,4473.82885274112,44,0
5358.47898802709,3575.79384026262,55,0
3914.07342838999,5455.53376549212,55,0
4719.45488102335,1082.66271048089,55,0
5195.12994147393,4172.92303208136,44,0
3115.10571627952,5502.6340646556,55,0
5014.80643744688,1083.11993701566,55,0
2469.12042537907,6005.4747929813,44,1
5566.89551831737,3705.42437765453,55,0
5375.57097462075,4079.14825219793,55,0
4994.33310807888,3846.35974608977,44,0
4382.76113189368,4676.7894583448,55,0
4019.92139043197,532.62452121269,55,0
5007.99629971947,5377.29534655804,55,0
5413.04365471264,1796.15700614853,55,0
5249.71811601116,1518.04187826373,55,0
1833.5492583435,1364.5446479526,44,0
2901.84979372227,556.684615555798,55,0
5116.40009450799,1585.00446661588,55,0
4722.44082971556,811.044611123308,44,0
4534.58648596984,5594.11024432974,55,0
4413.36701706278,5275.05685963326,55,0
4997.50782544403,1694.01224151539,55,0
3172.33598528443,713.382969318767,44,0
4774.5776467335,1726.78760969638,55,0
3237.50008272826,5855.725774489,55,0
2246.28701278898,1081.14085260483,44,0
3321.95715242016,5950.99234927772,55,0
5212.00718544049,2252.44972436836,55,0
3077.16559184845,5293.62743211176,44,0
4845.68200815277,3190.27655870414,44,0
5425.27328170112,2330.35465533499,55,0
2470.83955163371,5120.06678078077,44,0
1170.92010140433,4732.7918116317,44,0
1071.33713877456,1633.96084608416,44,0
611.422695557148,3609.24900331239,44,0
839.164328609216,2645.43122967165,55,0
3892.11651751807,1302.20247693634,44,0
4649.19079169504,5566.46255955551,55,0
4451.7482359865,4841.61566456054,44,0
5000.05985525596,4551.37196440411,44,0
1255.94913020924,3305.17973075616,44,0
4109.41314721527,1051.15736310625,55,0
657.161754933486,3335.52441013181,44,0
5799.08317808913,4263.90499054053,55,0
1033.02611190667,5174.68265414407,44,1
839.217982927097,3678.62655564969,44,0
4267.58146445847,1472.95304775342,55,0
4732.28892086565,5489.83835232271,55,0
2924.07316851258,769.474593236444,44,0
2268.32592864722,635.616896289645,55,0
5278.77842337666,2828.12893291044,44,0
732.389850192687,3023.52390338145,44,0
4120.10324668258,595.55535722052,55,0
5348.05626384925,3688.42389114586,55,0
601.479228398257,3515.19809342044,44,0
3242.24414365554,284.56711605318,55,1
5414.14342634591,2642.76647636839,55,0
5489.25031964228,2923.50247271576,55,0
434.018065682732,2635.18098272123,44,0
3620.92746375388,5062.88723172494,55,0
4943.864126802,2660.0668656655,44,0
4846.66732592214,4428.63302112143,44,0
5116.18182261774,1706.45269957532,55,0
2457.45782298548,871.677672956001,44,0
5304.02727021012,4168.45569667902,55,0
1579.85427450138,5380.64866849022,55,0
710.767257105392,2670.26727121892,44,0
2137.25524715244,437.710063589263,44,1
1940.5380660366,4642.05024748608,44,0
5147.10244260291,4265.22121376643,55,0
5294.71348221524,3466.37772585986,44,0
5830.95075996326,3195.63746974715,55,0
2133.11902828554,5031.41859451489,44,0
4525.10328409211,5247.18192172869,55,0
3614.81289233654,5498.83690134653,55,0
3853.36339386332,374.812205919129,55,0
5457.6178990791,1565.23679508647,55,0
4862.32961148461,1901.04374191653,55,0
4933.67209110218,2384.27157252015,44,0
592.398203857367,3046.07303769868,44,0
4843.88522739114,4976.40895856914,44,0
4835.55810252757,4664.87507907911,55,0
4372.79517387158,4780.90515144679,44,0
1035.79957102932,2288.63172633352,44,0
4861.88118506434,859.189423663671,55,0
795.539074191148,2288.41001283371,44,0
693.500625767887,4478.23310916331,55,0
812.720966318683,1445.13184774647,44,1
1751.34384483412,745.819634325194,55,0
4186.98621391883,5367.04852149575,55,0
2414.79898669881,764.711801408605,55,0
5269.41152246917,4275.79498132909,55,0
4365.86529217977,1313.22170897198,44,0
639.307349516007,2000.76975110286,44,0
2515.95282688246,1100.4476879782,44,0
2193.4389821848,5798.57102161932,55,0
1311.31364117216,5296.62382532665,55,0
1810.99096774293,4487.50745970331,44,0
5385.60263328761,3103.73685269338,55,0
5057.44458800947,4332.81968422807,55,0
3358.87432603381,1083.51002374724,44,0
5264.75195054817,2620.9195566876,44,0
4951.74919065586,4968.34695083542,55,0
4042.3026161988,4837.18656620642,44,0
2372.25676119777,5957.35820881165,55,1
1903.27678291505,4739.08102835017,44,0
4195.07278372328,5898.7624399178,44,1
2784.85721214971,513.177785001143,55,0
1547.01021963429,4583.10200724893,44,0
1588.1370277249,1662.8381414214,55,0
4508.67834629641,5028.66271948201,55,0
4736.70555685467,4971.73333959931,55,0
2911.84065344935,5190.19290343448,55,0
1996.31601535862,4715.84802575631,44,0
3432.65096771746,572.687661232598,55,0
5570.42225559115,1603.0022297903,55,0
5558.27872244498,3014.05124673851,44,0
3732.35330816707,5684.52949046286,55,0
5045.15040104594,3611.92116680512,44,0
2917.50762917711,5079.67865543844,44,0
4786.13491707163,5084.8682617849,55,0
4594.00435710668,1108.13465793894,55,0
1701.41233971241,5450.72940203536,55,0
898.392575834725,2928.38609506061,44,0
3820.67734525965,737.945248218254,55,0
984.417255437999,1558.83997012612,55,0
632.737588943691,2730.9910370731,44,0
3957.29964057385,1224.73536161605,44,0
5543.54010210296,2605.90629212738,55,0
2055.07897517893,820.051327194888,44,0
1318.40788465252,4778.21641832006,55,0
5607.78932478665,2157.42069516849,55,0
4326.86390180225,4983.98716718338,44,0
1215.61616533973,2216.29467153961,44,0
830.614687475774,1674.37486199776,55,0
3841.94533905375,5064.20416167695,44,0
3935.25901519392,1131.55519756791,44,0
5053.83524524212,1811.99951651694,55,0
5166.14599273194,1841.52973596531,55,0
5701.58880822673,1948.85316298206,44,0
2292.62143707672,510.89294753322,55,0
2204.66020384835,5394.91896067214,55,0
1171.61735435139,1425.04881489984,55,0
1900.15868088392,5363.93714687535,55,0
5601.91415185734,3233.89643126854,55,0
4371.77526580051,1751.76023852495,55,0
2748.10113428742,5189.49602067181,55,0
5173.23874013627,2433.18441522224,55,0
862.887429609496,1561.88295655461,55,0
4293.75668428443,4723.31494917837,44,0
5384.68484599284,2866.22974452962,55,0
1882.59818033808,653.580807482681,55,0
3233.94560891602,790.184076966662,44,0
5220.10349599381,1637.46313438333,55,0
1425.52584970699,2222.98745997582,44,0
3003.7399649164,5119.88552165919,44,0
5163.12477845359,3756.53479917657,44,0
1009.19910250458,4520.23707878412,44,0
648.458058698747,4164.32241780404,44,0
4806.77228430613,3881.87478799629,44,0
994.713709248834,3128.78785697757,55,0
5688.43759562182,1796.09656528446,55,0
2075.67077980932,582.52698395768,55,0
2194.61791808468,4718.38675335419,44,0
2667.94906046957,5644.35634074614,55,0
4143.41371848302,716.649119542412,55,0
660.820381003354,3689.99539761847,44,0
5406.66445548978,3474.8592729594,55,0
3265.55897750935,5479.1344215267,55,0
3954.71003370721,5836.38584739455,55,0
3096.1364135017,649.59027315412,44,0
3395.16592202592,691.97609431229,55,0
4749.09998167892,944.635469128566,55,0
5908.84083111681,2348.36107611117,55,0
2129.56122379652,5536.97929293585,55,0
4241.81936196133,1236.54305780545,55,0
2233.40883922884,404.990280897521,44,1
4316.28632939061,534.281940960372,55,0
4701.89577888388,4044.49888704498,44,0
1632.23773029975,4786.2999183252,44,0
3292.20000804378,1016.37876943787,44,0
747.157961119249,3633.3498257991,44,0
930.081567913997,3547.49268856848,44,0
4640.338261177,4919.11156724172,44,0
1465.00389484567,5364.15173523045,55,0
4897.2174602367,4571.4211983144,55,0
3003.55207510754,699.227210957835,55,0
3367.59630533021,5529.48818295561,55,0
2001.91883031443,4563.93064858667,44,0
1110.20470939277,2354.69992141678,44,0
4195.42249561775,4466.82611395432,55,0
3744.9139528639,4913.98182356678,44,0
1439.52132919315,1818.16116527829,55,0
1093.62386312823,4441.0757403589,55,0
3411.05464658803,5749.589341591,55,0
2674.13482466906,1001.49805925503,44,0
4001.72260752361,5370.65374144611,55,0
1160.01621094118,4154.47676102423,44,0
1059.69031617772,4115.56289662561,44,0
1766.89234480953,4599.14627355995,55,0
4323.45780907634,4874.46730024592,55,0
3169.14935780629,5191.48817491183,55,0
4214.70770462846,4957.53853487002,55,0
4393.132431522,1417.25771153309,55,0
3596.15545018245,1469.78090473337,44,0
4781.37731990438,2137.56454113466,55,0
5735.31984978023,2887.10113747004,55,0
1179.88868379348,4276.53976743353,44,0
1293.88910768461,1416.03383096632,55,0
506.582455742858,3478.44164043989,44,0
4994.24593829268,3427.93998766138,44,0
4968.95548734886,4388.05014923186,44,0
4214.16751313061,1709.07471071688,44,0
4680.79513050804,1801.13730085886,55,0
5336.92021815455,1591.45961215664,55,0
2518.29278015061,5326.57880600566,55,0
5290.99379134565,2723.31050345043,55,0
5112.19379202947,1143.01420241416,55,0
4480.84378725153,1518.76177794671,55,0
910.256561399893,4501.57582962174,44,0
580.333233483254,4496.38860073177,44,1
5453.28293624732,3748.69473899622,55,0
2732.93709215505,5743.18065397706,55,0
4125.58245951769,4746.00930339565,55,0
2376.39650186222,5131.20855442761,44,0
2267.23771586479,1418.86239853484,44,0
5196.71307897659,2883.79791333336,44,0
3438.66503436244,1199.64916715012,44,0
2139.61676475785,1032.48396651859,44,0
1179.84455776123,2427.48891845093,44,0
5270.87789130478,4391.74895169785,55,0
2186.73052976136,768.866603222613,55,0
646.252316101282,2955.94023516526,55,0
5739.14752964609,3112.22381959088,55,0
4551.30385619302,4458.85601556723,55,0
3066.6075296458,1076.73094415329,44,0
5292.83849368008,3984.69184827519,55,0
1586.33064467575,2017.93825778362,55,0
3995.35681551194,1037.94178848671,55,0
1436.50218142335,1014.03959510311,55,0
4826.75342740692,3658.01229713683,55,0
2517.45191416938,705.712119653044,55,0
5108.75589850395,3290.18151675974,44,0
3362.42618038364,477.190880426089,55,0
5121.28431414563,5171.04377575186,55,0
2543.69624937619,5606.88197440243,44,0
2646.5298369622,5140.66904606395,55,0
5075.19241583102,3485.40690803572,44,0
2827.97458458268,5254.87332824786,44,0
5126.43401995622,3669.39993523937,44,0
578.220634700186,2340.71379341848,55,0
2847.59997866038,1410.85895320727,44,0
2994.11181503869,469.258094106068,55,0
5094.39189245611,4743.24494381163,55,0
3294.06389531801,5730.52566579713,55,0
4023.23366740662,5620.2825554958,55,0
3477.46458665089,454.631804002931,55,0
4132.74886180676,4866.49477555561,44,0
2426.23958301389,1064.30313417185,44,0
1237.82722024529,2935.9344384283,44,0
2403.60069728148,507.8271538481,55,0
4967.56587275941,2748.85390134879,44,0
1834.25929851002,5201.07063386529,55,0
3022.54278786429,4790.03412053294,44,0
5539.62702582677,3814.92861081384,44,0
4453.47364136019,1216.07906254351,55,0
5284.03582030947,3162.59298617279,55,0
4162.87257502542,1428.41959430453,55,0
3836.01972173273,4895.47095113264,44,0
313.501932851544,3481.30880254804,44,0
4025.02944672054,4589.13422978028,55,0
2224.13150984796,5282.94040949831,44,0
5830.25753038002,2224.03824297005,44,0
2530.27283932597,5206.63083704014,55,0
1747.39529709686,5133.5249852081,55,0
4072.77826698497,822.058118926314,55,0
1461.39317861268,5158.56283623419,55,0
1369.96299714197,4667.41952660467,55,0
1869.91291103638,4954.22814819369,44,0
4533.79067071,4917.09301131308,55,0
983.850324833215,4854.75442900337,55,0
4572.56939687936,5713.90955431192,55,1
1490.72960813863,1610.66956490847,44,0
5501.62851671566,3106.57307257795,44,0
3803.55287194645,1246.44919876761,55,0
5666.34171846413,2584.67222565607,55,0
370.007059148902,3769.91978772404,44,0
1081.12438894236,2444.51566357558,44,0
3213.67408891317,5981.14111563615,55,0
2907.64076108239,5414.84512318255,55,0
2227.85064970868,4981.88669976958,44,0
838.542451756694,2541.72445542647,44,0
1484.16723923741,1714.66034698935,55,0
5931.55219707229,3332.42605558139,55,0
335.229546876268,2466.62010795668,44,1
5925.15210117266,3700.30359478881,55,0
4023.91927369872,5495.27200951464,55,0
3522.92314381623,5180.34689348083,44,0
4872.39095592992,2812.32328873214,44,0
5255.5991909395,2516.4645724429,55,0
729.997470961072,2885.24709287619,44,0
5094.020479137,3018.80298049571,55,0
959.89159240365,3836.56044195823,55,0
4663.00435084251,4525.08891853457,55,0
4063.25283792547,1588.12854454402,55,0
5849.35912010938,2804.9735513335,55,0
3544.4347744786,1137.45664211307,55,0
724.798699780706,2192.12163591519,55,0
5263.68319762305,2352.41812622236,55,0
1187.36166310778,3833.40334538716,44,0
2353.04939122626,1590.65905046757,44,0
1173.34009198311,2655.73791955418,55,0
4186.53966995808,827.95652091483,55,0
1655.43536853655,809.088740622161,55,0
4637.67092792708,2085.43336075038,44,0
4184.85278156447,1139.05806980143,55,0
2426.11389060121,963.982363402656,44,0
785.645476843221,2734.57182627444,44,0
3495.52688814664,713.338620057885,44,0
4932.54381352662,1987.76189386713,55,0
1981.30137431586,5828.77964474838,44,1
3293.21766705302,6071.43493918069,55,1
1869.79991174619,1541.00072497321,44,0
2153.55194196903,5656.07340815623,55,0
4860.53111953027,5187.074615867,55,0
4878.36089186759,4340.3913108746,44,0
4510.93226306529,5366.80685124221,55,0
557.608031739511,4003.26531099197,44,0
980.081893543497,2029.27245884628,44,0
3375.00772927197,5640.09101097943,44,0
3530.45592328214,616.339673825895,44,0
4947.19618091215,945.490490947935,55,0
5021.03380321219,2313.42005849263,55,0
2751.00748724985,4961.74867073174,44,0
5614.77080602192,3115.77685046521,55,0
4890.51884411086,2175.66811075285,55,0
2762.7425062565,1452.77382347951,44,0
5288.45052574519,3032.14050632334,55,0
1596.02617385259,1455.29380754388,44,0
4335.08286338292,5159.73785092041,55,0
4581.9048418643,4813.06947362696,55,0
5084.49609717045,4007.34347377948,55,0
3149.49219273026,5773.62657664281,55,0
5175.75776514866,2689.66317972503,55,0
2981.98931947452,6067.0345669385,55,1
1660.71177996202,5054.58456826201,55,0
2825.94987955374,936.944442565406,44,0
5747.84420750599,3799.59696932335,55,0
3631.47121413849,5806.23819126582,55,0
558.09836962775,4102.71863142029,44,0
1057.49306513289,2197.53697923683,44,0
5233.74696865577,3647.35705242046,55,0
2173.82988599689,4813.74624770304,44,0
1388.7632065555,1642.30465180679,55,0
4230.31198958537,4801.76574731039,55,0
2088.39849867978,5424.47456436862,55,0
981.304331116569,2378.99695875038,55,0
3800.93694941109,5152.26584764958,44,0
2949.52552841316,5714.67878806685,55,0
4125.47504902391,5692.33940388327,55,0
4032.22703190213,686.352390612916,55,0
3064.62010186625,902.780304635242,44,0
1143.39426716333,2530.5706991581,55,0
5630.86404871729,3390.47744569723,55,0
778.686569505998,4114.20256947794,55,0
1383.94342517896,2012.21793526109,44,0
1939.20516512079,5245.92418194757,55,0
4633.34409412583,4401.45656190588,44,0
486.675944374954,3792.34463276444,55,0
702.644960208936,2344.92808274148,55,0
3963.64920420865,796.202453966034,55,0
1834.0287542214,1860.82386899937,44,0
5534.97347178713,3949.80805054971,55,0
1109.06460424299,4651.90432751042,55,0
2403.97960930018,5233.88361107272,55,0
2337.93623737368,1345.60861253476,55,0
1177.6246595693,4049.60724183295,55,0
2286.2685064519,5192.16806496224,55,0
3345.39766268577,5306.213926211,55,0
2504.68336184105,5891.8668170875,55,0
701.451988760547,3852.81832922418,44,0
1942.91053391209,982.699606022608,55,0
952.635978011334,3647.82330063213,55,0
685.917650927374,3454.83823970801,44,0
1209.56911754969,2847.91542186865,44,0
538.756279915527,2785.31896387323,55,0
5073.10286765174,3793.69581395424,44,0
4057.54343034273,5079.36952263037,55,0
1019.79135824423,2516.51154480511,44,0
4274.74938415362,5723.28444738192,55,0
4595.67195453627,4706.15672010385,44,0
1856.22004490722,896.472179175301,44,0
1379.85994910835,1222.55148344167,55,0
5195.7991928998,3350.00509979106,55,0
442.116748727012,2504.19350821303,55,0
2564.51352156341,4881.28272462553,55,0
4170.71285603551,5068.42008169171,55,0
4230.80798699247,627.267360836013,55,0
1351.09452002944,1525.53875786192,55,0
1836.70003939798,1020.1913096078,55,0
1102.10789817934,4337.48170340839,44,0
1399.11533288087,1431.75797598932,44,0
2519.33444257454,522.373147232895,55,0
1983.83213149445,4813.29225235345,44,0
2425.72421581389,5024.11316340448,55,0
3447.10650234954,811.974204202706,55,0
1092.49072911402,1840.40478641591,55,0
3102.63494369352,4725.46699486138,44,-1
3379.91621517783,4862.07276719268,55,0
4851.12610011707,2466.06447732957,55,0
1206.10110491027,2330.66937798893,44,0
5184.86299452569,3463.45404891229,55,0
1919.8882195245,5619.02505789833,55,0
4413.34993745703,591.344806291156,55,0
2882.22344372908,442.34606919769,44,0
4528.35279417406,888.633413627644,55,0
1413.30775926343,4863.02550775287,55,0
1129.123885072,2936.68384052144,55,0
1409.46480117073,1917.14596289169,44,0
3645.199762018,1146.99337871437,44,0
2725.14582402701,5308.52442014623,55,0
2745.03125937771,1224.28276191646,44,0
1493.03256763573,4190.41315803678,44,0
2627.53538085874,740.075198583634,55,0
898.699825288281,3458.51766175636,44,0
3557.29528312502,5388.58590968616,55,0
3788.21104786364,933.584365777778,55,0
5022.08644562733,3335.11059468163,44,0
2114.32796603136,1322.42537896719,55,0
5855.44049739973,2503.97727196334,55,0
2600.435868659,1054.06403793532,44,0
4728.75540807816,2050.59168445577,44,0
4101.16029894533,4969.20807989655,55,0
1331.8302821507,3512.08353336924,44,0
3128.53505827864,4939.49617780746,55,0
4699.38297480373,1423.40737253538,55,0
3989.28461244828,1389.5724845282,44,0
4975.5385993997,4037.56303377156,55,0
2174.06142991153,1416.51557964694,44,0
3633.05755905009,599.026121082243,55,0
1560.81129743899,872.343625651322,55,0
801.74492209625,2952.9392604973,44,0
2394.50124615958,4750.30112255691,44,0
1059.22504294807,2615.27266509721,55,0
1649.4048186296,4610.07000933322,55,0
3887.40813194068,4979.2091470614,44,0
3662.96471401577,477.269670223009,55,0
2324.89838754808,1498.27344520765,44,0
917.15675272474,2473.50859563209,55,0
4781.47854397119,4539.77649759058,55,0
3669.27397560537,350.81896514072,55,0
4891.94232178516,3952.30901755409,55,0
5035.52413413105,3703.92533963824,44,0
2119.42983670714,4532.33983158598,55,0
5135.32658634535,2585.60067065845,55,0
1321.86827943065,4354.22887924056,55,0
2432.27109526342,1303.19913680279,44,0
1022.10127537148,4737.51020067182,55,0
3809.1848482466,1356.09152586936,44,0
2108.54093401742,1501.84589223953,55,0
3389.20437738304,1296.41326213746,55,0
1433.17134212459,1332.84426251272,55,0
4747.42317014978,3571.98808110922,55,0
2585.94997223957,423.750224854429,55,0
1644.99292667617,1366.58245039827,44,0
2667.3312946287,518.236151410749,55,0
2583.26477908219,1171.09036973904,44,0
4477.40299680422,4364.17209866895,55,0
4203.55342300429,4686.61230347895,44,0
1844.91581357985,1138.63385443581,55,0
4738.88365876533,4430.42676393805,55,0
4294.59200462264,1998.46114253705,44,0
5148.13375630617,3204.05761087371,44,0
3753.26420797549,5808.94050315593,55,0
1518.6093209669,1905.38953477789,44,0
1773.07793516163,1583.99001942056,55,0
531.419561695925,3219.84495249777,44,0
3709.61442354748,5121.56688210753,44,0
2706.10281679019,1364.04932691912,55,0
4428.81842181505,1623.47545003285,55,0
1829.79206608798,1256.4104475315,55,0
2810.14893307478,1311.20529108312,55,0
4573.35709218589,4323.26864598972,44,0
2677.0283893635,837.299380193444,44,0
2987.57364736927,844.30788381357,44,0
3326.51422793004,5187.67516605362,55,0
792.778354882868,3190.93178899266,55,0
4411.54108033641,909.322436226688,55,0
3079.50909157442,790.383960542018,55,0
2732.613283228,921.924773131717,44,0
4662.65118040683,1316.48943448161,55,0
1776.95912078279,5017.42922678824,55,0
1154.02873706549,3104.07335380375,44,0
1784.89094139763,5740.73818675974,44,1
1256.13269398104,3576.98927668158,44,0
4417.68236875485,5575.95516093994,55,0
2596.0608505415,619.608290194098,55,0
5950.75103661825,3461.21390201948,55,0
4596.13325309818,784.086114277494,55,0
5094.72623406844,4121.67670111419,55,0
3957.60212292976,921.30996346384,55,0
4699.36340488274,4834.50050556199,55,0
5029.15917451421,3235.2792853816,44,0
4292.27711883503,5848.32140136988,55,1
3271.05487038191,1404.4101821905,49,0
4302.5761352662,4587.89844617743,55,0
2556.30743544818,5720.19868387268,55,0
1249.83677886827,2130.50316184088,44,0
4054.59471634897,1470.89155118529,55,0
1036.23565224043,1731.96556149362,55,0
3471.70271901497,922.654439134,44,0
1190.89797784772,5305.01327900467,55,1
306.23112243181,2677.61694380848,55,1
892.733434567286,3920.49685594102,44,0
2357.47662169036,1238.69796408438,44,0
2077.5973697282,710.870088980741,55,0
899.780320312762,4110.62529968171,55,0
4485.35932960677,1725.5452451617,55,0
1408.99684186332,3955.65925679109,44,0
4262.3980650986,1799.54854539589,55,0
5155.44559720388,5287.60218001196,55,1
4743.62659071003,5207.28185755261,55,0
442.209467494852,4101.96197416197,55,1
2168.71564676916,1127.91910083634,44,0
1777.87798538194,1768.75529300994,55,0
1200.02766864409,4374.76216502703,55,0
4304.73851159005,5375.06694571105,55,0
4067.72694388938,938.45878228387,55,0
791.0461058046,3493.72058831415,55,0
4667.33617669816,3444.3036895113,44,-1
6020.20115073726,2935.86068341758,55,0
4496.26518115845,4238.33978353511,44,0
1529.09024246735,4273.90036094723,44,0
2738.58495339626,5069.83879950897,55,0
4001.02422527695,5951.63698267077,55,1
4866.37164287825,2073.97433549138,44,0
2081.37299987341,5760.76238934786,55,0
2529.74383252387,968.117692988857,55,0
1998.29212678378,1525.43191179262,55,0
4110.74508176491,1235.68050760831,55,0
3131.3882364186,5081.70050105015,55,0
2262.11314073422,4784.13986655516,44,0
2341.62576856884,5509.97658528871,55,0
1641.99035617346,1073.26332261486,55,0
2815.91540722177,5493.59852278002,55,0
3365.6404190358,912.759280053744,55,0
4891.90005502693,4142.69936536682,44,0
1360.86662771684,2541.52980555504,44,0
4970.5040632445,2479.42821612328,55,0
4296.80068963113,942.453626951905,55,0
1884.00925828154,1785.03182118714,44,0
1701.60795736643,1488.10754967954,55,0
1460.39296144049,2581.57037416706,55,0
782.463116189893,3378.95975154501,55,0
5973.49299745257,2830.40556683383,55,0
2302.04094399595,754.439262164565,55,0
4597.49539786727,1688.20982597358,55,0
3842.88713088463,5645.62870549063,55,0
4740.64358540641,1533.62382300442,55,0
3279.86186822131,689.559884388806,55,0
4266.14700125761,1353.89681866847,55,0
4013.50041093636,4731.77819091459,55,0
377.357141496058,3052.47579286544,55,0
4783.43412950507,4115.50731738096,55,0
1375.22598773302,2634.44323382614,44,0
4183.68823158852,952.302804209416,55,0
2803.84761566089,638.053523509384,55,0
1941.2300566485,1219.59760659124,55,0
987.659491330586,4627.73550268668,55,0
5262.25495849307,3751.29843946546,44,0
5241.17265008978,5063.06476510332,55,0
3251.81018780687,511.495006210077,55,0
896.151477236702,2748.77852746581,55,0
526.899922934601,2930.21257554924,55,0
2446.99623241541,5567.60150029172,55,0
3734.83190727566,1166.44772095413,44,0
3890.17558738932,1420.50013714082,55,0
4908.94609130073,2284.21730379723,55,0
3882.77694002776,1014.60265949767,55,0
1478.17653723729,1988.87551458133,44,0
5508.6978883055,2812.9412942485,55,0
2664.49612130392,4929.799250839,44,0
2868.18750883835,1027.51010239927,44,0
3595.52307803894,1242.95656162889,55,0
1707.76833528894,4705.30326777468,55,0
1740.81464172173,1389.11517574078,44,0
3823.34077737484,4796.30297142492,44,0
5043.16243293336,4224.43918102263,44,0
1719.76923306127,1279.19380883889,55,0
1416.9285833079,4256.15387814425,44,0
3832.84975342117,1125.66982760744,55,0
2634.11202041709,5024.41173549821,44,0
2227.85804099456,5095.51994896814,55,0
3734.92156810735,1054.40590103301,55,0
3031.18758559102,4904.20352030922,44,0
4614.71550755856,2358.77366596568,44,0
3960.64418383057,1623.74748009454,44,0
4629.59168873335,4118.39075846472,55,0
1206.69746572356,3201.36119558744,44,0
940.483287316421,2584.91899026759,55,0
2849.68650363536,1213.64177270056,44,0
468.312173748888,2388.139130314,55,0
5940.15621071252,3024.34187388562,55,0
1624.20989774806,1909.58972439391,55,0
874.911698228971,4384.78265062326,55,0
4563.04222125003,1800.61030406952,55,0
5016.64627655571,2580.23711340713,55,0
5056.03129590977,2683.76742633052,55,0
2036.81777825319,4473.37026656263,44,0
1084.5352192998,1497.27561303,55,0
694.640737301572,3123.71868630963,55,0
2550.38640414431,826.465451039546,55,0
4422.29899239268,4459.12573923414,55,0
2182.43971498679,546.502145506794,55,0
825.923675477602,2391.56151287015,55,0
1273.13844772158,3990.1252367244,44,0
2148.53057420245,884.167323385219,55,0
4118.32222620332,4640.64224649277,44,0
3991.03607132053,4931.95572691651,55,0
990.616999966472,4316.34039701228,55,0
979.51528054767,5084.67275812599,55,1
2042.48892505137,476.680869925329,44,1
1303.85811481076,3222.91584984649,44,0
5064.00081008861,4457.71600690506,55,0
4942.35832519305,4257.67181655753,55,0
3808.11244612326,6020.23961862048,44,1
4034.54739823895,1148.38311887736,55,0
346.415852492285,2789.60296722235,55,0
2109.47140205763,4354.68548344458,55,0
4024.20662630769,1700.21546952789,55,0
3288.94469967485,4896.08471163089,44,0
4816.98634150997,2364.44381295195,55,0
4121.03855011133,4529.75823835129,44,0
3339.59516064235,1190.67155135558,55,0
3947.03378015154,5709.63064174859,55,0
2560.8556709194,5085.89476865741,44,0
434.437101693761,4209.27325266974,44,1
837.542816337252,3827.49965311863,55,0
1908.48997213709,1444.48038104704,55,0
1335.05268617213,4559.47799286772,55,0
4170.50552916458,1321.29912108254,44,0
3628.71804955123,5183.78220118529,55,0
3434.83817977297,5122.70595238907,44,0
3019.72851060644,990.550325637125,44,0
1306.68962220032,2870.39253064822,44,0
5091.12594897064,2904.9378276842,55,0
1141.90695103924,2135.10782307653,55,0
3104.36705255237,4834.76878563976,44,0
4742.49156997297,2455.44015519315,44,0
1079.66197378226,2043.31868630101,44,0
2227.45200151025,1314.46897716123,55,0
1282.62776656474,2459.11505284597,55,0
4838.03916288974,3280.85498241051,44,0
2767.3567452654,1017.27335448286,44,0
5251.17114751888,3546.25209610446,44,0
5186.0699010634,3093.11812457769,55,0
4163.64413029525,1840.296829823,44,0
3892.79160898571,1694.65474945624,44,0
3687.96670025088,961.502271459113,44,0
668.342919227196,3952.08155322333,44,0
4307.62259526456,1658.17203742193,55,0
276.748052828686,3208.14253241366,55,1
962.476997420722,2220.37176330555,44,0
2739.22998996197,393.65390043177,55,0
4624.23172538551,3972.6083335415,55,0
3434.28327682424,5234.99679057952,55,0
3643.29350167598,4840.74784389046,44,0
3909.19086751513,5151.58666108436,55,0
3339.92280172244,4978.6470975034,44,0
2265.60150969485,5946.8934763663,44,1
4976.01237350753,2849.38506955754,55,0
2649.20190412766,1258.20469463547,55,0
1521.90503051924,4796.73001796702,55,0
2007.95404603208,4384.38771908784,44,0
1747.69704292245,875.857477609493,44,0
2919.4591361306,1282.04158842243,44,0
4457.63549782241,1826.83846703732,44,0
1450.01912355139,4351.81511541379,55,0
4990.84327768336,4140.67573464913,44,0
941.962589049598,3023.07350590727,55,0
4598.57215381028,4224.9742638151,55,0
3188.6794350224,6094.02149467062,44,1
4811.4407099876,3003.08967145537,55,0
1145.79442183027,3287.05761161643,55,0
291.471901036066,3708.07375279575,44,1
855.6772199584,2200.30546542414,55,0
2875.43870523641,6078.04815047535,44,1
4991.69409609568,3063.13019584239,44,0
846.220713047125,4919.87737074748,49,1
4814.23912570496,2731.36033777293,55,0
1186.72525928938,2030.39911297189,55,0
1470.07108433583,4094.19327944186,55,0
3745.93885720619,563.534283517637,55,0
4305.14052008013,4433.85451312083,55,0
2891.8630020007,1124.87317207518,44,0
828.080792189282,2840.92513409557,55,0
4802.09236530767,3106.38526163321,44,0
4772.62695374041,4320.82103090721,55,0
4478.87573810543,4637.64995446692,44,0
1803.63030757263,1466.33481921085,44,0
1236.12800948883,3680.3559874308,55,0
3640.88650085426,4631.54338420139,55,-1
1259.42898588499,3897.70911917831,44,0
829.902005059311,1791.16892032377,55,0
2050.39664650716,1659.92738504288,55,0
4801.80306384654,3374.82576309279,55,0
1730.80357174242,1872.4091532939,55,0
3422.41408616797,1009.37066022605,44,0
1358.76434852203,3879.325417487,44,0
1715.31175697021,4508.56553639858,44,0
1373.54350443314,4163.63061504885,55,0
1880.99305966735,4562.62295027903,55,0
3595.08393805526,1360.64115601049,55,0
3615.3713767799,1041.07153749235,55,0
5314.00063839268,5156.10248366129,44,1
2445.2240084806,1177.99151144523,55,0
3335.69418108436,795.597236730239,55,0
3198.55207156613,1183.83988835975,44,0
1919.94567115885,4347.80584876723,44,0
2660.80186317097,4832.66231931871,44,0
1971.73369150593,1736.00179370485,55,0
1272.2335694558,3123.82259291726,55,0
4484.1057173236,4744.27209933741,55,0
4583.25732044724,1904.28550987934,44,0
399.901905135318,3665.4265638987,55,0
2069.61539511649,5874.9270354641,44,1
2225.83849578925,1510.77551455314,55,0
1218.32330130072,4587.19201011182,55,0
644.235699339453,3228.09387657026,55,0
2675.59386803862,1128.76254254931,55,0
4090.39392613579,5295.37392702169,55,0
3038.39141047529,5013.40295471494,55,0
2849.65981842707,4796.16788104668,55,0
3086.46711129967,6092.41862507961,44,1
4398.59956868247,5827.8942118139,44,1
1361.12262999574,4049.42698649033,55,0
1322.23491449835,2239.98706711446,55,0
1791.15623193365,4780.12289683618,55,0
2565.09973212794,6030.9519919637,44,1
4349.10486667032,1547.78301586928,55,0
4489.48808217469,5781.23386292583,44,1
1882.85937748969,4847.68763531294,55,0
970.865940208568,4197.95306801544,55,0
2965.86798809503,1069.45129311871,44,0
869.941553972795,4606.21622633999,55,0
1198.74348368032,3021.25738314,44,0
2340.41813536387,4452.42294462699,44,-1
4390.55862841246,4225.59327157143,55,0
4106.82177095081,5943.31163395439,44,1
3193.34045404348,401.287767292806,55,0
1402.03145149376,2326.19142189034,55,0
1848.0607356849,4274.59656269328,55,0
542.512966399765,3326.00991346933,55,0
2352.547108538,881.193459594724,55,0
1358.07561352722,2135.35067265718,55,0
2651.3757313107,5443.81568337873,44,0
4899.15533143906,2567.68440357709,55,0
380.227914244974,4003.54558284518,55,1
3171.41478554018,1075.23985043935,55,0
4517.857486115,4141.7397753531,55,0
854.98395032314,3287.03566866801,55,0
1790.25175978845,2090.99488364804,44,0
1093.75997496203,3187.54767798214,55,0
3947.7213600634,1517.69047393697,55,0
2897.46009096667,5965.74244308403,55,0
1288.60797360257,4247.21501670005,55,0
1015.80721574784,3272.66572422959,55,0
4938.54872411125,3745.41819624798,55,0
2432.65979223866,4904.77828642702,55,0
4081.62423246241,4387.23244050057,44,-1
3707.98459825021,1362.07335786767,55,0
2093.66074482589,4753.49302528521,55,0
1846.59972862015,1682.24700764189,55,0
2345.65358365985,1131.74135604816,55,0
4666.47342008287,4309.61772166635,44,0
4988.81257232036,2962.92861778623,55,0
950.750519669445,4003.12821864574,55,0
1618.78575963513,4512.01217724236,44,0
3695.62302609933,1255.54303565742,44,0
249.45095101604,3403.81853117179,44,1
3520.5890617153,5082.21226358798,44,0
3246.62581226049,5104.240822439,55,0
942.678141246978,3365.67240184706,55,0
4827.49433717133,4221.12794807528,55,0
1295.7906565581,2038.18131157655,44,0
2335.2049664896,1010.73970779024,55,0
4680.48732323421,2271.93272617432,55,0
4099.06138191987,1774.43203770189,55,0
2840.21309702115,5008.4728665195,55,0
1583.44269851948,4076.07116294071,55,0
1601.7036601333,4192.59768198069,55,0
1403.40342126673,4460.09534270637,55,0
1066.12263168283,3037.81393987356,55,0
4863.04648891788,3550.62247546746,55,0
465.249463990952,4301.84873663168,44,1
1064.73115169481,3375.5911209402,55,0
2818.43229966674,1533.78229265332,44,0
2840.75517954463,334.588115244772,55,0
615.334913285297,3787.3166474541,55,0
408.051658208985,3538.65615205619,55,0
4759.97104074074,3467.53882900266,44,0
2532.29817576196,1264.53132139933,55,0
548.803366979166,4223.30579967095,55,0
3092.39816733177,1184.87377541208,55,0
1519.13386091175,3986.37960421788,55,0
525.775407401519,3680.74860564853,55,0
3491.0667359234,1374.51119932388,44,0
1702.04545098331,2025.68855134065,55,0
2930.24996245284,4875.85602356076,55,0
2200.64055852187,4610.20242694511,55,0
1939.75636500725,1625.54027948025,55,0
1614.49925410516,2290.63464207523,44,0
4703.353466957,3129.74135449533,55,-1
4712.67778982633,4204.70077723929,55,0
4693.59692238789,2736.49006099199,55,0
4896.03051262095,3851.25331275834,44,0
2596.93029876274,1359.40872540385,55,0
4581.75870363229,4599.35874193213,55,0
4720.30070605574,3816.00458908748,55,0
3732.91995839039,4816.80366815155,44,0
1388.28536829991,2447.83310123735,44,0
4710.21937526933,2368.37733101478,44,0
313.302351611751,3316.35258656553,55,0
1586.95507449826,4702.09169276924,44,0
2050.90907194697,1208.64275233148,55,0
1661.47741303927,1766.66085962032,55,0
2030.21570416704,1413.87084824379,55,0
4674.57377466001,5681.09344753207,44,1
4033.14805381914,4474.05416525821,55,-1
1590.60801275313,4890.65354354883,55,0
571.888816216456,3897.13325503967,55,0
2032.49955289704,4288.51962511354,44,0
4563.26116917375,2273.19211964466,55,0
333.492935776096,3908.99596790628,44,1
2144.47416609169,4925.13746820592,55,0
3497.05947347435,1277.23993293141,44,0
2074.66422140615,4641.0152854711,55,0
4235.71108660845,1909.73104878759,55,0
3898.95046280556,4723.35670620743,55,0
2826.654222555,4901.95637506653,44,0
1025.05215949086,3739.0375980848,55,0
2928.88547929514,935.383756914866,55,0
2322.56112982333,4941.14393496866,55,0
5072.09862399126,3131.32948197732,55,0
262.212609245794,3090.98244539644,55,1
752.744830404557,3751.23086488455,55,0
1302.26655836376,2356.28819765397,44,0
4253.27094821331,4329.35863666483,49,0
4916.97035667934,3358.09915982538,55,0
667.319893679321,4058.91268791372,55,0
296.955037189203,3600.49934891502,55,1
1284.2094076764,2668.6532897191,44,0
4746.33547071409,3233.52598031898,55,0
277.127155585862,2886.47968639783,55,1
2308.30141979369,4563.88570637558,55,0
418.857757711296,3255.71702330666,55,0
2753.51552879228,4838.09973750267,44,0
1292.56163010735,3799.99326955402,55,0
4881.92348064927,2911.87111732029,55,0
4630.48622457912,3862.46108599348,44,0
4069.76134314731,1889.75042375963,55,-1
3155.99498504121,1278.72326673352,55,0
1036.91894320884,3920.26391161435,55,0
4941.77888149735,3636.58773307918,55,0
2161.9562878649,5913.55623646613,44,1
4673.33604951753,2170.83749493137,44,0
4824.9624186266,3764.50715255525,55,0
2228.33158361927,4503.96317176616,44,0
1928.45026103509,1873.88042350533,44,0
3926.70914435875,4619.43416812648,44,0
1293.58543343035,4456.07154529045,44,0
780.318931170328,3935.21805138622,55,0
3748.1130050295,5021.9473543188,55,0
4709.18612791164,2922.84141951336,55,-1
1518.75371693906,4481.52739661563,55,0
2942.75989791164,1385.23797774222,55,0
3242.52671117845,1590.99669368111,44,-1
4367.00552691374,4336.07277072046,55,0
3920.11596254013,4837.45669558198,55,0
2224.05812531315,970.841391349987,55,0
4270.68917993676,4225.28860355829,44,-1
2165.6739811168,1681.33629531896,55,0
2759.38903946299,4733.88986291269,55,0
1097.77142011914,2831.54766937338,55,0
2167.03323916541,4436.30572890694,44,0
2479.9463462068,4692.44314721895,44,0
3807.21263675184,1505.09513343235,55,0
398.794351724609,2943.30748747883,55,0
2401.37126296868,4632.24266904048,55,0
3631.6141393581,4745.09928115314,44,0
2261.65410911468,1625.74565079996,55,0
2786.68406373786,1124.35641388102,55,0
2398.00091151706,1437.51461435255,44,0
4505.49136152623,2372.04345791181,55,-1
1307.12295303557,3016.17679476961,55,0
4468.1211283052,3973.34780696268,44,-1
1351.08623298312,3602.43650633192,44,0
1257.40160845976,2567.89045235164,55,0
3228.86674404733,4985.29813014468,55,0
4712.56512498193,3673.404024415,55,0
4563.81407073351,3797.947866502,44,-1
1405.98080123783,3796.1334291029,44,0
1265.94405029822,4121.73501491455,55,0
2659.62490727344,4710.25730236157,44,0
4397.71911704494,1971.34990941638,55,0
2299.34882039153,4679.84829821106,55,0
3376.69970536261,1406.24716025825,44,0
5081.39547429479,2795.46658484526,55,0
2075.16828434508,1764.1244324896,44,0
4258.77163004159,2085.90549911383,44,-1
1460.99440622242,2088.01254577439,55,0
4891.70908111767,3066.33228603929,44,0
1559.84643684095,4372.49786780313,55,0
1102.85523597969,3651.66466975624,55,0
3437.43109819273,5015.57875027315,55,0
2979.43402790581,1178.51263035124,55,0
3816.39581736451,1621.43412347906,55,0
1758.73504362763,4209.1361193596,55,0
676.946101998586,4309.48308013111,55,0
1549.74074339456,3886.80002664607,44,0
3010.65959841546,1285.19130294999,44,0
1221.21324328573,3487.92291860817,44,0
3652.83920697233,1684.30667010959,55,-1
3326.77150177701,1503.32998844309,55,0
875.48179875054,1995.80329160047,55,0
1405.00266806881,2866.78279313235,44,0
1921.02848233165,4451.89949084067,55,0
1156.47284519158,3936.18654985683,55,0
1498.07639195257,2461.8355415557,55,0
1276.88940602578,2774.59962329015,55,0
2940.08151481413,4746.1966533688,44,0
1553.83589344933,3529.64854002435,44,0
4930.50220414392,3254.75351782041,44,0
4574.15506596092,2007.2111741469,55,0
1151.75160352182,3554.14796028621,44,0
3543.11408906741,4974.07098651031,55,0
2443.97706120953,1650.94305093677,55,0
1572.26530765202,2127.54897272424,55,0
4934.36970456754,5502.3453082293,44,1
3533.38021167145,4762.08594351225,55,0
3757.66967892599,1720.83410096892,55,-1
2587.40334193378,4772.77372639427,44,0
1466.4176903217,3374.36148837827,44,0
1398.34211021485,3443.75632621294,44,0
2909.00123495199,1495.29837010413,55,0
4448.64409166424,2271.93611495887,55,-1
4947.79836177458,3153.15691741548,55,0
4792.39171015452,2605.75795887992,44,0
1507.72342253705,2307.99958163734,44,0
2489.25625219392,4801.69938918985,55,0
1039.17577084976,3558.01336962375,55,0
1082.92744290346,4236.56676295982,55,0
4560.43107834841,2155.04858090146,55,0
433.803315153097,3388.27757542604,55,0
1366.58844140647,3328.91405984988,55,0
3203.83960286552,4833.48795334871,55,0
1005.42269310572,2931.70564238049,55,0
1443.17923854125,3634.23582386863,44,0
2401.66593326219,4523.71078947422,44,-1
1962.15540000055,1964.57811172144,44,0
1519.65058161232,3799.432510486,44,0
3726.43865348455,4711.53050997956,55,0
1811.09665759054,4382.59861528268,55,0
4361.20174795203,1866.19228266039,55,0
1994.41908566264,4194.01895504345,55,-1
4474.99440132083,2072.47501181929,55,0
3013.92480668459,1471.99556219104,55,0
4428.49995351184,4065.26576350835,55,-1
446.97648164692,3907.60735320035,55,0
1470.10632230021,3721.63353158872,44,0
3699.14647049309,1480.32862036584,55,0
1171.87083304073,2758.79312947879,44,0
3228.77731829902,1497.01875958904,44,0
4642.84483816423,3745.47421286338,44,0
4531.74805947147,3895.73025474146,55,-1
4154.96123117556,4329.54706755324,44,-1
4368.54415459934,2073.72590078742,44,0
4348.81218246582,4128.10292272651,44,-1
4685.64842980058,2541.21831671053,55,0
3270.07821774149,1287.37192773064,49,0
1579.70165069342,2391.62250961428,55,0
2492.4733949275,1395.31587497027,55,0
2543.54853677675,1500.44774022048,55,0
3201.85894080012,4715.64642894218,55,-1
1693.54889461511,3898.8603866235,55,0
4568.69814291948,2517.02055439415,55,-1
3073.23723344756,1356.46371747214,44,0
2438.38558581226,1536.39870950096,55,0
1870.71167092957,2148.09551012379,44,0
1445.23019738521,3536.03723695163,55,0
3983.82379246453,1825.62109566796,55,-1
3339.91355709027,1615.39023051041,55,-1
4368.83236529155,2174.25803508015,55,-1
1105.21351434447,1121.07316199523,44,1
1520.85467902742,2217.22957440866,44,0
3489.19256244923,4869.54639044434,55,0
1179.11372245688,3395.28500809341,55,0
2570.66037624808,4680.84156166496,44,0
1456.24487673189,3871.1168187966,44,0
1686.58315190115,4301.92181141759,55,0
3516.8422557487,1545.31044820631,55,0
1883.32159805482,4163.61782233969,55,0
3313.32141288947,4793.7078794501,44,0
2253.40271617587,1736.45950799741,44,0
1962.92894902901,2105.34447085671,55,0
1296.65463657576,3417.94440434393,55,0
1360.20314789542,3704.23170208899,55,0
2104.96524939629,1888.6686696512,55,0
4639.95972853119,3597.34323703371,44,-1
3165.28481612521,1397.25934213583,55,0
4694.34197489481,3333.44984935458,55,-1
2658.12900421965,1462.5583134304,55,0
1674.36472387918,4415.95510594953,55,0
2014.26255876677,1836.1371988675,44,0
1389.00643422624,3117.31061156329,55,0
3814.73390596979,4659.95623220892,44,0
2619.65146707705,1571.67818390275,44,0
1691.1866139081,4121.65661741404,55,0
3017.88085551416,4690.30098391144,44,-1
2489.54331320969,4552.05344393214,44,-1
3456.03244795258,1467.99885484692,44,0
1664.5760012983,2711.8226053479,55,-1
3825.53632580137,4560.65491516918,55,-1
3546.32468795992,1659.32940939187,55,-1
1782.63596118986,2194.38790960803,55,0
2717.85609778868,4633.88761757763,44,-1
1802.98177828646,1950.46397439314,44,0
1411.81624001645,3225.83636439624,55,0
4669.63477337153,2840.72424707687,55,-1
1722.3650751295,4010.26578064237,55,0
1870.45808129244,2037.62597791017,55,0
3542.69160388015,4647.10624948841,44,-1
2258.86440873994,4371.893395244,44,-1
2666.8075040267,1672.40964203758,55,-1
2964.55162402021,1596.4816177877,55,0
2845.90517574831,4668.14542427453,44,-1
4704.86801601792,2638.65651457648,44,0
1625.24518849878,3981.91930350499,44,0
1466.62296413857,2680.4061027465,44,0
4644.88825252598,2444.91735800159,44,0
3924.30663737284,4510.11296589739,55,-1
2574.71384208615,4583.51017319015,44,-1
1796.42921092358,4108.92369676105,44,0
1643.41443077558,3581.15436062232,55,-1
1424.60512577001,3012.33701677059,55,0
1684.17515321819,2396.01700518801,44,0
2031.03582288777,2031.0327592597,44,0
3735.83006228648,4594.44147696856,44,-1
3122.2077499654,1508.20469429526,55,0
2347.33192630132,1700.10542840088,55,0
1396.52533720591,2752.7971851784,55,0
1724.51387045421,2304.56671041728,55,0
1598.69617682277,2876.96596929806,55,0
1549.94775704505,2644.20883361827,44,0
2538.87170602086,1617.23704116236,44,0
1871.06491002024,2266.53669302561,55,-1
2720.05272924672,1558.94654755889,55,0
1951.68546590029,2207.64727991205,44,-1
3839.33588156479,1780.24583674209,44,-1
1576.22563537083,3713.95122765012,55,0
2777.77278562217,1661.8856616688,55,-1
4141.06392092564,1959.97164677169,44,-1
2410.97103744508,1804.9216156764,55,-1
4696.85459623928,3024.29441076155,55,-1
1561.61577251418,2544.89924765612,44,0
2576.36810622891,1705.13162081347,44,-1
1500.19387009335,2927.04863067792,55,0
2121.17844642156,4245.06878143455,44,-1
1541.14429334469,3618.92931984764,44,0
1643.84616098894,2486.23421224124,55,0
1497.89436606653,2821.56438519409,55,0
1681.9821677112,2813.43702895696,44,-1
2501.15529819235,1771.54596560397,49,-1
1801.93290167639,3927.68895780863,55,-1
1665.59387342718,2205.51772359121,55,0
1623.1742179272,2983.10879069064,55,-1
2174.02102320527,1796.43466363521,55,0
3153.72428929867,1610.8919196464,44,-1
1623.20100336411,3809.83550539561,55,0
2312.1449355589,1811.51179533472,44,0
3412.06885253726,1558.07469705635,44,0
1699.13416616235,3664.51185232827,55,-1
1570.54227772487,2742.87844480673,55,0
2244.64570393959,1875.18091261326,44,0
3696.25142048704,1588.017539403,44,0
1530.75120561428,3220.67085991983,44,0
3455.13790292393,1639.70247756444,44,-1
1827.43816991305,2367.19505520329,44,-1
1606.05341965889,3083.78125352124,44,-1
2878.74275202472,1651.22446894879,44,-1
3068.90473713614,1611.53284905513,55,-1
2129.24409285819,2010.87703092545,55,-1
3453.11141730596,4684.18754828779,55,-1
2193.82662663273,1957.3144975036,44,-1
1885.38169483013,4049.41475527837,55,-1
1771.23782897778,2467.91332404944,55,-1
1535.30240992867,3027.47499995765,44,0
1555.08472463314,3425.73196170453,55,0
1556.53022232328,3298.22571085971,44,0
1518.03442022451,3122.15251706395,44,0
1645.91436503608,2598.91329192623,55,0
1754.72857211918,3801.14136880882,55,-1
1367.56897191969,5492.39052931772,55,1
867.190862596951,1377.07798649796,44,1
3617.4178151942,1569.02550783796,44,0
1467.16622996206,3289.18913065492,44,0
