5498.62929319583,1420.37407371426,44,1
1041.68780992066,1190.25693919815,44,1
5773.20421254169,1865.16204686484,44,1
5613.3074203517,4278.64138536547,44,0
5224.73122765938,1102.6981934128,44,1
960.522305302775,1863.5080458117,44,0
476.711968109163,2096.33399705948,44,1
1486.3264775484,1168.45395570632,44,0
1330.3185295671,1041.41283895166,44,0
1251.00622768631,970.190754269522,44,1
6056.73994102623,3372.23990436411,44,1
4914.23711917407,1389.40352084651,44,0
3052.24644216005,345.464583011467,44,0
5109.5183758878,4883.97934433399,44,0
2632.29398063589,5942.98277151051,44,0
805.200368202328,2153.45505479508,44,0
4640.75783441123,5291.40338845553,44,0
837.008379421696,4706.31928652353,44,0
4837.06212167033,5272.23871759769,44,0
1700.29286558867,1181.23051286404,44,0
940.106746514027,1379.726330479,44,0
6018.51967424359,3777.30190412376,44,1
1560.51356359826,5513.49240501233,44,0
6008.05734926466,2548.75588719063,44,1
944.726492186188,1685.77230012706,44,0
5808.02552618045,3889.99003647113,44,0
5219.16669564837,1744.72636654811,44,0
5067.58340756973,960.476679126403,44,1
1025.48040367466,2873.02160197266,44,0
1503.86213060031,779.069923807581,44,1
5763.14156935171,4453.0158567395,55,1
5815.38570042883,1952.17290286762,44,1
4918.40098472141,1486.30605207188,44,0
5739.17133593983,3381.79899486824,44,0
6039.68432672975,3674.53501579918,44,1
5396.69464878475,4265.50572629251,44,0
1261.28840029144,1333.20302794129,44,0
5001.10053417347,1176.89014839213,44,0
646.363167443412,2044.24124974252,44,0
1583.60199080098,1172.1395035616,44,0
5181.40130636991,4968.27925960663,44,0
1484.65198356822,1347.97466178899,44,0
1114.99249193759,5100.04654326,44,0
1671.96103821049,667.366657673333,44,1
5917.10594907633,2601.33039737373,44,0
1535.00553597855,981.650143544174,44,0
5896.6810036432,2146.41440016505,44,1
4222.38600693696,5486.28252775867,44,0
1207.18204791289,1559.79921648933,44,0
4271.57078780874,713.591294971516,44,0
4913.38225397704,1060.24855406752,44,0
5536.41428861941,4635.0340446964,44,0
5610.3654012787,4725.52053301994,55,1
5702.48880764509,3890.91327264207,44,0
718.105343218292,1621.71158257518,55,1
4832.10406787596,5416.84633719995,44,0
817.832741970335,1444.10296318049,44,1
2376.73915011964,652.004178832046,44,0
1358.90416155198,5202.27143386502,44,0
1069.31967884108,5013.84850073102,44,0
1990.33574796918,660.61028645833,44,0
1391.54333128352,1127.22659028049,44,0
5274.74964486122,4940.21318944371,44,0
3127.43921056538,5995.54811350055,44,0
757.094869484005,2573.19433701607,44,0
2710.53160254602,619.04395141596,44,0
1555.59166190188,1446.84875059966,44,0
1435.09753437327,1249.98968309615,44,0
2094.83495334142,1051.30557898909,44,0
1520.70387144118,5258.6081752894,44,0
5286.85909700322,1186.02425961311,55,1
5303.61811155702,1788.21738274337,44,0
1785.10561567916,5464.31276435878,44,0
3564.70560459197,521.440357689983,44,0
5409.59174854329,1670.51914297581,44,0
5756.51255403638,3475.41275157056,44,0
1057.4440299537,4915.77228313225,44,0
3863.91170026952,588.225963003608,44,0
5499.32738639268,4423.45419029506,44,0
4233.50918732212,495.323927840767,44,0
2154.4886975584,5344.71387531369,44,0
2442.29452612948,5859.92134817712,44,0
4979.62265059674,5157.99281039758,44,0
5206.83551194867,4427.47959227492,44,0
5452.77735406894,4566.68199379521,44,0
982.075192964258,2062.08268342539,44,0
854.08500651765,2944.4500250934,44,0
1991.0518186501,5439.11109594732,44,0
1346.30447539563,926.665797537458,55,1
2168.34577598197,662.288879901901,44,0
1585.60235411161,721.872613250439,44,1
1372.36011583615,1489.42134239635,44,0
1889.16218889545,5756.64097381227,44,1
5950.1423812458,2740.95858193306,44,0
4852.07341147202,990.283165453296,44,0
1969.67136946783,761.067143927653,44,0
5794.69445629164,2597.5325497733,44,0
5414.16574319698,4361.81380585777,44,0
661.567629534997,4227.10653296066,44,0
1257.45668569407,5209.10455594539,44,0
6081.38608656452,3162.63531370527,44,1
4816.84057142581,776.119664100725,44,1
5068.26824773368,1245.5774006384,44,0
3586.79098326177,710.05029843311,44,0
2957.31746873788,365.685423041552,44,0
5809.51853344374,2317.30443521005,44,0
6068.49920130946,3471.53218493621,44,1
5635.12306807439,3771.72740781643,44,0
1170.41946122769,1361.82327156245,44,0
4467.92193969203,1080.13111497646,44,0
4814.31868065683,4823.66960057478,44,0
4999.55449534337,1325.76482849832,44,0
5826.98162528637,4368.51898212059,44,1
5104.54686742026,2047.74197583051,44,0
5963.06850812099,3124.73899796872,44,0
4247.61076714965,5281.55194077667,44,0
5201.1469699059,4334.25286534767,44,0
5331.72460728641,4864.6881356351,44,0
5509.83582748422,3063.25870005045,44,0
1110.15947172023,1270.37603096463,44,0
5147.2014045436,1031.54996473281,44,1
4732.82666030096,727.97299402292,44,1
4933.34621902354,5259.44722619089,44,0
1248.23753499024,2152.24101353567,44,0
1338.93806123039,2235.00500824034,44,0
5007.92203109189,1423.61416410985,44,0
5823.27228040223,2410.15423666676,44,0
703.140093199604,2139.92890025256,44,0
3486.95252639151,5895.18058359531,44,0
5257.33501808573,1950.05116491192,44,0
3672.13250877796,5870.88577822435,44,0
3147.43219721149,5880.7388650027,44,0
2416.63253121696,1159.87496646008,44,0
1581.82530730095,1354.53589322258,44,0
966.083359297174,2197.50081053533,44,0
5257.31607056584,2120.01079053212,44,0
5814.80128411007,3710.98098873849,44,0
4645.03612214235,1038.24240759002,44,0
1185.43958911149,1054.18892098136,55,1
2045.24662319776,829.534967233157,44,0
5901.0517193461,4182.17610785956,44,1
5545.00222514584,2409.9275025699,44,0
1237.76466302031,3958.78169229327,44,0
639.344072231821,2439.09465667492,44,0
5731.53244072788,4554.24914519561,44,1
5840.68310985212,3406.04806591055,44,0
700.854054257926,2823.37821905333,44,0
684.371526778044,1957.03804082602,44,0
1534.51613155312,1262.40842618663,44,0
3716.68527651641,5230.45878096989,44,0
4541.81263742107,1227.40369115732,44,0
439.026483988405,2620.81191387698,44,0
1833.43036715987,5547.57667339282,44,0
3924.16244783811,493.856917366182,44,0
571.44827802917,1899.25346559445,55,1
4342.62784732031,1172.03306981775,44,0
4437.94695975435,987.384093706458,44,0
1531.38323498204,1081.42114482746,44,0
4518.90401626934,754.333354906105,44,0
1999.23914128988,5732.45817061983,44,0
5859.36273720475,3099.01266592974,44,0
971.097957096738,1276.02178286254,55,1
1731.76001803447,997.9230974923,44,0
914.022252715125,2366.46202163424,44,0
496.537021661952,2204.50982292431,55,0
5601.78348805063,3860.70541892141,44,0
3754.83111652037,418.394488602374,44,0
4319.45743546145,994.775328903889,44,0
1421.29833725151,5273.74846361897,44,0
5033.8486902315,4566.02668423945,44,0
1368.00793507873,2410.0119416507,44,0
5653.67715113251,4483.04431157477,44,0
4456.51128977289,5323.55497714112,44,0
714.582192955182,1736.00629758288,44,0
4575.08483079265,1499.66119460905,44,0
1667.35615185663,4537.25821918187,44,0
5831.99191368557,4262.7486236348,55,1
4134.4154404468,5448.07637824373,44,0
911.665186688881,1774.37964515505,44,0
4665.89391837533,5396.12765026068,44,0
3957.63157360488,592.395564468603,44,0
5628.45229294937,2345.84173458325,44,0
1612.33455299445,5285.48925306788,44,0
1367.27950006841,5399.74801550565,44,0
1643.85052513638,4443.55131956414,44,0
1165.76969906326,2087.37878288554,44,0
3655.01973021749,778.720762269257,44,0
4379.87269095792,5431.63759512452,44,0
783.900129625657,1951.60281882592,44,0
5579.07551246594,3269.67805304061,44,0
5204.69662897985,4862.3617056622,44,0
4829.6845588165,1447.30774101484,44,0
4190.06214424565,5801.77013994806,44,0
1690.76635521773,4972.60191045205,44,0
2756.50727657263,812.668923295596,44,0
1653.09881989694,4711.52206475041,44,0
4026.00810386744,1292.50672772027,44,0
1559.54903223306,4746.55249441655,44,0
2508.39125326009,1139.5751757523,44,0
2632.29623905329,5835.19112651178,44,0
3586.5136496998,5907.91292467749,44,0
1044.86014028645,1679.17440946637,44,0
4903.48437869934,5353.82662330776,44,0
2302.25929568926,5733.01277092628,44,0
1180.47502267145,1664.0462580035,44,0
1166.32777234585,1170.70726056109,55,0
1380.9885313232,2503.56707444596,44,0
901.972128949008,2121.58717540783,44,0
2114.42095910705,1256.88173017947,44,0
3697.60974825453,870.50277121726,44,0
3397.01966843006,5843.30843889945,44,0
2750.41042575674,281.52979344927,44,1
6055.21432434375,2752.40226347384,44,1
5518.87478498447,1970.82359740762,44,0
5376.28756601017,4955.80955975636,44,0
4728.5659027589,1720.23787081773,44,0
550.110949434184,2486.10742599315,44,0
1195.94380182528,2489.94489716354,44,0
1213.17792133112,5115.97377334285,44,0
3059.86442555717,5811.33941906976,44,0
1770.43455590195,626.109959384724,55,1
2465.95873364796,863.203942987296,44,0
4276.31638719699,1087.4301679922,44,0
1282.67395408015,1135.63115463146,55,0
4862.59044443431,4929.13517123856,44,0
1752.9308131722,745.206284053349,55,0
4853.12561473092,5519.01431524524,44,1
5128.17414208403,2824.06002857574,44,0
1266.14130994807,2050.49705918467,55,0
2206.81733466816,5248.85716382222,44,0
1945.95148013378,550.50573530897,44,1
2312.35576759865,5853.633737053,44,0
1335.51858105737,1907.53579131189,55,0
1632.15188108853,4808.62653212009,44,0
5309.96330837791,1302.19344933062,55,0
3978.82950643918,5279.72414482104,44,0
525.676699433102,2678.04087896802,44,0
4143.70218933648,468.23470649631,44,0
3712.35940659427,688.367200271766,44,0
4320.55140215121,797.766869550371,44,0
5049.40621143761,4470.69487734896,44,0
759.085822556987,1525.10560234377,44,1
5698.4841022058,3286.06341414415,44,0
411.820633625404,2285.61740041444,55,1
4919.11973014087,1592.42252757678,44,0
2485.40513253255,5506.35686877444,44,0
4150.56353190637,5549.18243194954,44,0
3318.58262401085,593.304780813683,44,0
3408.0965816394,6043.95976366362,55,1
1867.32950844018,789.276323487611,55,0
1127.56447573398,1742.00512362293,44,0
4397.54201379506,5723.19384474622,44,0
5416.42912680523,2897.18312079968,44,0
5042.90698382798,5257.18224840486,55,0
817.372300316787,3609.58912544865,44,0
628.728006511267,1799.73903386337,55,1
3023.59747702153,818.122847533855,44,0
858.073561589225,2564.31635052544,44,0
5103.68974179433,3950.4762344679,44,0
1508.19626727829,1529.39971872693,44,0
3578.15203477114,412.870193478863,44,0
2348.77933896239,5344.3895947783,44,0
5518.38166405323,2625.5768718296,44,0
4595.11580352335,5468.00591405779,44,0
4965.78373887864,3983.77290958758,44,0
5221.2103262347,5176.55766016371,44,0
587.957793930599,2129.93288916154,55,0
5210.32180646197,1362.58016714719,44,0
4918.48039502823,1705.43149531438,44,0
2930.4204456732,799.228898491947,44,0
1456.09198123351,1441.75127929022,44,0
1748.92551805053,1098.93653867044,44,0
5932.92433089028,2241.51309966864,44,1
6058.63403273888,3058.81524884677,55,1
4466.03069404157,5649.58399815138,44,0
976.799278947707,2294.41584267583,44,0
5384.45815932788,4773.72486325554,55,0
1863.26140755047,1415.91306860243,44,0
5243.43533003252,4091.88333277651,44,0
5163.40149511907,4028.93791619606,44,0
580.006397987785,4307.51621918165,44,0
1653.64213663333,1459.46725890888,44,0
1339.82333278477,2800.48133949568,44,0
5652.04165969285,3478.66810033103,44,0
1954.43791168686,877.785676936299,55,0
1158.55042293326,4913.80717406465,44,0
6082.34436708618,3264.97566514713,44,1
1606.74114801114,4259.54841567167,44,0
2257.08287071528,872.355517546641,44,0
1271.75086817143,4046.42431765378,44,0
1138.54567857763,5204.97146202753,55,0
725.154965113715,2661.87686272847,44,0
1936.31814259191,5183.48008217504,44,0
5651.72915891367,1688.8057603965,55,1
5142.66573198337,3582.00822123295,44,0
1835.18254657551,1040.98974909946,55,0
5228.18840846391,3832.62391948846,44,0
5127.69965403534,4603.2294616534,44,0
5082.1840415087,4975.73588930336,44,0
5976.27129371568,2450.42148449185,55,1
1929.148472432,5522.74156972771,44,0
5507.46064620905,1695.388913609,44,0
4423.4674793297,786.78088901642,44,0
2838.93258440914,768.290739448383,44,0
3923.85161610498,692.730194665337,44,0
3080.6855708188,900.213792296733,44,0
5418.31259780607,1351.97401667417,55,1
2294.04643543217,5629.69086685667,44,0
3307.38770865783,383.041633617441,44,0
2613.47254298337,5606.64177369066,44,0
4713.6917099673,829.622911049892,44,0
3888.60162835301,5842.89472092732,44,0
5508.75373191143,4784.76437663201,55,0
1253.95769932818,4705.04229153717,44,0
3088.23823348773,5707.4194292475,44,0
334.204182497596,2467.42740551678,44,1
1243.55058894619,2251.9241409622,44,0
2448.16937662181,364.973263093196,55,1
5612.92104292358,2775.95031152503,44,0
4317.26022175252,5515.57701490894,44,0
4941.3349146182,4227.35669666111,44,0
1140.36535878763,2407.58525827001,44,0
1206.69901163102,4815.63442730786,44,0
1704.68635691981,4869.79250814908,44,0
5730.13189095835,2785.36399700814,55,0
1690.78621782746,5353.44843195648,44,0
1490.93303413776,3388.69181381381,44,0
5201.74505426057,4674.47325247626,44,0
1225.7444124414,1891.71776078554,44,0
5903.17079737557,3963.74623819558,55,0
5344.28988523834,3691.18934958644,44,0
622.133295393211,2644.69142744187,44,0
1392.52368407575,1663.23827538084,44,0
1473.65215836235,5051.79875672729,44,0
4403.17771546838,1294.39906532755,44,0
920.461195008392,3140.95004187538,44,0
1610.96646021918,1663.51282016039,44,0
3492.75763787975,915.388627030711,44,0
3403.37983382648,379.363040966997,44,0
3870.10439398944,789.164361387586,44,0
5059.31879939885,2150.05222048899,44,0
4837.91212737538,1654.56341613984,44,0
2821.82688074573,5982.24565861424,44,0
3221.82939772715,595.829947331264,44,0
4935.76673535807,5455.68983324012,44,1
2185.27952694426,5057.12115691765,44,0
1425.16687164792,4773.31154154366,44,0
2945.18681786962,695.866402943795,44,0
4530.02720422139,1418.71270929891,44,0
3140.19954197385,271.578921153073,44,1
5351.77831008721,4571.33360610535,44,0
5752.1702399946,2484.35533166601,44,0
4389.84676547043,5007.11280360565,44,0
1426.15230811883,1576.86311274716,44,0
5556.75164367562,1497.7893543546,44,1
5301.82813199862,1413.06290199967,44,0
4694.72031873631,5092.28839651233,44,0
1571.40468301232,5043.15678464396,44,0
4664.43279774506,4957.84659508043,44,0
875.625508605361,1908.21713934546,44,0
1139.55611984782,4539.54088025726,44,0
4238.66661986972,1191.7535695957,55,0
5842.79439837574,2055.41894462243,55,1
1574.76323379129,5147.14048103769,44,0
2543.28203310735,316.115693843636,44,1
5655.29420488638,4090.44542585326,44,0
5305.85934672044,2032.37290732208,44,0
2064.59716480427,939.298953904264,55,0
5157.37082537144,2126.1613471476,44,0
1658.85246935037,809.616797071577,55,0
5760.82499907922,3210.3633674598,44,0
5139.27079237043,5060.21619954469,44,0
1864.65953130831,5119.25988203457,44,0
277.535376444083,2988.65709749247,44,1
5610.78061968679,2005.56163079416,44,0
2758.10367259498,710.182650966977,44,0
5980.01294552057,3875.356957765,55,1
5708.48423519838,4223.16540609043,55,0
1388.80691582998,3387.58574802468,44,0
393.077152021646,3142.12773941706,44,0
4900.61243090526,2016.50884290094,44,0
905.499412995453,4771.10220275382,44,0
4830.76968335732,1344.08986908699,44,0
5991.48658979429,3216.16605452975,44,0
4350.70684442622,646.674924729611,44,0
4355.07084106416,5625.49530505666,44,0
331.887070460376,2572.85509030572,55,1
5263.21731613508,4774.15204092603,55,0
748.55821913417,2239.67642742255,55,0
4372.72890299245,1073.58346279542,44,0
1303.20691700309,4133.38209392382,44,0
3367.05438148385,5626.91579294351,44,0
2024.99405953925,5538.38564467352,44,0
1292.84135075099,3687.43862894728,44,0
5227.67891660556,1861.54681914415,44,0
5764.54820527295,4125.01872360078,55,0
966.664111411482,1962.7202155898,44,0
1686.20380030856,1370.75819053486,44,0
4541.06433053203,5126.80231842891,44,0
2515.76277655506,517.340522784125,55,0
3751.55993625479,784.594108491778,44,0
5871.49917008759,3614.93952622419,44,0
3457.59866149879,1154.18751373118,44,0
1454.91917677236,3975.71042002393,44,0
5453.52688738831,3855.74256806026,55,0
3229.76048347563,801.308682702457,44,0
829.731093795218,4494.56733052843,44,0
5350.07839676741,3184.98119302097,44,0
4453.57710458893,685.070572011387,44,0
659.777195702738,2733.78137914172,44,0
1038.74734142719,4532.49270087123,44,0
3945.24696845269,5373.57198797941,44,0
3166.17143781482,694.670293647113,44,0
2784.54876029825,924.585703678077,44,0
2189.7132657954,1326.37663910753,44,0
1420.34879141814,3474.76810436012,44,0
3877.06149436568,5300.34418435223,44,0
940.233660543526,4516.12701568168,44,0
2663.37081121659,823.725437950437,44,0
5544.17716815526,4062.09988564452,55,0
1325.53742601124,3597.64488907932,44,0
1507.5848156007,1639.77005754131,44,0
5032.05383692507,5067.47698654546,55,0
4764.98905052131,5592.3081980237,44,1
2462.44775297611,614.218822855479,44,0
984.827585743444,3607.4112708981,44,0
1056.96627075078,2244.67111699681,44,0
1784.64240470978,4918.75789347689,44,0
607.773504020392,3167.65369238598,44,0
5290.90026901528,4487.78333692884,44,0
5534.79856385493,3784.60689260146,44,0
1971.73592843493,4964.41815885753,44,0
2580.0868849654,5512.25435808938,44,0
536.003935358477,2010.08106458968,55,0
5440.14490105124,3136.8289425346,44,0
1484.79577405613,4691.87034872529,44,0
624.341836768763,2242.80529970938,55,0
4829.39254593892,4585.58911230111,44,0
1316.28942561214,4788.80524636441,55,0
5224.13574276294,1634.88571966085,55,0
2264.34864925479,5532.1457391572,44,0
1402.89497719276,2602.92606218291,55,0
2545.52782988409,5796.77275872585,44,0
3537.47322367975,622.327298132345,44,0
4449.57025792492,5087.51025817012,44,0
5337.52319612193,2506.70387595565,44,0
1070.73532002116,2673.14028873544,44,0
760.98650938379,2054.1233524911,55,0
2553.34946129881,5050.34623108393,44,0
2385.68628746771,5778.40706691603,44,0
3844.19445372114,1328.3656045178,44,0
977.740661737246,1586.16913981271,55,0
5145.5531419313,4500.31396937438,44,0
3672.44683096385,1260.41967698831,44,0
4287.82668504939,5191.90362729851,44,0
731.615415727346,2914.04495024303,44,0
2536.05799031644,1319.84329166609,44,0
1633.70814922484,969.87323638078,44,0
2339.88153935064,401.558900315518,55,1
5120.65178579873,1579.38715655194,55,0
5360.34912862942,3791.76710135401,44,0
923.873201307358,2875.52446903007,44,0
5868.43555188487,3510.0076307686,55,0
1798.18154222262,5352.9067517484,55,0
4924.24020459833,4841.90082087661,55,0
1235.86012337927,3271.12874267483,44,0
700.723424573428,3068.96259063045,44,0
4489.7011542117,4821.55120714969,44,0
1590.11899460755,1960.50683894271,44,0
2143.40710042139,5152.15614572789,44,0
5016.13909968001,1649.40629587108,55,0
5440.88046804107,2454.79690519855,55,0
3462.82455307793,293.651430433143,44,1
2679.44813525067,5311.00904639829,44,0
1267.44532937991,4899.55035900997,55,0
4832.00670317218,1545.16418376398,44,0
5542.87470078042,3153.76602035343,44,0
5222.38665470685,2787.31569738454,44,0
2480.03011478564,1237.05225839768,44,0
4436.67346761242,1394.13723885356,44,0
2417.74800470821,5209.283834836,44,0
4625.98479687055,1582.87439874165,44,0
5396.88101771332,2098.57685726592,55,0
1038.95778191602,3186.49655732018,55,0
5290.67888443193,3564.92170820813,44,0
1811.34629315081,1632.68510059934,55,0
2049.80247233993,478.194866076391,44,1
2317.51718596024,5442.56589982542,44,0
5285.24239431213,4268.18914489147,55,0
5861.83657746383,2509.43604964301,55,0
5646.20365226133,4614.47228595418,55,0
5435.46722438175,4668.5112443125,55,0
3754.81524009583,1305.97416496928,44,0
2727.3198691161,5437.69586650846,44,0
624.670353569333,4585.74658813515,44,1
5520.8508528824,2076.67759326395,55,0
5881.00206387161,4078.53627880402,55,0
1767.41982092199,4524.65811528423,44,0
2639.77842644986,5408.25454420815,44,0
5035.72364699461,1882.18769749388,44,0
1178.25059539729,2581.2918296837,44,0
4561.25640732111,4761.13057615564,44,0
4311.15581681844,1268.35164522282,44,0
1076.81405305645,2033.84924801089,44,0
3829.04851835072,490.698410122843,44,0
1348.04530159792,1795.25911386247,55,0
3661.95820492815,5641.65070278185,44,0
1667.96802473696,5083.18436830813,55,0
2253.77230454624,5332.47339362269,44,0
477.128688348716,4296.14354716147,44,1
5541.4544052005,3943.20827030684,55,0
5446.3021304961,4880.3005775842,55,0
5312.92153745509,4671.03461252486,55,0
5578.76316809453,1599.77436237234,55,0
4745.78689391251,5327.8441029022,55,0
5702.75404582146,3682.3332748959,55,0
2934.57179220251,5613.25232040999,44,0
815.298100702153,2847.17801785191,55,0
532.632005349903,2582.69771396428,44,0
3610.01998306431,918.011306643497,44,0
1566.05895685079,1746.45619310643,44,0
4081.81024731348,5732.90823369521,44,0
5604.84190706603,1894.09810872602,55,0
5095.6555466152,2234.06295946357,44,0
5961.90141475373,3429.93386706394,55,0
3856.74103837864,5397.62033587553,44,0
1658.53531603832,5192.76209131357,44,0
5724.86888447617,2379.677948444,44,0
359.045011204477,2374.69708537919,44,1
4771.34314622569,922.061985102095,55,0
2896.24995269853,553.166987005161,44,0
4895.5008209235,1160.16963992185,44,0
1587.04685843339,5397.4328969075,55,0
1445.97583450218,2213.83968031433,55,0
1230.40242625984,4495.68159176409,44,0
1353.63953511389,2132.39095248822,55,0
3969.53168371739,5590.926804126,44,0
2044.88540940653,1184.18942378759,44,0
1357.2326094333,3995.20265771046,44,0
1142.74254139071,1465.13194255258,55,0
2477.43851865991,5727.60847991099,44,0
2372.92513751431,5951.11206599401,55,1
3545.98982507042,999.754730877799,44,0
1447.73693539972,866.31324375781,55,0
4744.63237740299,1397.9492626242,44,0
4913.94517205787,1808.76319538165,44,0
2018.27903244032,5229.73175569957,44,0
958.018847902158,2672.01512369013,55,0
1534.0065660325,3807.65166637213,44,0
1402.19782754831,4984.18954787543,44,0
5550.94549690734,4523.51714736457,55,0
1456.57809857437,2108.58001432312,44,0
2008.45783583241,1090.118459652,44,0
1454.75157948958,5492.6995620668,55,1
1095.11610645806,2489.84790182365,44,0
1706.57247562412,1647.78296737565,44,0
1196.43402697895,3662.61721243707,44,0
5311.56990513023,1694.50774724213,44,0
2951.61697090259,470.77139427266,44,0
1884.58590230638,5009.7807228391,44,0
5402.86194007844,4465.6666072943,55,0
2142.44449938021,439.105779638305,44,1
1846.49807695585,913.361570993241,55,0
5747.7201312933,3797.98244576394,55,0
3753.05653131688,5931.49272958505,44,0
465.253944802754,2839.85777485409,44,0
1390.02994870776,4083.55222820696,44,0
5040.96108114103,1977.19015534675,44,0
5735.47027755056,2679.19604508448,44,0
6019.29358009687,2650.97037569342,55,1
1848.25604132003,3979.57378982032,55,-1
4438.03756019585,572.708911558923,55,1
1887.56702254702,5422.59911685329,55,0
1658.24645349264,2176.39251442735,44,0
5395.37439231118,3278.92576933515,44,0
2644.05942245761,1009.73127139306,44,0
4752.39797497248,1047.7367298241,55,0
1143.32761906755,3931.83780331377,44,0
719.82227624489,1868.69451126427,44,0
2390.54637145667,1254.87957342873,44,0
974.74025606341,4849.6576439969,55,0
5812.9823448253,3303.66782240356,55,0
882.821369124967,4235.43898720495,44,0
3814.43489328052,5222.80500790882,44,0
3543.25634984798,5555.18386236328,44,0
3567.58645954983,295.844478162314,55,1
3972.4493617852,381.612477693687,55,1
4105.88307438365,1337.99344704536,44,0
5874.82743550528,3807.24012862591,55,0
823.505454386173,4053.50200899702,44,0
5676.74157666076,2564.61524663068,55,0
5113.23104101073,5164.62622164147,55,0
4985.32630728693,4393.25242971459,44,0
1312.38748590203,2889.68912298729,44,0
1219.35586338567,3752.39693449179,44,0
3446.70844882455,816.967121560008,55,0
1097.21394684298,1581.94021203882,55,0
4210.56310600487,1000.48140268721,44,0
1131.3518552889,4435.84125005712,55,0
4917.54227135053,4319.02534442247,44,0
1044.4410128964,2139.02205774657,44,0
3160.91149542257,5409.82057227423,44,0
1233.59588374096,2378.67330930806,44,0
5472.98240940825,2974.44121787979,44,0
2654.96598552604,710.819426665001,55,0
3740.53210575911,5552.849554721,44,0
1151.02931598346,2304.92488831953,55,0
707.819687479227,3567.76997459188,44,0
1466.21194049143,5163.67429177988,55,0
1506.20110017755,4845.15530023553,55,0
2054.17459749332,1471.23965640211,55,0
5349.94707053908,1884.88764012628,55,0
942.764216255022,4310.13318307244,44,0
944.419794268337,3240.97292605053,44,0
1027.27162309981,1782.34780932778,55,0
1079.22911199087,2581.43737538196,44,0
954.250834545913,4969.4426545121,55,0
599.43867275484,4401.95568212914,44,0
2212.5252930504,1220.42956885604,55,0
2647.6653423656,313.301768215065,55,1
5321.69639198384,3893.14801037974,55,0
4927.90129857926,2163.28551897431,44,0
4847.32124532729,4719.29696614265,55,0
1760.77648848984,5148.36320339389,55,0
5701.61865707854,1942.73386731057,44,0
1777.51216743838,5028.91695010258,55,0
4955.54472858237,4716.20720501789,44,0
2129.48552876229,1147.10881364399,44,0
533.934672090668,3235.13534589059,44,0
5296.09341952731,3103.09871036524,44,0
3492.29815216684,714.400119626556,44,0
765.037346525081,2749.89412402719,44,0
1785.35028459169,4213.21179296977,44,0
1023.95539803249,1481.08909543974,55,0
4997.0678269588,2232.02672884071,44,0
1642.68224410624,1267.87716853703,55,0
1089.00545894614,4816.0748008153,44,0
2474.49489659624,4992.70083787158,44,0
5506.74977999218,2321.77588991469,44,0
1548.40925450579,3309.78641118561,44,0
1060.61675564935,1370.37683636362,55,0
3253.67375160462,5688.90339750502,44,0
5415.80327945861,1776.05580549574,55,0
5344.58371141986,4168.51290193182,55,0
5850.47716373813,2690.42222353668,55,0
1084.37224233579,4141.28779071234,44,0
1565.14051002237,877.836535025547,55,0
612.144338444191,2873.78113705013,44,0
2768.03624254978,5530.3280984077,44,0
5039.19783812479,2316.08926446169,44,0
1304.59321847246,3202.07163374607,44,0
4871.14068030488,5162.14909222928,55,0
4268.77602761074,903.370490255717,55,0
5894.36180276762,2914.99376191197,55,0
2145.78299975699,863.594312638817,55,0
851.47454643833,4916.51116612644,55,1
4915.93527843164,1264.23260975194,55,0
1165.31801224598,4332.34928628446,44,0
5304.43156584899,4383.10978838283,55,0
5832.92722448119,2222.71262471129,44,0
1171.04605694568,5011.39086987016,44,0
5711.85180296743,4341.10977693459,55,0
2399.28001959933,516.80706477591,55,0
4566.93093079893,1117.7069749546,55,0
3291.31194270447,6065.98819571358,55,1
1891.29578516497,4900.93285569836,55,0
1015.29131672157,4075.77029725463,44,0
1238.2139226195,4221.93605005871,44,0
2418.42284381369,5422.19232153907,55,0
5421.80350062777,4080.1661389089,55,0
1522.94270896094,4214.00586436933,44,0
701.309942125819,2345.12813535838,55,0
4426.90323206278,5197.57577145014,55,0
1724.89876271957,4772.92926813914,44,0
5338.91897097826,1587.89980382871,55,0
3464.2944757252,1053.12643507994,44,0
2861.677412258,868.757931272524,44,0
5166.20784709713,2620.42590631332,44,0
3770.14503688812,311.036399747932,44,1
5052.30661683654,4671.76626829691,55,0
5406.60316488081,1983.23483733094,55,0
4099.34097396437,5838.31019653618,44,0
1731.03855111085,5259.13128329606,44,0
1500.07322465863,4954.68956887867,44,0
3124.80591462545,799.167336559854,55,0
810.389351925986,3713.92222081967,44,0
2533.25369588448,5403.67116162922,55,0
5650.25091656481,3189.66215792332,55,0
3595.05612983203,1209.52379675075,44,0
5265.84111078607,3745.04948003462,44,0
1169.13346480362,2674.76806578769,44,0
4639.7564666435,5179.30765830364,55,0
753.059544197297,3296.29687579808,44,0
4209.2776131038,1310.60148178952,55,0
5993.15896061544,3573.17462509481,55,0
3209.76551295063,1038.74590413973,44,0
1940.04671232289,1491.69617579132,44,0
1844.19773887098,5650.12452169685,44,0
1998.17979734595,1682.01666568925,44,0
991.641771884764,2441.82670899995,55,0
3937.05838335129,1333.22591296385,44,0
1279.01550020673,5019.0288632098,55,0
5397.01239341873,3602.53982242544,55,0
3823.91058783566,5496.58702798895,44,0
669.621233069436,3367.1436187106,44,0
2515.36244289875,5203.4005514934,44,0
2674.8999509738,5525.59427032379,44,0
5589.49273090238,4172.77155265667,55,0
2441.94550862937,1065.0166201624,44,0
1819.03076780938,4813.0071146908,55,0
695.8534208601,3473.0994341703,44,0
5141.42426347231,4759.47348486553,55,0
1474.05220148143,5367.08273990016,55,0
4914.98849710526,5052.94324650036,55,0
1376.27111321239,2704.13659346879,44,0
4142.56834588795,699.729483131155,55,0
1375.6423140218,1365.29406140402,55,0
1917.5136276843,1137.6260367718,55,0
4063.84995521958,1474.3857407934,44,0
4835.69178320693,4488.52066001677,44,0
842.452770778609,4333.94645405319,44,0
3286.39687416205,1093.11652865621,44,0
1816.01335836235,1191.63840555787,55,0
1888.6270834991,4714.77777467647,44,0
3415.51832347445,5419.57608330022,44,0
3278.43855470401,893.863604409214,44,0
1768.51131210949,1428.40464527823,44,0
2392.57695422711,975.900989546397,44,0
2739.42933071975,1012.99129509159,44,0
2868.78348768527,322.779417954664,44,0
2387.07971749339,4779.40284108599,44,0
5120.4739591229,1703.10819751973,55,0
4640.53090099971,4463.73758819574,44,0
1794.27864795839,4701.719013009,44,0
2050.85697813166,5133.29152662317,44,0
3887.6948425785,5957.40911847134,55,1
5310.2821019478,4008.14087234328,55,0
5420.31212436716,3964.07559863918,55,0
4743.29932980284,1290.00751754472,55,0
3905.73485789789,5205.97826152586,44,0
4822.71943053745,1760.1643715312,55,0
980.171089978269,5085.29019704927,55,1
3153.69726956587,523.384071223174,44,0
4510.74173328036,1323.66004555277,44,0
3638.38506240602,5541.89773269187,44,0
3855.57180887284,373.877343662168,55,0
3731.74573099753,962.701935832646,44,0
5659.74568431417,3986.7824714279,55,0
3654.05948740433,5999.71809072444,55,0
4947.6510074646,4492.41829597922,55,0
5574.10949520005,2983.46233961277,44,0
5328.78488511043,2199.19527278324,55,0
1146.6432872438,2189.29644493987,55,0
1980.03167906744,4833.23743484346,44,0
1723.39425503102,4625.26120954063,55,0
5129.72764827352,1818.22392662756,55,0
5248.85611570176,1515.04374169419,55,0
431.407910741409,2714.90189279547,44,0
1713.67126840866,5671.43919517358,55,1
4996.2771934113,2986.10025444216,44,0
1651.923150706,2280.68708133659,44,0
814.238570927092,2340.6317747587,44,0
2466.45502151674,5307.57487379927,55,0
5390.65377051136,1470.95623401581,55,0
4785.4689627767,1174.9325389518,55,0
1948.44695963935,4623.8154712242,55,0
2689.58618412559,4885.5936227995,44,0
5566.15145162071,1784.02385152967,55,0
5115.06700126802,4106.94693008126,44,0
576.002850318823,2349.40086156205,55,0
1758.44494723679,1290.0382807777,55,0
4476.13208041075,1504.23573853729,44,0
5148.23399503937,1938.69241930202,55,0
5015.94887778438,1530.37517587722,55,0
4898.03424237268,4141.16576778925,44,0
3225.53981235864,5960.67970565509,55,0
1836.85774132203,5233.12290421,55,0
4624.47193663965,1290.16526561355,55,0
876.264969928355,2017.9066413602,55,0
5408.86686393893,2793.45905413158,55,0
4488.19187738622,5445.5975016748,55,0
5154.2676838795,2321.09779628092,55,0
5424.08726570518,3489.71107585072,55,0
4143.78781236942,913.263465527544,55,0
5952.28852920824,3315.18045827147,55,0
2560.72445420048,817.14783595129,55,0
4434.72395537411,1697.53562702707,44,0
899.05802241359,2766.34509633003,55,0
910.284084643406,4132.19761240354,55,0
596.848011823003,3071.08881985172,44,0
5147.1211749446,1464.07284076557,55,0
4657.6049892934,5567.32389654488,55,0
2389.80741665714,5040.165184777,44,0
4126.90492527604,1231.47096505363,55,0
3963.52334227146,1221.62724225341,44,0
4202.18929082029,801.770171488348,55,0
5602.49527319113,4383.21523652714,55,0
4635.38855683867,689.120628982767,55,1
5101.77528875122,1356.62172630711,55,0
4083.31508891309,1024.73304150054,55,0
1036.93307223408,5173.04178399611,44,1
4668.35627831931,1166.71378934601,55,0
4647.89679879348,926.350446735242,55,0
1312.60664206443,5307.99494820536,55,0
4229.80441411465,609.707506619819,55,0
3395.51291452525,5041.0123206107,44,0
1231.50062966611,1785.38108451854,55,0
4747.92293345549,5479.59052264585,55,0
838.174906591256,2666.18591640913,55,0
1020.80454409762,4437.66240530866,44,0
2352.54210533305,5132.82674339543,44,0
2437.93848998487,750.366085372746,55,0
3337.9795675686,5264.14109471233,44,0
2829.03842656769,5623.08208992712,55,0
5110.61187327876,3360.87178742395,44,0
3040.41868329338,5928.44553089839,55,0
4539.72965782217,5237.42481409227,55,0
1884.68808480071,669.356731607947,55,0
642.429159007188,2976.56553431985,55,0
3201.7796023746,5513.7044259297,55,0
1168.24968343658,1979.54560499916,55,0
3002.1258122644,5312.7584316331,44,0
1985.69328953242,1274.4924406015,55,0
1822.83415775666,1912.54497666409,55,0
800.940069094534,3102.32206375107,44,0
5590.82274964455,2248.77171700486,55,0
2590.45739007909,924.416789092187,44,0
5713.7336100267,2045.73669238714,55,0
1265.81662775677,1465.74365936774,55,0
5017.64939261633,4305.0951284645,44,0
1459.29648459197,1755.64738780472,55,0
1011.24584104706,2778.10426285082,44,0
5919.91390831348,2345.20604676132,55,0
4251.85215037831,5597.93766077528,55,0
2066.07738056937,4415.04273701521,55,0
1289.87114455935,1690.66924096536,55,0
2955.14557693641,5834.00906866663,55,0
577.902960135238,3411.95630464967,44,0
971.030974465079,2556.44614717172,55,0
1962.97129066781,1388.49294791174,55,0
4211.90968980521,4898.96070288522,55,0
1085.6679589811,3633.37189328168,44,0
317.454045133107,3485.78203342771,44,0
5621.96944613542,2671.28035124994,55,0
3804.12972139989,878.847735292768,55,0
2629.44496079869,5719.82286797503,55,0
1327.39460981677,3101.23002914883,55,0
3974.63858083615,786.602744072862,55,0
5619.36671882282,3078.75628062376,55,0
1309.82766927925,2325.23430788566,44,0
3333.41651251925,797.090714539916,55,0
2729.6233894309,5878.29166927267,55,0
4545.4379282936,993.986137448579,55,0
1320.55417931149,3785.10664560849,55,0
1417.71030034203,2320.84208546577,55,0
4571.38253035956,5690.5033096883,55,1
5745.27212544909,3106.56290629796,55,0
1319.28613791481,1578.73663449074,55,0
3636.88361550499,4959.30298257039,44,0
3072.41427677371,5379.9292777543,44,0
5506.11924055161,4303.27889009871,55,0
4793.20108946046,5055.02502965525,55,0
5225.15331529929,2693.04732750138,44,0
4546.23115998525,613.741708068592,55,1
5205.12170403813,3417.74244912906,44,0
899.005039730435,3663.50094590454,44,0
4642.99512245437,4700.63889633031,55,0
3664.61346415707,478.958342966471,55,0
4043.08379994566,5498.81569393438,55,0
817.759121908241,1699.440530428,55,0
4559.52182857555,5357.02881884696,55,0
637.766555189798,3708.28145945158,44,0
3367.22800888721,5167.86894624385,44,0
1965.43809329229,5075.94188331548,55,0
441.196134780627,2515.62211872818,55,0
5114.57787902708,4262.96720077455,55,0
5404.33649410663,2281.01443956002,55,0
914.348407457161,1481.63681873885,44,0
3951.00991433402,1123.40401592726,44,0
5204.6977761096,2035.81144547269,44,0
2204.68183110758,4674.76947323285,55,0
1156.66475980683,4737.03687960224,44,0
4729.71259965374,1823.53483842979,44,0
4330.44057281349,535.89935170154,55,0
3119.55809524634,1018.93120291456,44,0
3461.89402640135,5640.45523465537,44,0
2844.33922340147,5869.03678824863,55,0
1127.25995812071,2870.69879676963,44,0
1376.74275686039,4681.6884026486,55,0
4974.24464779183,4954.95440721987,55,0
5638.4132893367,3580.53087083444,55,0
5312.28589022433,2845.85758164959,44,0
1450.46788935701,3303.70329319612,44,0
2945.68548834997,1023.91663737443,44,0
1749.42108644934,4422.8175714298,55,0
5196.77536321654,4183.93828300935,55,0
3181.66011349324,927.033963016738,55,0
5333.9760264957,2405.54805471484,55,0
3363.85387263011,1151.12176229028,44,0
5854.25738755929,2805.78665788918,55,0
4877.79365673863,4406.32290114666,44,0
5206.29103652498,2215.01585834797,55,0
1987.67555687049,1776.35443468589,44,0
1485.77648691356,1980.57654097467,55,0
1558.06578833053,2076.05085264202,55,0
1327.53435465204,4462.84401113161,44,0
1156.56270768128,3217.02060854535,44,0
854.712808693044,1590.12725577371,55,0
1517.61220669469,4308.67664158763,44,0
902.468727072962,3553.44782647829,44,0
1736.67243801613,5556.62401428661,44,0
4384.67764438417,894.514001289594,55,0
2256.95250857041,1544.47535662311,55,0
2086.64648834042,4781.88662764243,55,0
2432.10460786234,1466.21333174878,44,0
3049.34890534625,707.007034338946,55,0
2071.22589405841,592.169781637054,55,0
3188.66631135243,6087.05697142579,44,1
4057.37520175266,4994.85440943291,44,0
5644.27580620905,2456.63662408857,55,0
5877.99347564058,3200.45393810045,55,0
1330.84156648476,3896.59549407951,55,0
4936.3612816454,4609.83010509068,55,0
2837.50849184735,5232.24686845612,44,0
1836.78702628035,1519.10746471064,55,0
4755.91054370205,4908.54616873561,55,0
3946.35766874985,1012.37472745179,55,0
1943.14043739517,1000.51420201277,55,0
5230.13891716734,3647.98928860041,55,0
2688.16181086834,924.476817551476,44,0
5483.68760970993,2190.6675680683,55,0
5031.75682782373,4798.87513069215,55,0
1223.57459148282,3149.55858015367,44,0
4295.89334384201,4728.87954416297,44,0
1361.27794027363,4205.53042376241,44,0
3995.43583764498,5183.58100224703,44,0
2212.59709163552,5803.11682945502,55,0
5054.58853832723,4031.22814160926,44,0
4885.4817012552,858.429593408337,55,0
1671.64928921952,2463.21691303952,44,0
2349.14408404901,1075.66866858991,44,0
2564.52161985967,1059.59844130917,44,0
2738.17523435718,5749.56426177814,55,0
312.679554138156,2684.49696067672,55,1
2868.69396396778,968.696761561755,44,0
1841.67393789275,2070.72592904874,55,0
1055.40439988076,2356.24278487135,44,0
5015.29457208637,5373.79096994484,55,0
2316.10546623113,5239.98894863554,55,0
2209.56445298269,5439.37836629764,55,0
1222.57433876625,3857.43622737456,55,0
794.597562626127,4815.67140110091,55,1
3359.48331486792,271.554484012052,55,1
4095.97836198682,4737.064665552,44,0
5539.63905796815,3453.19455861467,55,0
5311.23331227958,2740.950749549,44,0
1336.35916684935,2991.49865873775,55,0
2068.68072033907,5639.36076272232,55,0
5503.32237641484,3348.91236026653,55,0
5249.26340849482,5065.00539566727,55,0
1873.94199328396,1305.23370812981,55,0
5391.2511013689,3045.3351835601,55,0
1464.14904216201,4590.86071070052,55,0
5515.25654550528,3572.47316937454,55,0
4548.63476568055,4626.46144782737,55,0
3757.81703847301,581.417310259363,55,0
511.944021798383,4014.08346654504,44,0
3915.19322219662,897.557774126162,55,0
5023.3188796662,3074.41889627434,44,0
3391.02890136227,689.48567842462,55,0
1678.69518919378,1750.68457894856,55,0
5206.99762144225,3512.75779509954,44,0
2100.75858458612,4676.45655051535,44,0
4731.14572301631,4508.6305891992,44,0
837.12966055201,3958.05173139948,44,0
2507.77694508253,1413.13911016292,44,0
5179.7486067372,1256.21104865817,55,0
5473.67253147474,1876.01766458283,55,0
2714.5215296103,5630.78549823888,55,0
872.870342198177,2462.88568999015,55,0
3504.88300483735,1237.82370710755,44,0
3745.50756000273,1071.12951503381,55,0
5190.72134131128,3291.41963568191,55,0
1951.89453242402,5633.74133218645,55,0
5940.21984994555,3022.74806662839,55,0
4175.8268025936,5689.24176186906,55,0
892.324431811234,3765.18784736332,44,0
1250.52935741512,4390.62307586773,55,0
4117.53204725055,582.608438344329,55,0
5575.10641312435,3679.5774395864,55,0
5769.29361327196,2891.29359639364,55,0
1121.2268341301,4041.61512912218,55,0
5481.29434390532,3225.82982438469,44,0
2592.07867053414,5141.12990400902,44,0
4607.16821040307,812.271992296107,55,0
1640.15641950453,1080.36245482691,55,0
2607.95271221908,595.571118670255,55,0
3255.54003574608,5414.84498168271,44,0
2927.6029838291,5958.68723196909,55,0
5012.9224091798,3346.19172997039,44,0
2193.1770184669,5677.60596305326,55,0
1810.86073804445,4332.81013504396,44,0
871.48838496117,2250.44126523206,55,0
2237.10194147049,403.352823675214,44,1
4229.23925646155,5095.03895615305,55,0
1289.57408547079,2463.21498508043,44,0
1436.10353522806,4262.17360928921,44,0
4445.55257017515,1189.62805744461,55,0
2283.70954499327,509.083172821164,55,0
5463.01796487762,1571.53352825383,55,0
1677.4207541506,5470.10479449262,55,0
1062.57374361785,1915.29418069986,55,0
1657.08294936887,2043.96609712198,44,0
3670.97813811462,351.722901887742,55,0
4030.65415567061,671.352320319327,55,0
4019.95330330204,1390.78593088109,44,0
5931.09383010806,3707.05445439681,55,0
2822.08152175865,5427.03285654507,44,0
5710.28914611814,2269.00583503335,55,0
2074.52987916869,1354.54927512943,55,0
2861.04509078452,1165.66595076067,44,0
4240.99797856239,1684.62153821747,44,0
3527.61245001604,6004.62175778663,55,0
3838.93358948136,993.403102799132,55,0
3348.98660231895,5740.48029163393,55,0
1223.76863471743,2824.77650167424,55,0
2235.57257866053,4774.35942438086,44,0
3659.80529900368,1134.09791708934,44,0
606.062192895178,3521.04698239624,44,0
3235.56525895908,1178.12040271369,44,0
257.091442933261,3406.24494405174,44,1
556.84915256245,2779.70699472909,55,0
2154.63990068152,1428.40229691601,44,0
3364.76351394824,487.522577936539,55,0
3278.55952239251,5588.58002054942,44,0
1727.60546887894,1545.31844514753,55,0
3641.6882214291,603.090019143806,55,0
1388.8567576239,3672.62266191204,44,0
2084.71590133832,725.489086247337,55,0
5114.84641320688,1137.76280073206,55,0
2110.93058444382,5249.70938560679,44,0
2745.96858254131,5222.48174451244,44,0
5469.12040259057,4188.43321473639,55,0
4865.94080816583,3743.48596977606,44,0
1221.7347445601,4602.67007663512,55,0
357.666578171001,2794.92429791752,55,0
4086.9152934233,813.29826608931,55,0
4759.50070866209,5188.02547889481,55,0
1223.97072081086,3045.63024734004,55,0
1437.07386229768,1015.71577019933,55,0
1616.13361718356,3241.37198596404,44,-1
2298.88985395168,1303.49406657073,55,0
5232.71895820909,4575.31738076506,55,0
3928.60051919644,4882.7748830433,44,0
1757.81569915116,2262.46424775344,55,0
1433.16169244207,3577.28440658456,55,0
3754.6178625642,1188.70316196701,55,0
1901.60774590679,4294.56321253731,44,0
3625.77830595499,5440.06311025561,44,0
2494.87181789537,971.229621124482,55,0
1446.01776433926,3119.69352918014,55,0
5212.43034888547,3935.00254316426,55,0
2022.85342632166,1568.62395555353,44,0
5456.3468910624,3707.87876179849,55,0
4424.82540663669,5543.54138545341,55,0
1680.22826476777,4194.7612433308,44,0
4011.2985728453,5084.16985458145,44,0
2655.71637465863,5213.2713329514,44,0
4396.2949152914,4781.98278080603,44,0
4449.68446551823,4559.12803213342,55,0
5386.20251088416,3382.2144927991,55,0
4833.16687027813,4222.70307534865,55,0
2533.66163470585,5912.58896378625,55,0
3765.30037134136,5666.74291853239,55,0
2041.55277672253,5338.00553665389,55,0
1604.48038939244,3141.78670265039,55,-1
470.190817075294,2405.05451850957,55,0
4355.41840520387,5284.00652809628,55,0
4598.92330545819,5037.931674292,55,0
1562.90778580666,2218.54704997835,55,0
1304.27538998157,4294.97257032056,44,0
738.260797999839,4569.65599895352,55,0
4031.34911985769,501.211422935003,55,0
2101.66806277959,5760.3995168203,55,0
5025.30427796513,1067.53462095614,55,0
3372.07498869844,1051.03576235255,44,0
3992.72776706745,5828.77086164598,55,0
2331.29379604095,4952.66667084137,44,0
3683.19124463334,5755.57173708461,55,0
3575.74656426433,1315.72398881163,55,0
1619.75888589249,5603.86938525948,55,1
1270.37087960899,2719.91548450304,55,0
782.873159635104,3009.5524331731,44,0
1449.07572653217,1867.19131490855,55,0
1311.78800119106,3487.13907583526,55,0
4820.74768105082,1875.84448475634,55,0
5296.50494544582,3263.70424485747,44,0
4638.31947807544,1408.51931673936,55,0
1326.73231691051,1252.2854659264,55,0
5539.9098714288,2523.48919078857,55,0
3106.95023464813,613.885806770729,44,0
1621.20506994126,4351.90407134692,44,0
3464.62567954128,5753.60745531097,55,0
5405.04205495243,2682.19468338957,55,0
497.771277973271,3147.58918422772,44,0
5104.25690891743,4377.16995473637,55,0
1016.58166043592,4733.99957503628,55,0
869.473173031318,3321.12916161287,55,0
5273.86143153445,2307.87654566523,55,0
4357.78965905822,4481.43313597305,44,0
5003.11969320839,2492.88557202223,44,0
1339.92783264804,4573.7035773363,55,0
1457.29098035877,4148.03337699775,44,0
1007.30677274499,3075.65952682992,55,0
2467.00990177605,6003.53699748622,44,1
1608.14276957441,2379.68106019841,55,0
674.236173341921,4472.89504871557,55,0
2948.73407153836,260.920770478758,44,1
1367.97322216639,5090.83268431837,55,0
2453.3567978155,1563.37150295205,44,0
4076.97519682271,396.661050309392,44,1
2226.58640579092,1097.26489921839,55,0
4798.22712326937,1990.03127867836,55,0
1120.41580453308,2766.54771401325,55,0
1792.251533667,5741.11231946048,44,1
1702.2356021477,3715.36722600015,55,-1
2824.13307690277,5133.32226029553,44,0
4078.8909172033,5253.85928860272,55,0
1710.70172852394,1862.85211405383,55,0
813.193000249254,1815.00804662723,55,0
4026.94092941896,921.648599985526,55,0
559.669380334614,4492.6967369407,44,1
2885.61982253032,5320.18490088891,44,0
4281.04609908407,4532.21493190033,44,0
5748.86417868139,2154.67884239289,55,0
4740.89855390729,1613.18242101218,55,0
3850.18837385242,1227.58627626424,44,0
4024.20315988878,4902.43617299547,44,0
1406.98205000209,3216.08220009913,44,0
1378.24890578154,2023.38283478165,55,0
1560.17832570088,1852.5525923839,55,0
4150.66259924795,4983.29848638065,44,0
647.039346818894,2544.7030872391,55,0
726.705620259295,4689.00218845457,55,0
890.090758970384,3041.79311866591,55,0
4745.63298352165,4647.61774965901,55,0
1184.96859872174,3349.57403812547,44,0
4567.71118050742,4903.23412697177,55,0
2178.05694062977,549.150516424054,55,0
3041.68265675776,5602.79038106642,55,0
728.517174989642,3659.65158106407,44,0
557.566696891753,4100.52069614597,44,0
3848.67897361071,1116.76572563739,55,0
2315.82485538806,1177.60763512434,55,0
4539.88486206756,5565.45931388953,55,0
3560.57851406922,819.610763387016,55,0
1480.22764040446,2536.72000552187,44,0
5624.9706003978,2134.30526143874,55,0
2393.07504759161,5662.19127095296,55,0
1192.83397441174,4124.92658519087,55,0
2072.01998727805,5875.176241712,44,1
5625.12330069963,3367.17994058727,55,0
5370.86673536781,5064.15988891424,55,1
2269.34675333531,637.482534455177,55,0
5227.65343505466,3183.81845310384,55,0
2967.27555470616,5003.14110940894,44,0
3313.38409624608,1234.06434358333,44,0
1631.79111637068,3809.11267712097,44,0
4491.03559248617,4986.81423498329,55,0
3604.71335164926,1431.92085179852,44,0
1557.59719143228,3905.52652541532,55,0
688.036042954973,3893.54495736708,44,0
781.927066093711,4262.07785250725,44,0
2603.55504688674,4836.0323464862,55,0
1653.58838439796,3950.0047164762,44,0
1527.87262309157,4412.77863909699,55,0
6035.98151207615,2946.09409062955,55,0
5305.83427853248,3463.62302934451,55,0
3159.74962340578,5309.53486884388,44,0
3406.47421379151,1255.42795315061,44,0
5762.0286065783,3578.81127398898,55,0
4172.45789535516,5196.66253838121,55,0
1533.76239754018,4042.73825302833,55,0
3669.18756241391,1359.74208873313,44,0
5641.82267572123,2876.92940630967,55,0
1924.66904692823,1603.29110040838,55,0
4451.56718875368,4331.46976438744,44,0
3295.91651351732,994.248050846581,44,0
4165.92223327954,1425.16766747643,55,0
2984.11065456711,6065.0038588382,55,1
3090.35652404537,5245.26065818725,44,0
5104.48706257114,2917.38339598678,44,0
1123.2530556012,3107.21067556441,55,0
4073.75989858889,5620.90273963635,55,0
1213.13676945489,2935.84061043744,55,0
2719.78572553982,6006.90169398662,55,0
3029.93653391093,987.636482045976,44,0
2085.74581221163,5029.13415345389,55,0
2434.85555097846,4673.3692664155,55,0
502.79287852641,3480.52960469227,44,0
4334.81636882375,1376.76439236942,55,0
5812.11310631095,3003.731612832,55,0
2077.05534536998,4582.90070185367,44,0
4958.94185446725,953.541557633791,55,0
3256.34253174825,5313.36054876523,44,0
3866.10923905929,5603.13698099903,55,0
1896.11476112756,1829.53845372724,55,0
3625.22454679055,5235.96915840808,44,0
3479.50920153966,457.754399452218,55,0
913.776098445006,4411.8413521836,55,0
3271.16899210161,695.305345439833,55,0
4262.83060848382,4624.94274088813,44,0
1199.50780781255,3452.11569681233,55,0
973.301906286231,4626.1707604324,55,0
2957.53873105713,905.163700438206,55,0
2357.76563597652,1519.87292050955,44,0
1125.16541609772,4236.57872391862,55,0
2212.22447400781,769.521955984236,55,0
2168.32280856074,5912.50192727562,44,1
3783.17573196668,5824.43982458642,55,0
1222.37153730085,3564.05380450523,55,0
1738.41062059277,897.167635026353,44,0
3168.80630967053,383.337237819478,55,0
4333.90679397612,1671.30746238802,44,0
4466.83915513825,4706.22228986282,55,0
2158.27334621261,5553.17198850471,55,0
776.09193559489,3397.1344439886,55,0
716.686031541143,3783.46595582802,55,0
2857.75178856584,1065.5442461489,44,0
4949.43217382029,2573.73406774145,44,0
2863.62591961618,5742.92923753614,55,0
4975.17874103433,4080.53896852073,44,0
2947.00919254085,5408.53221437147,55,0
2568.94755361778,6026.8166775407,44,1
1564.06118263056,4520.76677743179,55,0
3773.5995351258,5129.24536400205,44,0
4704.59598698716,1501.54702186254,55,0
1524.89167377309,2954.25639097441,55,0
1752.79131600827,3802.35988032409,44,-1
1085.26389013795,3416.02256809068,55,0
2362.58776881703,867.373540888457,55,0
2322.74426700327,747.840338356125,55,0
1385.21307320253,4878.12121750628,55,0
2987.67379362203,5509.68056607054,44,0
2680.95896839096,505.597421926651,55,0
4079.44167384211,1706.90183843327,44,0
1341.68872032464,3297.69540535193,55,0
3642.55705480855,1023.01723856752,55,0
1567.33262867272,2478.05533678317,55,0
3243.68795000536,289.938827654587,55,0
3774.88785364646,5029.64408997568,44,0
1468.58718076093,2417.3153728916,44,0
857.1719857473,4596.11400951738,55,0
1455.26475298986,2775.65754384735,55,0
5323.22451141495,2951.52534185532,55,0
1612.03409525289,1556.331194996,55,0
3049.40646509805,1085.72373816261,44,0
4257.13715373113,1461.19608025145,44,0
2247.8005229555,5144.86851170971,55,0
5687.23007796836,1801.40645846826,55,0
4706.19408503844,1925.48832900054,55,0
4388.29245153417,1972.97197868352,44,0
4872.95474993611,4036.64312746263,55,0
1283.54031808734,3381.34329882056,44,0
5211.82276825693,2415.28011543006,55,0
1195.59204149162,5305.58950658003,55,1
4477.29794698437,1933.20238740106,44,0
4500.86039937515,873.987661521405,55,0
495.295282399244,3048.99733086883,44,0
5120.66143707068,2720.18597643469,55,0
4589.65266519137,2063.23032588119,44,0
3664.39104919711,5340.35982490127,55,0
1838.10959500648,4600.84322078567,55,0
4375.19797224709,1485.58793014909,55,0
2228.10429835091,4957.25239180705,55,0
2788.69929636472,547.169020041993,55,0
4975.73101723413,2696.64448291635,44,0
4923.16088915324,3490.90128824908,44,0
3249.54298048984,481.304611805043,55,0
520.61977694598,3579.47956359867,44,0
2002.26134003472,4323.18784625704,55,0
2992.43803245958,593.191559330448,55,0
3803.31702848418,1517.17251261928,55,0
1887.77140081691,4390.62284823214,44,0
4163.17200285253,5342.10971191664,55,0
4107.29470360162,4844.50018935007,55,0
1755.90201167607,3904.65047719771,55,0
4117.77989138408,5086.92869598712,55,0
4244.6986273996,1781.63179675307,44,0
4345.38671742007,5104.2715640649,55,0
3149.18560941774,1479.71625958103,55,0
1442.4279120367,3019.23518522926,44,0
4506.28666771875,2115.35897424242,44,0
2764.93293020777,1120.3171241118,55,0
1742.42517531345,1989.67321364428,55,0
802.236546278645,3508.76642504574,55,0
3881.80232093912,1574.77996416047,44,0
5210.93746289749,2889.57014106623,55,0
2710.13258477918,5132.60201804152,44,0
2695.01587423296,1432.52964026849,44,0
4305.77986388185,4839.85984128938,55,0
4164.20796893686,1103.79791454088,55,0
1869.22962904826,2300.89212728172,44,-1
4412.73246869458,4888.33195391682,55,0
1448.80254260359,3874.4591000161,55,0
4654.84111299455,4828.39513205941,55,0
4953.188558906,3172.32619142857,55,0
351.320246115563,3785.17877877656,44,1
294.920316106526,3708.20646172305,44,1
2850.28466217421,5026.69740281388,55,0
3666.12096655665,5143.66012273195,44,0
4838.21775982035,2104.19744537261,55,0
2144.8022422416,1545.20322813702,55,0
5279.92263818173,3353.97765304351,44,0
927.767634936883,4013.58526153876,55,0
5120.95752115586,3852.69451183306,55,0
3817.53159186553,692.465133800771,55,0
5148.5819391333,3096.80146763408,55,0
5020.26094908511,1779.72689010597,55,0
1512.16934718828,3212.64247642733,55,0
4524.01090386594,1621.62187840543,55,0
5156.24160043213,5287.64195049741,49,1
3442.66768920011,5529.00937507218,55,0
1596.91664230728,4134.66165602662,55,0
3954.40187310204,4989.11239983498,55,0
5031.99483421815,3546.73828051546,55,0
4929.71125453114,1913.60669691256,55,0
3868.12995943893,5728.75616580397,55,0
748.586363843093,2468.22414117505,55,0
3143.2981708725,1127.14207464928,55,0
3574.95439655287,5792.10758216788,55,0
5305.59346977527,2616.43260391991,55,0
2097.84923302677,5447.37032776134,55,0
2332.75786621327,4589.64603260923,55,0
5690.20567419222,2978.94694516211,55,0
2264.63294339728,5946.34954124768,44,1
5783.49471250638,3996.05115305463,55,0
2346.11090840616,1613.90922190531,44,0
4724.94387149987,2406.28550869125,44,0
1413.60398735245,4367.82930987537,55,0
2442.50172657257,1342.13667327721,44,0
1929.66799708813,2232.24461477588,44,-1
4451.00442537972,4438.98512498544,55,0
3696.39240827174,1479.5798931692,55,0
4939.89503912832,3809.2532734016,44,0
2344.93302117091,1713.26862385013,44,0
1989.14668000655,4726.75785323776,55,0
2276.28130324771,1791.15401067146,55,0
2877.37654047284,6077.56586409945,44,1
5074.23063111683,3260.9324639306,55,0
4278.06089584955,1566.53576118677,55,0
3089.10403468381,5490.04295252916,55,0
1096.33111102634,2994.37812384526,55,0
3232.45218921184,1289.75946415014,44,0
1486.26725510165,3667.82949168509,44,0
4053.10570014293,1144.47150606174,55,0
3964.69617981998,1509.53128314646,55,0
3978.86032068132,5703.13301059551,55,0
1528.01903195686,3486.59625824712,55,0
2848.92177197372,439.519730530726,55,0
3382.06576651437,926.490534854031,55,0
978.928787889061,2965.32796059364,55,0
617.963019465458,3616.9174184611,44,0
2540.73491014327,692.128769597796,55,0
1989.80257161193,1906.78867788701,55,0
4276.34796997168,5391.12554507221,55,0
2125.37108025304,4495.93303021677,44,0
3464.44790335992,1345.09205961065,55,0
5519.38369133942,2848.83604952372,55,0
4296.39738215735,5848.77845597223,55,1
3163.37852525171,5630.47155649085,55,0
4651.67521874483,4574.21343864581,55,0
3128.33293631725,4955.55295897052,44,0
435.197819092485,4209.90689119628,44,1
3337.20902617019,5942.81127815172,55,0
4732.871392377,3907.18831888358,44,0
4615.93473259115,4236.2608255863,44,0
1586.04466799574,3716.24201659499,55,0
2738.73310430759,397.843707807105,55,0
3337.10336884179,5366.2188032881,44,0
2173.0807779521,983.757165306122,55,0
4514.14989486638,4051.77744179889,44,0
4074.98397838452,4501.35724042494,55,0
2417.97700939367,4913.72041552046,44,0
4627.1185480625,1807.61240270463,55,0
2210.34185468943,1638.32066515006,44,0
776.100103617761,4413.71146023751,44,0
3394.35211130043,1435.700469993,55,0
3332.47882922719,5489.9354560259,55,0
5424.99806849686,2568.38362252196,55,0
1053.76030588149,4335.08194756352,55,0
1602.29222971327,4917.39389544631,55,0
4911.88569488804,2301.16090933558,55,0
5228.34717263893,2528.93625082699,55,0
524.14694549074,2943.69660844779,55,0
3179.01162059899,5766.14770026445,55,0
4915.32989386029,3388.67854289403,44,0
4630.03855563501,1687.93954795346,55,0
1102.04816607502,4644.62374697193,55,0
2896.47689569486,1380.96562731892,55,0
3275.17912191936,5834.25495599026,55,0
2585.97785353189,1218.3077976615,55,0
418.532131762376,3244.67339052829,55,0
4881.43138558818,2750.01317068072,55,0
2752.35213356341,1336.52159386351,55,0
2956.56056587299,1133.22071331507,55,0
1653.25144943424,4043.29945910867,44,0
3682.60906872056,5045.97364191921,44,0
5067.05033737942,3655.29748479249,55,0
2288.41238232379,980.854123817292,55,0
3128.79904367369,1373.80195618663,44,0
1112.21838164241,3732.3238122358,55,0
2543.27572317279,4924.19592489926,44,0
2479.54886893614,4824.62512656704,55,0
2259.21187252987,1425.85938531423,55,0
2651.07857555581,1121.02528461298,55,0
1745.84336713481,4006.01909208122,44,0
3444.41376425589,579.285663216591,55,0
783.774141224162,4155.64086393323,55,0
4759.73995811515,4410.06408102177,55,0
319.842257099416,3317.61287790804,55,0
3774.46795369228,5325.82615305525,55,0
379.831386296567,3038.21157041296,55,0
440.42650398634,4103.35464020269,55,1
2093.89793042887,1649.38888362386,55,0
2000.44777731297,4516.36719637675,55,0
1430.25097556278,4481.57071431455,55,0
5320.42908838248,5158.19968541776,44,1
2170.19978806386,4860.30192802174,55,0
5989.79195755041,2838.99685261638,55,0
2171.77873488358,4575.4617873636,44,0
4329.1645805156,1888.74906509434,55,0
2620.42117194203,4978.05972608435,44,0
4729.91558787881,2158.00421868708,55,0
3053.54188715335,488.096341766369,55,0
4677.60458202259,5680.33091017973,44,1
4412.98218936493,1593.04190640355,55,0
3145.69200965501,1253.27983204022,44,0
4547.84570562088,4511.91592167558,55,0
617.941414998092,4018.32693889823,44,0
3516.8374419499,5444.15134483845,55,0
4796.49682932103,2469.25968960514,44,0
4928.92481661288,3585.60306104644,44,0
5077.20619130158,2412.44455759585,55,0
4904.10681416511,3890.83746328197,44,0
5154.39852273872,3736.96491316822,55,0
5032.85004277249,4173.66890686541,55,0
3492.84576013097,1452.01624116179,44,0
3453.1043817107,5201.96435585994,44,0
5012.24728964672,3891.73456518635,55,0
2301.07681580116,4852.56180540771,55,0
644.59436184644,3265.90283817345,55,0
2358.46441146735,1395.98845407985,44,0
1793.51399863899,1755.96032070102,55,0
833.358865374798,3856.64250139629,55,0
4887.88827025908,2646.14721863945,44,0
3552.77413915176,1108.77522556446,55,0
5110.45711552299,3461.7290481604,55,0
2318.39583879457,4703.74133094605,55,0
2372.23367616419,5537.69964652154,55,0
4990.60993804985,2070.98749317018,55,0
2578.56968508813,5290.2291627061,55,0
4701.83946376973,4164.64227249289,55,0
3927.95994861999,5483.39354354689,55,0
2844.37345708002,1275.0760245279,55,0
4616.78084644164,2150.99955285268,44,0
4112.69796855841,5942.93804396408,44,1
2267.17242171857,1894.02086518509,44,-1
4533.29622570792,4282.41253561233,44,0
2507.52154053063,5616.53524632643,55,0
4052.3425403512,5370.49746787636,55,0
4292.30687303182,5724.67471768525,55,0
3248.17397025107,1506.75735189233,44,0
4206.57916448813,5906.62181463884,44,1
3053.76503246366,1198.83526274412,55,0
4299.89533082915,4961.83727458153,44,0
4821.11565902287,4324.17514720962,44,0
4156.87075594582,1645.43814603294,44,0
3879.59813526348,1427.29074008169,55,0
269.052887485659,3092.14148406747,55,1
3562.70553051662,5667.79325529825,55,0
4351.79715943361,4375.00763795333,55,0
2940.83830338802,5225.8534600946,55,0
687.691971624481,4327.46491879833,55,0
4142.53716992844,1540.36092912608,55,0
2254.9567251363,4508.41762581746,55,0
1583.40801066257,2713.27803071001,44,0
5060.82509340521,3157.80300420826,44,0
1108.01860813806,3529.59910748285,55,0
1834.98882615925,2181.1868024384,55,0
1554.64221108684,3589.49536710994,55,0
1607.5846977703,3030.86148615921,55,-1
499.055267927444,3335.4824351708,55,0
3199.35927135882,5020.42175296943,44,0
1981.39649692459,2155.25169995783,44,-1
4508.34485630004,2021.81321378156,44,0
1898.02351940282,1711.6011120994,55,0
4365.18525162752,4272.48651034967,44,0
4957.67672082339,2402.62149382115,55,0
3581.70879858661,5046.83820331088,55,0
550.88970288911,4208.19555713821,55,0
1739.78249763465,2114.63251889845,55,0
1090.85300151121,3845.68935623466,55,0
1588.10441355545,4633.01972470576,55,0
2590.58372830057,422.552038919501,55,0
4818.42543283636,3431.15534746232,44,0
4626.395430647,4341.13385057893,55,0
2102.94092090948,4290.03868967097,44,-1
994.218766059112,4213.33758012524,55,0
3039.54871563209,1459.94808328965,55,0
593.511654983983,3806.20765612303,55,0
2089.23823736429,1858.01852065282,55,0
1639.77555682897,2574.1511560091,55,0
5001.00322517446,3438.47266363557,44,0
4429.67552260045,2176.94517360805,44,0
1546.85388497946,2844.5918999171,55,0
3435.93456869053,5310.68907439573,55,0
1517.93637201892,2630.71595470606,55,0
1930.39449310882,5305.06440739173,55,0
4654.15770555657,2247.42352015909,55,0
1891.10847728444,4495.57059467243,55,0
468.948988901937,3789.67028042937,55,0
2846.73328418755,655.129282947546,55,0
3124.29583687034,4848.29397467315,55,0
2602.41810473214,1427.06315528847,44,0
3211.26257815622,5214.53893498393,55,0
4415.38071749614,2071.92526404807,55,0
1418.41836864495,2877.60267600875,55,0
4739.53760714949,4754.74856523124,44,0
5058.21042594585,2627.17664063446,55,0
4402.4097749733,5828.51608699169,44,1
5093.30609816923,3007.66248628112,44,0
4900.17222803114,2493.13365595123,44,0
4626.47587138637,4076.13687918827,55,0
3551.23828090967,5324.10906493244,55,0
1438.19214553181,3761.34319872128,55,0
4171.49048647281,4666.32362825607,55,0
984.225619142749,3353.08136107669,55,0
3221.78515937271,4916.79173694162,55,0
2782.57071232701,5326.8502187232,55,0
4044.38992165165,1606.54807855098,55,0
2638.21281586527,1326.10073150804,55,0
958.078821423761,3856.83792305438,55,0
3798.51920376941,1625.50442752363,44,0
4212.2798680785,1883.21876357684,55,0
1897.2351399411,4193.74469422563,55,0
2746.02809747513,4798.16199881235,44,0
4714.3625886338,3789.31851614303,44,0
397.894608208899,2926.7743053283,55,0
836.080269114271,3212.22484520764,55,0
4694.71226391629,2051.09905815035,55,0
5001.57685646137,2883.60642889977,55,0
4242.57638153542,1978.9227149676,44,0
410.975116377459,3548.66122906391,55,0
2075.72670274093,1751.6936395751,44,0
1867.35396343394,4087.50830757731,55,0
3089.32437400563,6094.12401323199,44,1
3066.20744577374,5042.42924856768,55,0
4693.48999817202,3994.94856799073,44,0
2537.91461168281,1625.51350234167,55,0
3030.25395288875,5154.09026746432,55,0
4679.71816586572,2500.19777017316,55,0
2987.0970997742,5714.12967036001,55,0
4718.98125061371,4281.23133805086,55,0
3775.08939461079,1401.20798166675,44,0
5514.26380247901,2730.31865507797,55,0
3889.50565180765,1670.16803719842,44,0
1633.67492776103,2909.04830090656,55,-1
1090.43192339742,3298.8357337065,55,0
1752.64459435481,4114.99859955267,55,0
1720.24055457474,2366.71781632084,55,0
4766.43513139352,4076.41934984119,55,0
1670.05795706273,3610.62845446018,55,-1
1522.5996175659,2311.04867430566,44,0
3732.71305567695,5438.94020854973,55,0
5211.69964378591,3001.74420380918,55,0
894.884685270467,3430.03533553838,55,0
3324.84163017839,1340.05446010076,55,0
1283.58847579518,2612.29809729047,55,0
4917.29592460408,3064.47170503109,55,0
2883.761571821,5515.10829539993,55,0
4952.80931823815,3683.56278719144,55,0
1756.96288158255,2514.1143355983,44,-1
1031.60451228304,3943.72039502386,55,0
2551.04550453374,4743.34155262572,44,0
3305.55292086758,4786.55883586886,44,0
3271.56017258024,5116.28029778794,55,0
4751.41241220764,2303.86529202546,55,0
2178.55802392169,1734.16513590011,55,0
4548.84159878249,4406.69270510787,44,0
5108.28813430359,2519.79611191408,55,0
4370.30897498469,4638.40108232298,55,0
3805.2746962315,6024.55408414997,44,1
4823.18845666303,2568.17920798736,55,0
3318.10532452354,1580.93924195141,55,0
4545.63063850082,2267.14351935224,44,0
4442.40657261952,1833.18611134473,55,0
669.480609214706,4117.27462049803,55,0
2784.1110817034,4933.82472471856,55,0
4772.36057475267,3717.32404590848,44,0
2465.22978730083,5111.72227726918,55,0
2902.55030499794,4929.95625283429,44,0
4807.68655347078,3838.89856867763,55,0
337.056442349294,3907.19056827875,44,1
4831.72762268289,2218.32708822111,55,0
2059.69850679898,4899.38651064008,55,0
3481.27270447542,5078.39446124843,44,0
4544.16140291801,4154.33146342264,55,0
2837.47445134321,4839.02746042278,44,0
2934.15793717408,1490.38476095519,55,0
5033.77108338787,3764.17195145664,55,0
3701.49602658912,1594.27142391609,55,0
4347.07701990535,1772.4104565792,55,0
3483.42451639048,1614.89928103105,55,0
2630.4039256652,1580.1085330588,44,0
2727.43785604711,1557.66858214049,55,0
299.539648817163,3201.85360460042,55,0
719.838131529047,3173.13569003421,55,0
1617.98455384738,3382.53165152728,55,-1
3409.35752075725,1541.75366396112,44,0
3336.27411662871,4879.30289604917,44,0
4843.8292614784,2387.30544330182,44,0
2718.91842458703,1677.89669138763,55,-1
1640.73307041739,3504.6350933614,55,-1
2560.4554139348,1513.42680541722,44,0
3423.49013587186,4939.46211235715,55,0
4829.5488797734,3330.77170534925,55,0
1680.73195764653,2679.88037244065,55,-1
4264.75436074296,4300.36988208523,55,0
3019.54619498078,4841.08705231517,44,0
991.579819422022,3712.10389049727,55,0
4523.78248901816,1745.39740219671,55,0
4824.31102493199,3942.34810693544,44,0
2700.59717515868,1227.95197597675,55,0
453.607856174573,3905.81008206987,55,0
2296.53573887204,5046.86712649217,44,0
576.013531374985,3919.85199233032,55,0
3881.96691385888,4750.58212040891,55,0
2795.48727576693,1446.41897232215,55,0
4711.22523395478,2607.12301115958,55,0
3641.65265089236,4852.64994205555,55,0
2712.48904095971,5024.8113714491,55,0
382.537338028985,4001.25463181388,55,1
4890.39963276476,2862.64957112673,55,0
402.18549469904,3664.65863984423,55,0
3013.07499207048,1571.27996512065,55,0
3978.27853706288,1722.89910397441,55,0
2189.6411390583,1838.40961443352,44,0
5032.03508430813,2784.1809764615,55,0
277.04511251443,2884.59815058034,55,1
3587.75696479976,1653.13590417537,55,-1
4590.12454186734,1946.1356431479,55,0
3907.56584708118,5094.56123487189,55,0
4900.72253988573,2962.85637723766,44,0
3734.8192678073,4927.01043330331,55,0
4146.78171994697,1970.53124411465,44,-1
3227.91501610752,1397.4866518449,55,0
3844.1282090414,4953.86168254719,55,0
4845.4339672026,3641.85653606726,55,0
4841.00120366235,3541.70489433716,44,0
4179.77596422067,4552.69616752425,55,0
4006.31033989722,5951.03049845974,55,1
3963.41218925362,4621.05540062613,44,0
3840.33939048708,4844.44461446189,44,0
2956.16691291458,1254.13148493256,55,0
2436.39318899035,1672.85595983535,55,0
2407.54894587402,1795.19027142733,55,-1
2168.59317496723,4367.39788906026,55,-1
4494.29164333772,5781.62898975961,44,1
2006.47028418799,4210.25913016157,55,-1
4832.8494933221,3219.21676830278,55,0
1713.37836443992,4294.33212319335,55,0
527.778541843808,3685.51953916523,55,0
2930.91622963385,5106.51764681589,55,0
1975.67142082211,5834.36000516939,44,1
297.741347044244,3600.44754060507,55,1
3215.52754182144,4806.95855498943,44,0
3149.80000462782,5114.73909822766,55,0
729.133312013136,3997.66062260032,55,0
3559.85471385074,1528.1253355299,55,0
3534.30958414097,4942.05893432566,55,0
4450.02193720099,4213.77406629611,55,0
4200.30390074172,4449.89251334941,44,0
4337.67154890234,2160.66676818889,44,-1
995.670513783166,3492.57318392387,55,0
4789.05636313763,2686.97601990693,55,0
3031.25133442462,1342.93098917869,55,0
403.922419133596,3411.47188330135,55,0
1827.96269172949,2383.44865367145,44,-1
3776.90932550032,4691.23077027549,55,0
2820.0092175391,1658.80778171726,44,-1
2928.12764861618,4834.74287769197,44,0
4299.25493635469,2063.85125313171,55,0
3876.65741368439,1773.54653085535,55,-1
2102.13398441764,1979.09918212718,44,0
4928.57656120662,3279.30930108502,55,0
4811.37239455662,3111.37129184965,55,0
3974.06152008771,4522.41370231056,44,0
3116.37180080187,1583.15860497845,44,0
3561.47074258944,4726.97212437019,55,0
3548.06015979137,5163.7585835041,55,0
3994.34073647572,4751.26726961935,55,0
4444.07602971039,2273.84255467076,55,-1
1648.59181560266,2792.51071399259,55,-1
3737.30898364886,1707.9475061327,55,-1
1924.5135608029,1997.2119803168,55,0
3873.12744861463,4639.69324879209,44,0
4577.05552422071,3972.58295868424,55,0
2398.58776888022,4503.31292726962,44,-1
4786.16651254324,2900.21373489752,44,0
4203.42260507052,4780.22357673149,55,0
3299.22769687043,5000.37748830648,55,0
2842.16601596693,1552.69062626092,55,0
4603.6675416687,2355.95805008553,44,0
3036.88740794773,4932.3333897631,49,0
2615.31593971042,4663.14309412052,55,0
3539.74448954685,4832.87082226313,44,0
4067.05405258296,4616.74650986827,55,0
2615.12561535768,1712.60472180605,55,-1
4132.63776760861,1792.17707359041,55,0
2332.17785944399,4431.74654736219,55,-1
4629.8125507618,3879.01343616548,55,0
2024.76467292047,2060.26336054566,55,0
2671.47971593362,4747.00794665567,44,0
3743.8124765607,4811.72243825886,55,0
4513.86086562192,2405.09064613826,44,-1
4419.78882789876,4042.47031891507,44,-1
3672.16385753581,4720.46846894592,55,0
2921.40442812675,1635.15195304768,55,-1
4775.29090073614,2797.57292658455,55,0
4803.91145531231,2997.77741416953,55,0
2785.48054455779,4656.76287790831,55,-1
4631.54350004132,3725.64456826485,55,-1
4663.44226313679,2731.84147160951,55,-1
4072.49644044749,4393.82264360018,44,-1
2193.35335306041,1947.13427479123,55,-1
4704.25968997299,3089.30936260338,44,-1
4713.68435156061,3293.83233112334,55,-1
4753.87793778862,3497.6947642549,44,0
3212.01881838534,1610.40460103787,55,-1
4469.44055780793,3965.22094661871,44,-1
3986.80558050342,1833.65508237169,55,-1
4696.86775680951,3404.82672996175,55,-1
4688.05433407463,2871.11962743541,55,-1
4164.73507511895,4354.44345368616,55,-1
2967.06421034581,4705.88066397389,55,-1
4564.35226214206,2494.29828192552,55,-1
4746.90727698677,3579.54301766635,55,0
4695.44137516718,2997.77999920379,44,-1
3066.52852598827,4752.04294067018,55,0
4555.54688176042,3797.75277181381,44,-1
4084.97745144952,1897.63607777272,55,-1
4295.6296813241,4198.89969622075,44,-1
4709.64603265121,3191.18031236876,44,-1
4513.4424372601,3884.75459460895,44,-1
3694.12878758404,4598.79021546015,55,-1
3470.85940017615,4665.9502325986,44,-1
3604.83479287137,4630.22026506574,49,-1
4371.66024742489,4134.00596937355,55,-1
4603.5092382616,2621.43906406148,44,-1
4659.33792544431,3498.35883235906,44,-1
4648.18426583888,3593.73092492588,55,-1
1134.86042787185,1841.74250318724,44,0
3461.37663551623,4774.10152380808,55,0
2510.6517736652,1754.4654315144,55,-1
3878.48422931804,4516.23999502523,55,-1
2861.18258987276,4740.23338505737,55,0
3371.3456746564,4705.25898917427,44,-1
3172.12243613618,4716.41212174755,55,-1
3798.10704468886,4578.32805871896,44,-1
