4816.89952517552,776.622853819038,44,1
6008.02541674558,2548.9760458475,44,1
476.672578688566,2097.68564943128,44,1
5222.24570732304,1102.42516264396,44,1
1485.6027651098,1168.60261446638,44,0
1040.86896273783,1189.90849061341,44,1
5733.48066327423,4554.48785190806,44,1
4837.18139899444,5272.6553073971,44,0
5071.09970971995,963.613303333851,44,1
1331.06980872722,1040.79095727365,44,0
1069.33479964092,5011.94541658522,44,0
6055.9175474596,3372.68844610527,44,1
5498.63126866856,1421.03395824806,44,1
5741.31284781265,3383.12238137241,44,0
6017.80548878214,3777.83103419931,44,1
1524.71191294962,5261.06852040109,44,0
940.683360600826,1379.33331053286,44,0
2447.00933550763,5866.50016439607,44,0
837.088914400371,4706.15685793194,44,0
1261.99865374877,1332.37204361895,44,0
816.833575919973,1443.70726698554,44,1
1672.33936688468,668.225131643991,44,1
1586.14393086919,722.212945847337,44,1
5182.45446012355,4967.54461676548,44,0
5146.62381989142,1031.83931747997,44,1
2354.76295131901,5344.57752324895,44,0
5773.30266485621,1866.01012598877,44,1
5898.51507328666,2147.45902057605,44,1
1204.55573220965,1561.84590587078,44,0
1534.21514675248,979.93420011612,44,0
5414.20021921669,4361.41753535166,44,0
1179.58664190044,1665.56869274053,44,0
5794.73043069771,2598.39801063994,44,0
1889.41501075874,5757.25866680058,44,1
1483.92151073824,1350.99087722562,44,0
645.927720490671,2044.20094080943,44,0
4934.13063251629,5258.97492013213,44,0
5453.88611042004,4566.68409638594,44,0
5844.52648135348,3408.02693506236,44,0
4664.55443576862,5394.45072655976,44,0
4922.38340770242,1484.91134986044,44,0
1583.60623639637,1354.00128803498,44,0
5699.28809478453,3295.01889433451,44,0
1390.5810031435,1128.11045816571,44,0
1750.71382182966,1098.40502203042,44,0
913.447146143305,1778.16824963064,44,0
2641.96682966786,5945.98874856726,44,0
5500.54570408219,4422.52054449339,44,0
5259.67042513705,1952.47356091276,44,0
5557.74023071861,1498.67654238085,44,1
5519.59059517681,2626.09502310283,44,0
5628.87877536432,2347.78331043407,44,0
683.442357826489,1955.92122768197,44,0
2319.10383547035,5855.31203551016,44,0
949.473223031584,1689.86354997644,44,0
5751.84538358784,3478.08912938014,44,0
5806.71234795808,3892.00099266631,44,0
1358.38366122561,5202.11087162793,44,0
1583.83225008363,1170.20804759442,44,0
6039.80910243987,3671.92813524373,44,1
1168.14978799448,1361.71908843116,44,0
3747.8101740586,5935.57301670199,44,0
3564.71500169766,524.420974294013,44,0
5203.26255744917,4674.09542455135,44,0
1560.46850335548,5513.96148510585,44,0
1531.01757880329,1081.54868059566,44,0
1110.59898590898,1270.39953110772,44,0
2481.70127602462,5737.14085975395,44,0
4640.39046496974,5290.48012723525,44,0
5209.724049652,1360.89079118517,44,0
756.696678150631,2570.99591357939,44,0
1701.73135680613,1180.20617625566,44,0
6069.51602270529,3472.31976026177,44,1
4831.91735744954,5415.16554435244,44,0
6054.00371498043,2751.43787997005,44,1
4903.13727156825,5354.02242591303,44,0
4036.49334268447,1290.13761489098,44,0
4412.28973197302,1298.09393752143,44,0
3575.90824707044,5908.47318330558,44,0
965.521523866019,1965.34310103518,44,0
702.869719096562,2140.73273108774,44,0
4518.98049816384,755.725459277368,44,0
2310.92037143641,5737.69821612197,44,0
5111.02920246456,4883.59901462943,44,0
3402.4811065246,382.338688792142,44,0
1257.47984541981,5208.05860678722,44,0
5917.31221132485,2602.28839908459,44,0
5004.2115427963,1423.82229606993,44,0
5949.81752437875,2740.98196144844,44,0
4993.19432771922,1178.19830148807,44,0
4914.93124061215,1388.17159586254,44,0
714.65815253597,1736.78520595813,44,0
5206.80489058219,4428.32341245665,44,0
4853.20909189245,991.518134110817,44,0
5612.32996888145,4279.61863755064,44,0
5760.18609293356,3213.0418347682,44,0
1249.91448438945,2152.5663922049,44,0
3756.42791525478,421.001442710056,44,0
3051.08082593161,345.31545609669,44,0
2029.33307652245,5543.57596408686,44,0
4998.91897871349,1324.54510615518,44,0
5858.63443497134,3099.00507215562,44,0
5585.06686934156,3278.78089284193,44,0
5814.3407323232,1952.593985124,44,1
4467.73181945777,1077.953237421,44,0
1993.03645663905,663.49507585613,44,0
2301.8359877691,5633.15277021306,44,0
5704.48570861314,3892.47821076318,44,0
1018.13811194556,2877.22065809072,44,0
2394.57598781677,5785.38173068146,44,0
1435.60291827308,1252.30421825307,44,0
3660.00932809471,781.468509109811,44,0
6080.74498289851,3162.2809210779,44,1
5141.46098727213,5060.09043383943,44,0
2155.40460706272,5354.06852807466,44,0
5808.71670312303,2317.37508513346,44,0
1111.99802598514,5098.15461433372,44,0
1660.73658757688,5199.74401754314,44,0
979.064916027984,2064.42338992507,44,0
1688.12075359715,5359.08734454399,44,0
4466.43750839589,5650.94149148893,44,0
4917.22554292431,1061.05991840477,44,0
4419.07052548605,785.753888198919,44,0
1503.51892114617,779.296331407861,44,1
5644.70230436133,4614.47793293376,55,0
6081.04123952789,3266.67839865287,44,1
5275.37913736883,4939.29902189651,44,0
4399.92752719015,5723.23250041869,44,0
3066.97678608107,5802.49025830962,44,0
1421.66884856112,5276.70570028402,44,0
1257.47072258694,4709.3971495123,44,0
4233.73443577213,494.82244024586,44,0
5292.03650058188,4489.0441921322,44,0
5098.34935602128,2051.91493748349,44,0
5395.15142653635,4264.36407468144,44,0
4224.9834041609,5485.71701766256,44,0
971.453733539436,1277.1106282273,55,1
412.540915316555,2284.82435142026,55,1
963.635179368768,1867.91246549353,44,0
3700.69406234368,871.971311924281,44,0
1372.18829667278,1491.7943457383,44,0
4528.07298144723,1414.26612739841,44,0
3957.7884861581,592.795299999842,44,0
1455.50784184082,1444.37635663848,44,0
2472.67597735797,869.285598848012,44,0
4668.12825246548,4956.12890101488,44,0
900.047434578843,2123.65471696399,44,0
4979.56328036381,5157.35060892148,44,0
5761.034785312,4452.9934274896,55,1
1786.90726169439,5464.28592402794,44,0
5635.43288353842,3772.00600561813,44,0
3478.69020571292,5895.42254319652,44,0
535.0096954415,2007.80548963525,55,0
4720.61721614231,1723.45838996543,44,0
4270.91642887438,712.998939838594,44,0
2047.81164925367,831.582196245735,44,0
2945.59899193383,703.66425639382,44,0
3665.94640145265,5878.42828750458,44,0
1295.10058383375,3697.47617881837,44,0
5864.16425506034,3618.07910487456,44,0
5706.45849553358,4221.65763039258,55,0
1252.1576846947,970.439729043874,44,1
5724.23255291723,2379.40200001254,44,0
6019.04813546599,2652.97946180641,55,1
758.167657495125,1526.64309752688,44,1
5604.63250869663,3863.3624074729,44,0
5646.61541180482,3480.44392453347,44,0
1695.7687506529,4978.81348483072,44,0
2834.16442341608,5980.30658595431,44,0
1721.77036080258,4882.7123281099,44,0
4566.90497252318,1500.65167250656,44,0
5976.30393142386,2449.20898939905,55,1
2551.60286667878,5804.29652408728,44,0
4272.29707322748,1090.18877373803,44,0
1945.96471861972,550.927380092974,44,1
5220.30869117984,1744.49797371824,44,0
525.605825993767,2677.07519637302,44,0
4595.09892733887,5467.89489345208,44,0
1615.36495832171,5290.41587892589,44,0
1669.62432237531,4723.31465603612,44,0
5201.54545895027,4330.78907633337,44,0
5351.24540721612,4572.17044104483,44,0
5610.88310552457,4725.24402631963,55,1
3141.01562883585,271.359683305052,44,1
717.965431636982,1623.43796808093,55,1
2711.67599751571,620.893176740829,44,0
4731.63691811799,728.160924471106,44,1
1557.44334842711,1732.70430312006,44,0
2751.62691252405,284.326584889301,44,1
2961.17960598025,366.511135032852,44,0
1871.16321738581,1412.86906407983,44,0
5826.5007412127,4368.83971992955,44,1
5083.58493489605,4976.20872921706,44,0
1367.8230348454,5399.05302332221,44,0
1840.46430104166,1041.0119205399,55,0
964.690020417058,2201.32639791045,44,0
1061.48199927818,4913.68125646086,44,0
5823.61901558202,2410.21567158025,44,0
3397.51716843474,5839.47406398935,44,0
5286.35238112682,1187.42300856105,55,1
5535.93958934559,4634.83625929186,44,0
2639.01832539852,5840.12809020409,44,0
3864.11804943226,587.342314800257,44,0
1346.01667256591,923.511557522568,55,1
3172.46808803688,712.705681106027,44,0
1509.19044537015,1636.18156639407,44,0
1143.06630048974,3939.27852283112,44,0
1035.27874636694,5173.72254166856,44,1
1610.94401021116,1656.87951720831,44,0
5611.50989228249,2004.46063648566,44,0
5307.97604029663,1787.83462976993,44,0
5205.39217882908,4858.91334488377,44,0
2378.83125552149,653.822916649008,44,0
624.915946039439,4586.49569274761,44,1
5340.21680461174,3705.32778671995,44,0
1026.79272814925,1783.40842114355,55,0
1650.99209541274,1455.34513964439,44,0
1126.07322462423,1744.69376423544,44,0
5300.21640574273,1412.85845651545,44,0
1386.64888775147,1668.63537359568,44,0
805.600535717362,2156.37491271197,44,0
5814.38064181814,3711.46247930558,44,0
4828.63485775246,1637.56478384947,44,0
4910.12191735482,2008.09366626052,44,0
5611.80705671652,2777.10053221402,44,0
4372.32611000734,1072.17411760317,44,0
2581.51759884078,5521.10837827581,44,0
2506.4221719493,1145.32180882112,44,0
5158.80600128461,2126.49672352195,44,0
4319.45100527049,5515.87528449385,44,0
5879.2087242228,4079.05840376121,55,0
5542.60834504283,3154.13102037199,44,0
580.559170610253,4307.51485131065,44,0
5146.63141920204,4501.39781316928,44,0
1504.68101554828,4703.23249787656,44,0
5354.75025219638,3799.38950734953,44,0
5653.72150240741,4482.10845613315,44,0
2414.82343098329,1163.86727367794,44,0
5385.4679326241,4772.24938279995,55,0
5508.01891922604,1695.86863406409,44,0
5981.60786334663,3873.87114391036,55,1
5930.91318990698,2241.21974873898,44,1
4540.96852500509,1225.63139843426,44,0
5222.64974472724,5175.4850289495,44,0
3463.64301694318,1071.11571858901,44,0
4318.62105327637,798.803956866209,44,0
4646.91015982173,1039.57404910746,44,0
2462.55192814463,613.551743341606,44,0
5701.90949806852,1941.71614328939,44,0
661.158748272212,4227.10073569601,44,0
5416.13871553094,2897.2917070572,44,0
5129.67181178742,4603.29366785779,44,0
392.47741332581,3141.96611797456,44,0
1047.77774924676,1677.56506125173,44,0
5507.97459076755,4784.67510694095,55,0
2457.61425757252,1336.47797673959,44,0
4624.70831537376,1574.44438373249,44,0
5900.26452349452,4181.47217687293,44,1
1635.78365830781,968.480896292699,44,0
1936.38866258496,1492.32667349516,44,0
5831.99579415587,4263.6723939796,55,1
3099.15891215137,624.736585563872,44,0
4189.6463195248,5802.28747467426,44,0
941.903966489155,4312.3841936692,44,0
1662.60610922426,2158.97393273118,44,0
1138.3764413106,5203.88477747786,55,0
1773.18593620354,625.43095666563,55,1
3925.55097731839,495.207935216123,44,0
3713.2449904572,694.535974095065,44,0
550.214761878266,2485.86019149944,44,0
726.52829465887,2913.62027713281,44,0
694.160562294234,2823.09544719277,44,0
842.134894804254,2946.014506884,44,0
568.03703952306,1895.69824368189,55,1
785.175020177786,1951.28391826497,44,0
4247.88370248916,5281.16961786046,44,0
5511.86940096355,3064.07967728642,44,0
533.602063603957,2582.49310306923,44,0
1533.3020292851,1261.22451792867,44,0
1144.26187041098,2407.09381310733,44,0
5417.16896631697,1351.99113494246,55,1
3769.16651393675,1300.94417793974,44,0
606.948602147982,3172.82196476667,44,0
3827.47254166157,492.045393462157,44,0
2012.39071387043,1094.08262405853,44,0
1956.16343966856,882.248787541158,55,0
2148.97149878307,5156.45858439382,44,0
438.731844759271,2621.14654984988,44,0
5545.51592225707,2408.61021639971,44,0
1660.15673271067,4403.68511065732,44,0
2167.505216492,662.835273577256,44,0
4351.69130755692,648.62096178732,44,0
5307.24121871696,2033.90195664221,44,0
1282.8936571328,1134.48538651077,55,0
5060.71642617895,2150.33205533703,44,0
5589.45650512622,4172.87451620922,55,0
1577.47616177217,4762.67871427121,44,0
4453.21186000996,686.088093910773,44,0
1095.8893660728,2487.48748672249,44,0
5577.58623258719,1601.25345793864,55,0
2211.8147419398,5246.62616814481,44,0
5655.09923168313,4090.26559648048,44,0
2482.6260303324,1242.83437025253,44,0
1422.35756381778,1580.88316664922,44,0
2782.52546487073,926.825691464056,44,0
4557.862461406,4786.14748209807,44,0
5506.66443955143,2322.22388174636,44,0
1237.49707061999,3968.02052186603,44,0
588.837745331243,2130.83898735086,55,0
3460.09608198142,297.245416938991,44,1
1211.57232774286,5116.13416684611,44,0
1360.1591069484,4214.61819244258,44,0
637.564409080313,2440.13346677486,44,0
1211.34902269819,4814.9253278134,44,0
4380.44825715116,5430.89279125871,44,0
1272.27665689394,2050.48451209631,55,0
3022.44112694102,833.568150121832,44,0
2423.10791626431,5228.42142440353,44,0
1891.10451357279,5015.91661688916,44,0
5311.25264929294,1692.43351726779,44,0
4085.67057276108,5733.73035594725,44,0
5961.92242521009,3124.34189850834,44,0
2677.13298726648,5523.05166842926,44,0
610.174897662532,2876.95776877578,44,0
911.5005222551,3144.01870738594,44,0
1731.70347372988,997.768059997682,44,0
4816.52363630386,4818.35233885386,44,0
1149.4769500002,2303.25970709735,55,0
1974.13406220537,1391.77850406662,55,0
5162.4406961614,4038.73586887032,44,0
1434.99495614188,4777.12511599912,44,0
1932.90873816823,5525.95908240428,44,0
658.553747649493,2733.87458855423,44,0
5472.55760603702,2975.2637520195,44,0
1970.17123962596,765.597147821023,44,0
3537.7322254467,624.779737306707,44,0
3282.35685242665,900.877967788425,44,0
1392.63688266622,3677.07240566518,44,0
3497.51894379275,720.131696266018,44,0
1163.55695218213,1172.96344981886,55,0
2866.2704736529,324.864461492798,44,0
2844.59635022156,771.294156553561,44,0
5400.64432334044,4465.26794082084,55,0
1220.50518010969,3761.83786265137,44,0
6061.63373026991,3058.88989081717,55,1
4343.8408634003,4803.82679879106,44,0
2688.12402036628,926.458939166516,44,0
4134.15624478132,5449.12504105121,44,0
1199.98741807642,2488.15573132267,44,0
1230.90438515809,3275.19039158069,44,0
1015.70339308019,4080.85342101976,44,0
2931.73820002679,805.897975950722,44,0
719.810862718472,1869.04639752528,44,0
5991.56580772589,3217.31343569967,44,0
627.450767693612,1796.54149450922,55,1
5322.35320900073,2860.00482697432,44,0
5439.74201665001,3149.68525604391,44,0
1185.65729868356,1052.48693775926,55,1
5066.83210696104,1246.07528577377,44,0
4950.66995630558,3991.36264784602,44,0
4435.08524123784,985.267341532127,44,0
5259.00228334307,2120.52207987359,44,0
1389.96501777644,2502.88429649367,44,0
1641.93348430988,1267.4123012363,55,0
4823.68053392007,1540.87908961066,44,0
988.403340660829,3615.47606980993,44,0
1472.50690121987,5057.16475225212,44,0
5310.54771408437,1302.93450462209,55,0
1713.94256898878,5671.95736351385,55,1
621.141553180093,2646.56625324391,44,0
4913.29858558612,1680.99190706598,44,0
905.978675124541,4771.29766681765,44,0
5332.46638085405,4863.46853146633,44,0
1307.59584733936,3217.39959780227,44,0
3049.54308525351,5918.46095720452,55,0
2130.47737427883,1148.16083714576,44,0
5262.75763386912,4772.2647944633,55,0
1836.68945142799,5549.26879829588,44,0
4716.28473096603,830.790278643307,44,0
3671.38516687811,1272.04569788636,44,0
1755.34881954102,746.187522387873,55,0
1078.83033729697,2577.50817437556,44,0
1240.84969211433,2246.7285487655,44,0
5304.70093239439,4383.84496260584,55,0
760.789241594675,2749.76830747937,44,0
977.898437327928,2296.43399225048,44,0
5627.66454739531,3583.05217958674,55,0
5051.60306910422,4462.88136134835,44,0
1806.6656957491,4925.24452568378,44,0
1847.37504848611,5650.98701557237,44,0
3770.35381562734,311.569560726125,44,1
497.528609123622,2205.55386369138,55,0
5765.88425052354,4125.04038417543,55,0
5900.96556928126,3964.49833095303,55,0
4634.81778212798,689.706098405772,55,1
4864.57554977319,4926.58676610316,44,0
1946.09459682453,1001.04954176365,55,0
1426.49089659344,3478.23563681766,44,0
5520.79920348829,1970.83125548718,44,0
1846.31772312353,3976.12816269295,55,-1
1600.11231209741,1979.23858145424,44,0
5388.92786363067,3615.23087032029,55,0
2390.58286322056,1259.87702848017,44,0
2541.53921616726,317.741817648444,44,1
4210.19315099404,1002.9885014863,44,0
5536.78160406052,3788.41729419638,44,0
5701.2019418547,3686.95583476925,55,0
2861.98240909383,875.57383607547,44,0
2113.02925589827,1262.01611034599,44,0
5246.12446112095,4095.77611068368,44,0
830.954158951826,4496.65893080289,44,0
2942.89292164109,5601.54501542544,44,0
1552.82190125519,1445.1819274948,44,0
1287.34226258733,1695.49816766901,55,0
1445.56101151973,865.835235526039,55,0
4891.65649104997,1159.78975906225,44,0
1730.17112677218,5262.22380313285,44,0
1846.12516264659,913.784822959909,55,0
913.867592222786,2364.83577514046,44,0
1073.1617364384,2037.90207872102,44,0
2395.51230698395,979.125229650626,44,0
2952.067078164,472.916751717344,44,0
4572.21908606386,5689.42517202026,55,1
5032.09207854041,5067.52945299954,55,0
2949.44640371708,1049.22107508766,44,0
3232.52838242688,811.843409238365,44,0
5017.46414606338,1529.3651471322,55,0
1172.2376749403,1981.56036185362,55,0
1346.30722990952,1917.70916611754,55,0
5854.0745276517,2805.31292594229,55,0
4828.44345829416,1340.88601209832,44,0
5410.58098648055,1667.86566426906,44,0
3868.48117157496,789.783619527643,44,0
4318.15058343668,1267.00112431343,44,0
5434.75749267019,4670.56284384084,55,0
2895.82436845892,554.496167870566,44,0
4828.43586897543,1441.67688307339,44,0
1889.72092359253,5424.57159751567,55,0
2623.1350643003,5611.1096652708,44,0
5115.0095186794,2934.14694520791,44,0
1451.292264297,1870.87232711525,55,0
1199.27779805943,3670.60936285995,44,0
3754.09796986014,785.226412651209,44,0
3243.68095006274,286.742829760035,55,1
3305.92560548628,391.476096679554,44,0
2260.98820529059,872.505052292244,44,0
1873.56833270174,1306.6259184595,55,0
4695.83771049576,5090.66896802155,44,0
4542.985347246,5125.70820181503,44,0
2441.76685324239,1069.34065145214,44,0
1663.59742235207,2253.58592827902,44,0
4357.19419827523,5623.50324723962,44,0
2373.28966569468,5952.75646509921,55,1
5420.32029223887,4078.53402522502,55,0
1503.61268292618,1533.50186887086,44,0
1236.74663685435,1898.9299402904,44,0
5400.72837649091,2099.8911785374,55,0
1406.84773242899,3188.12982535103,44,0
3565.5854441515,299.378060638583,55,1
5140.37938145564,2843.44720246036,44,0
1338.2639983954,2236.76403580075,44,0
4925.63948282964,4842.39163158674,55,0
5352.16761860813,1884.40054924588,55,0
5354.25308287333,3202.21671523331,44,0
1741.8868103843,4783.59280023671,44,0
5025.77207205457,1070.23846978303,55,0
5223.62089159948,1633.60570802298,55,0
5051.28983767755,4674.62435202064,55,0
2023.7056160444,5240.69768395558,44,0
1455.63090942885,4164.14442205718,44,0
1057.31233941643,2241.66383265683,44,0
4449.45014158365,5092.2668999543,44,0
5658.33448872847,3984.79675575909,55,0
5312.17137888901,4671.27632890442,55,0
1812.45559392129,4712.94487583944,44,0
759.555690730004,2054.04738628824,55,0
3152.00046083914,5874.5051626236,44,0
1508.75797589801,4853.3260535696,55,0
5815.91088878831,3304.7297080929,55,0
5876.27867159276,3805.78019807431,55,0
4871.79441098236,5162.23839916893,55,0
5033.23729687468,3095.44435115157,44,0
1565.24479497705,2201.18197424679,55,0
1544.33198671172,3814.41571230338,44,0
3921.27586984965,699.610503343066,44,0
2273.47732287502,5536.18732650836,44,0
4935.31024507306,5455.70110226282,44,1
3130.28582954835,5994.27793196681,44,0
1499.83511392498,3358.90952159116,44,0
2758.99276153898,713.159318565187,44,0
5521.49170883475,2075.67850259124,55,0
2193.19625470115,1330.26231722559,44,0
1247.39986651445,4223.1410831727,44,0
2646.65365336924,5426.68790487885,44,0
2761.14349358699,816.610457105904,44,0
5731.94267107602,2784.81141859065,55,0
2046.86374989269,1188.9786362509,44,0
5862.19834124624,3512.53514247517,55,0
957.727007727262,2670.8777157696,55,0
4141.26204025258,466.344563184622,44,0
498.712070152919,3145.70023887233,44,0
5044.50429280634,5255.77860092893,55,0
3661.08792488611,5649.20168220124,44,0
5483.48131715535,2190.67604471812,55,0
1998.97424667711,5446.47629297252,44,0
5147.62663099805,1938.33822904093,55,0
822.318860186163,4057.39686544434,44,0
5236.49333082287,2806.87066244951,44,0
3803.02607500405,881.644744846129,55,0
4824.96267596895,4610.83659575573,44,0
1373.05961439139,2410.75680025081,44,0
1089.63531681606,4814.54800746615,44,0
2739.63735801783,5430.21909868068,44,0
597.881578603322,4401.7978069892,44,0
3188.14204243602,6085.93675284901,44,1
3091.71736794279,5704.21815325816,44,0
1161.44033607595,4911.52490014118,44,0
5234.51283650158,4573.92197343677,55,0
1296.14782508621,2468.35224535763,44,0
277.791726744699,2987.81082849408,44,1
1132.51636268423,4434.71872953922,55,0
1271.75132544925,4053.54111511063,44,0
5477.73915904484,1874.303204345,55,0
5233.71566857558,1860.07964466624,44,0
2652.15106586531,715.099727490063,55,0
3612.01761445181,920.674562047487,44,0
874.750605022783,2018.99744862523,55,0
1321.79223076333,3797.91286160416,55,0
3592.22246389367,711.364095045315,44,0
1405.90151687348,4986.03859204972,44,0
4982.15182059466,4388.59650506199,44,0
4009.60909022231,5080.2118878035,44,0
4099.53184922777,5840.65962036385,44,0
4574.6448775353,4498.28597084384,44,0
1884.76299031996,669.830800770645,55,0
2563.55405000553,1070.24166584949,44,0
1271.21229158396,4902.02926854039,55,0
1062.04500803684,1921.91937059272,55,0
1866.79327503622,4365.86185960178,44,0
1867.73093756493,5128.06985356065,44,0
5021.52933712167,1648.89472895565,55,0
1301.17328566925,2907.79458173183,44,0
3979.67705480207,5284.36866096901,44,0
5260.42026418099,3760.34462477694,44,0
4955.54919409354,4715.06930337118,44,0
977.689263478741,1587.93498585568,55,0
1869.8397336732,792.558694840239,55,0
4140.72989483861,701.702181496376,55,0
5453.59719256274,3855.28432667492,55,0
2323.27401736113,5444.05312413848,44,0
1068.2207087842,2672.04712644766,44,0
5195.00540103123,4183.05401332982,55,0
1041.41675891766,2141.59406110505,44,0
1995.47890501291,1675.05399852529,44,0
1169.79600382541,5008.98002552684,44,0
4341.88965876537,1170.08670479189,44,0
5121.62590061692,1702.66924880802,55,0
848.855297074009,4914.79361884261,55,1
1610.18546911831,1547.04017032063,55,0
1941.47257789224,5193.40902233262,44,0
2588.97445048324,927.178464064919,44,0
3580.24627830076,418.429922176264,44,0
4152.21794103933,5551.99754141464,44,0
1262.9531477365,1468.5784520849,55,0
1058.68703914286,1371.12926839165,55,0
2708.61169784574,5135.53322544149,44,0
431.491201507801,2714.65168667686,44,0
3973.17164230473,382.136885129733,55,1
814.7343319865,2342.63863636217,44,0
1172.16969124172,2085.3290164268,44,0
1312.03880600695,2328.48333427458,44,0
2095.43792134518,1052.45603707881,44,0
2399.73955696706,518.946049577177,55,0
4565.29958105474,1116.72361908756,55,0
5590.07711177837,2247.56969014011,55,0
5505.71464977614,3583.98147622112,55,0
5843.30379832149,2057.43120103754,55,1
2141.41921647139,439.955159242246,44,1
5735.45132012709,2679.06664769499,44,0
748.605247490889,2465.62841547533,55,0
747.961060902731,2243.32651381845,55,0
4455.89594988164,5325.19782734256,44,0
5938.92562547624,3023.43519800805,55,0
1239.47287213467,2384.97559279385,44,0
5687.68313916901,2982.83564799738,55,0
2236.33172858924,404.600490675134,44,1
3951.94384945564,1340.20015502735,44,0
2862.66758615607,1176.09725638718,44,0
1485.2282912966,3265.0018460853,44,0
1228.7046341414,3160.0759800273,44,0
3352.5191147335,1176.54650651125,44,0
1393.9056490527,4095.23751568861,44,0
1021.37799430642,4438.7419671288,44,0
5124.72586883967,1577.41651341617,55,0
2665.81300632003,826.610443128222,44,0
1098.48003484124,1584.19109988053,55,0
5625.79424841895,3080.4537954826,55,0
624.132310571867,2244.56753657354,55,0
2962.69285076174,5827.89966628435,55,0
4315.20200651956,996.930695365781,44,0
2077.57558493573,5642.07779923737,55,0
4119.28771333336,579.990771511565,55,0
3255.84449231812,5680.51334076488,44,0
1399.43955377064,3389.23979576456,44,0
723.205495987902,2658.74107856951,44,0
2791.48498062565,547.327010029673,55,0
4144.85923681543,914.025026113083,55,0
699.231442020405,3078.90225993646,44,0
5441.67436800084,2455.99248287939,55,0
1575.78341423214,5159.0529741759,44,0
1801.60269555107,4191.32243093486,44,0
1606.29107727187,4242.06585898187,44,0
1987.00271023592,4974.99946722591,44,0
5033.45990299857,4565.23290764445,44,0
5409.15810884456,3290.04288231998,44,0
3220.74214621356,606.390798713527,44,0
1571.40052325427,5055.31351836897,44,0
3371.83634900448,1054.32305192266,44,0
3764.22167758841,5671.71146217137,55,0
1970.20896411608,4405.62877373733,55,0
1139.83602237099,4539.96569688553,44,0
1774.56624298471,1417.5899445814,44,0
5417.73255510953,3501.92458813528,55,0
3824.36050344176,5497.57620446363,44,0
3358.12402144439,5036.6859943814,44,0
1839.44246160028,4819.43341817194,55,0
5748.72499529326,3796.07788716843,55,0
1564.44609295436,878.449346441457,55,0
3409.34420047377,6044.24515609957,55,1
4915.83447990317,1584.34029259943,44,0
3734.28854397782,5558.78269867981,44,0
5146.77905376957,3597.98658275754,44,0
5604.94628259349,1893.16399817499,55,0
4635.08282269051,1410.99659193699,55,0
4330.74541753229,535.540605555925,55,0
3637.04518627141,5549.63686740524,44,0
4231.11612551315,609.093422376365,55,0
1276.90468844265,5019.18791638153,55,0
3344.38456103587,5260.89455178634,44,0
4389.44261241107,5010.14392688165,44,0
5952.76358715795,3321.45958906662,55,0
2326.06832059056,750.41042691223,55,0
2870.21630797447,975.361931696644,44,0
5344.31043308614,4166.70067603945,55,0
2080.77454363848,1482.91205767067,55,0
3738.44573944291,1074.39557251379,55,0
3488.77750326595,923.794776610174,44,0
1795.63741995511,5353.31329110095,55,0
2485.16582141778,5516.74364101404,44,0
4903.03791538876,4318.78881162731,44,0
4074.69661319814,395.088553031098,44,1
1466.16081913851,5167.82355427466,55,0
1659.86052715518,811.385830852335,55,0
2117.89356421169,5254.61789008558,44,0
3947.42949182782,5377.13622544506,44,0
3732.65652681611,965.995358661313,44,0
752.562181417796,3299.97630410113,44,0
1145.85683029483,2186.92924630431,55,0
1585.00804353406,5403.0576521787,55,0
874.557446812511,1908.90847958997,44,0
5652.94029950114,1688.26699690651,55,1
3913.7880719198,902.369113581359,55,0
1084.98344872569,4146.43630804719,44,0
1179.38782202247,4336.0189523904,44,0
5468.71612677155,4188.67043973152,55,0
1329.07857631718,4476.45090264786,44,0
5993.15944656536,3573.55366296626,55,0
2614.4268642356,4960.9054312115,44,0
333.969662321323,2467.2683071512,44,1
738.635390712437,4570.52038224695,55,0
3081.25223382399,915.8549085581,44,0
2448.78629010734,365.904700001318,55,1
5574.77698048463,2989.26417966726,44,0
1689.77196166407,1366.72320911981,44,0
2209.52812013915,1223.1814826336,55,0
883.952189615796,4238.84108396203,44,0
2545.70598858582,4894.82331296099,44,0
2063.72714277166,940.203698941529,55,0
916.983461098501,2874.17861407044,44,0
5097.93039752891,2236.99701725626,44,0
4176.93540404172,5688.59009535922,55,0
2258.80535431927,5336.46829140727,44,0
5416.6643561365,3963.22147624459,55,0
2549.59377077203,1317.67364497198,44,0
5391.52353098412,1470.72863166036,55,0
2347.21905792057,1078.9439368809,44,0
1666.07505629916,2064.96328755879,44,0
3971.49907437642,1222.38017430396,44,0
2945.45166181865,261.180437225239,44,1
1178.63854070381,2577.17854926471,44,0
3053.04990017709,1100.48197771449,44,0
1913.07941895687,4907.99738969663,55,0
1358.62206588752,2136.61188567214,55,0
4433.69409295419,1394.87247413453,44,0
4936.74215026488,4608.64265057325,55,0
594.56013968966,3077.99149516053,44,0
1501.55373519496,4961.32877492276,44,0
5486.88503576968,3231.63327350609,44,0
2855.58287773933,5867.31329560591,55,0
2616.24679544503,5157.01347664745,44,0
3140.06551359828,5302.45669995685,44,0
493.802582786288,3050.87223658476,44,0
5313.79643666819,2743.08946373692,44,0
533.438298353274,3240.16687588143,44,0
5115.59777832458,1141.48383654504,55,0
3340.05478186771,5366.31911144423,44,0
5025.19199746289,1781.4920066187,55,0
1294.42361329333,3398.64815476767,44,0
1739.03898034116,5558.07980469607,44,0
3890.02318688202,5843.16142643658,44,0
5014.38666219353,4301.77363442254,44,0
2609.40543962881,596.991822832896,55,0
700.401939103513,2347.01312521623,55,0
4119.33952111981,1334.0878544362,44,0
4753.24643629249,1049.91812108031,55,0
4853.87989346156,5518.9800419627,44,1
3450.32408371051,820.577995345851,55,0
1642.83349230047,1078.69441164561,55,0
4848.07867084158,4718.00110219283,55,0
944.253486246412,3244.36029066797,44,0
4697.65369698725,4353.42443008808,55,0
5043.70732271612,2317.86749448234,44,0
1118.59742965446,2879.05366986723,44,0
3854.66341033896,5403.16092017132,44,0
5113.59070521082,4263.94540216105,55,0
4444.0219808287,1190.0870796243,55,0
5210.13226145469,3945.92406321586,55,0
2516.60985363324,517.936318813859,55,0
1359.60925797699,4007.5018074456,44,0
5148.23794135971,1459.24336187524,55,0
5136.54547958545,1817.38733735271,55,0
5408.1252425587,1983.59511882103,55,0
1023.02076172738,1480.36408240657,55,0
2427.3593677563,5426.30796422647,55,0
2340.4373411505,404.318355354341,55,1
5112.99759110723,5165.72711722277,55,0
2175.77815037572,1428.43051500511,44,0
3856.56215148379,373.548186386626,55,0
5283.81588127365,4267.99536550689,55,0
1567.42149101393,4148.38909266618,55,0
4914.40141025635,1263.10502115197,55,0
5573.9260205964,3683.03320476299,55,0
1328.13665159551,2819.94793877351,44,0
1461.52052453524,2109.61731515036,44,0
4471.9808964662,1500.24171789442,44,0
5446.22589079363,4879.99289353806,55,0
5100.96956737585,3955.38175101808,44,0
5601.34781133598,4383.73498473764,55,0
1218.65695459866,2837.31361851313,55,0
2048.21563407117,479.112444077908,44,1
4784.49027256412,1172.3908819181,55,0
3478.80146686936,459.407926775101,55,0
730.010478029071,3662.59829546303,44,0
1168.0001808939,2685.04173774896,44,0
5622.09425549933,2672.85420046596,55,0
4746.56776398784,5478.83430457224,55,0
1305.4676873221,4297.46739868083,44,0
5861.7825544457,2511.80978971017,55,0
1702.99584821101,1640.52032122167,44,0
4439.39269721617,572.300403143482,55,1
2283.50065097017,510.010920205434,55,0
1418.51625910314,4285.72891809209,44,0
5177.90030313007,2629.83859120954,44,0
2832.84512633905,5413.15748403032,44,0
2006.34859868623,5733.96932426934,44,0
2645.93418052083,315.570356947528,55,1
1645.33402881251,3974.07861236694,44,0
4290.37101194827,5193.83684696305,44,0
5464.01095581095,1567.36011362799,55,0
1507.26432562484,4239.36692146342,44,0
4032.32865749363,501.603667091066,55,0
4479.81009819108,4836.9330794093,44,0
5892.68664562547,2914.39484694116,55,0
5711.59817053145,4339.72634778418,55,0
4250.58064723554,4776.13393633847,44,0
3178.6792142397,1352.49104861143,44,0
1815.31234975757,1191.49066849996,55,0
4665.09263105186,1169.99717881473,55,0
1647.61137992793,4822.1958811341,44,0
638.217710251033,2980.28395791771,55,0
1763.4154199095,5154.98821735408,55,0
1199.52689038705,2947.02680896279,55,0
4505.58808236868,1321.51443801656,44,0
1339.53936511514,3003.4656688956,55,0
5102.30733952188,4373.03921936045,55,0
3278.80314785754,5579.87204000044,44,0
5708.70907651913,2268.73911353042,55,0
4634.16248101795,4716.68284330421,55,0
4852.94843341841,4036.96383355329,55,0
818.434694220715,1700.33659172503,55,0
820.396867462535,3615.15674330369,44,0
358.360437948813,2375.26098424023,44,1
442.063860417096,2516.46021658405,55,0
2395.79865051161,4985.66239383376,44,0
1086.86333676709,3640.4759322889,44,0
4747.82203520855,5327.20551503241,55,0
894.02181107757,3769.87987740902,44,0
4913.67152781199,5051.85288082207,55,0
5043.96486647316,1885.61375377241,44,0
477.22163533352,4294.05224091642,44,1
3959.79531309005,4879.03450835977,44,0
5224.19223084563,2907.83409567659,55,0
3639.87483053609,1026.24365140655,55,0
3423.20268280662,5413.99715023641,44,0
4040.7057999856,5500.61741670962,55,0
2444.21541146028,756.83223379238,55,0
4771.90485426167,924.011544774403,55,0
3972.26946190495,794.037599700421,55,0
3161.02483255436,1255.88363804665,44,0
4545.21308662277,614.469328912534,55,1
1143.5959022562,1465.74219060671,55,0
5336.19032399744,2506.95596085946,44,0
4677.88470271124,4518.41759845104,44,0
812.130602757168,3716.33192763448,44,0
4811.09089359784,1978.89283241941,55,0
3228.27627764734,5958.00917211127,55,0
973.551933641806,4626.87853258908,55,0
710.082777999996,3570.85604291133,44,0
5001.21933505289,2720.31060020474,44,0
645.599412626965,2543.64576426313,55,0
1303.97011586121,4139.37161879635,44,0
4562.1965183615,5358.24900992172,55,0
3151.95007595616,533.000124966857,44,0
954.044319075044,4971.58748341718,55,0
1347.32307758322,1801.00306937272,55,0
5306.89346817886,3285.97674267919,44,0
5177.61969701055,1255.39633655401,55,0
3887.79986212196,5958.58914385481,55,1
974.873774832265,4851.35776241322,55,0
3322.01713516877,597.54838218233,44,0
1365.3496574988,5091.37274916255,55,0
3358.44269662097,273.035005466824,55,1
5850.95591418047,2691.16237669383,55,0
2641.89350027877,1011.74639217504,44,0
673.467662199704,4476.32688453256,55,0
3878.13423676617,5305.77983383855,44,0
5096.46885676351,3383.3218976175,44,0
1768.57980273502,4333.18506265379,44,0
1313.96355715051,5307.7817289238,55,0
859.296315436196,2563.20012452869,44,0
5552.35471680215,4521.65721900739,55,0
1485.73254210927,2484.22282594054,44,0
1670.44799970974,4157.79509834968,44,0
5340.49990148583,1583.25059419387,55,0
2274.56243679026,4818.16598551665,44,0
5453.02617542225,3712.98178565103,55,0
5412.01317477572,2797.17339719059,55,0
1324.07893023936,3607.3124280556,44,0
4123.38034073885,1227.3415563986,55,0
4640.27588087259,5179.39839719633,55,0
4952.1520023464,4487.59503329955,55,0
1045.01367259566,3196.6124117705,55,0
1431.74584481383,4500.29265367843,55,0
2015.42499150602,1562.67073833898,44,0
1040.16740575917,4533.20799519016,44,0
1320.27380951085,4788.22211460671,55,0
6035.49036774622,2945.50166178337,55,0
5311.49852579432,4013.64176778538,55,0
990.681165657068,2442.57592079438,55,0
804.830038790639,3512.48236061932,55,0
2497.08905712221,4989.47078436092,44,0
2500.38429613329,981.712722995153,55,0
4914.85748341709,1794.87177015933,44,0
2591.2695659019,5061.55370431515,44,0
2677.52800146442,5232.33370365619,44,0
3045.43785619633,724.393528638754,55,0
5239.10086567058,3659.97224919349,55,0
2482.28848079012,5317.52524730509,55,0
5403.39621635093,2681.03837780241,55,0
5504.15799631914,4303.00205735297,55,0
4849.82443697505,4518.45192146191,44,0
4742.36367683782,1394.93197682777,44,0
3366.25437417554,489.931856293867,55,0
5377.06569086459,4955.9130490096,44,0
4086.13960937315,811.901967807816,55,0
1954.34019159306,5636.7253569345,55,0
3365.50074230577,5622.12852520969,44,0
2438.34094827989,5069.71678993076,44,0
843.089444001497,4336.19123601379,44,0
1492.14277778849,1985.28901351071,55,0
1758.47172157094,1292.98771208612,55,0
5306.94625694084,2612.42365523246,55,0
2560.96728314005,818.757532552379,55,0
808.153837621628,2845.12961024234,55,0
1920.05739639879,1139.54010244411,55,0
4237.74996599809,1195.40176775891,55,0
3119.58588736397,1024.16646226294,44,0
4252.11942959708,5600.69941241853,55,0
5873.88772448371,3203.36572431539,55,0
3952.52337634634,1018.4161672457,55,0
5205.59178969173,2038.77547958207,44,0
1185.53427125637,3359.18426513334,44,0
2174.6638094395,986.223042877927,55,0
797.160264711305,3108.56906349693,44,0
5266.5752929055,3369.5432757914,44,0
728.114515557771,4689.2178847845,55,0
1326.01247944769,1253.06769183305,55,0
1599.81702083509,4646.40261979971,55,0
2004.67512904388,4847.91677666995,44,0
942.361707607529,4519.2794732926,44,0
2862.44594363133,1075.80621191773,44,0
2365.73012510658,870.152855036181,55,0
1450.37519655583,2213.43714819285,55,0
1436.39134431576,1015.61618108269,55,0
3649.92279703046,6001.07754563528,55,0
2467.19636870089,6003.95501953823,44,1
5542.35196626322,4062.58955220989,55,0
4608.78936647192,814.329712368223,55,0
1455.61802867689,5494.38874574453,55,1
699.129711636454,3476.70811307271,44,0
4571.41531296283,4902.13786027232,55,0
5312.61316600255,3116.74644119805,44,0
3817.14726934625,5223.44624645104,44,0
3210.56992714166,1509.11821983594,55,0
5675.44990059309,2566.51258369272,55,0
5689.10506356165,1799.57837923143,55,0
5142.50290147628,4758.75803626487,55,0
784.706089116648,4266.65072362602,44,0
5187.59581342113,3424.63408932671,44,0
883.731067860267,3042.07492116727,55,0
5989.57503146432,2838.0336672087,55,0
3164.56726018719,5399.60384053614,44,0
2085.2459623422,727.366559980338,55,0
1474.79967783961,5365.76804299703,55,0
3183.17795605544,935.283660685067,55,0
1330.42024819202,3908.24892579984,55,0
2373.565547302,5142.87375550574,44,0
1057.25078167867,2356.33763599496,44,0
5563.50632394079,1785.43547759296,55,0
1227.29870605993,1794.25784860632,55,0
2542.04780571305,5419.31901203215,55,0
2937.67602462817,5952.07828937286,55,0
1963.4764205721,4637.31223781946,55,0
4434.51689464322,4327.09501417253,44,0
2372.31331233907,1479.21534578992,44,0
5154.87983610612,2323.27005234013,55,0
4053.76858475332,5372.34956672248,55,0
1807.88428473476,1629.9439281642,55,0
582.520976514814,3419.90518505725,44,0
464.248674761536,2840.57164580725,44,0
5918.7121520787,2347.36396346142,55,0
872.96549051149,2461.95760008779,55,0
3445.60022508662,1169.37292144538,44,0
5100.23576009188,1357.6096437753,55,0
5314.02922745,3895.31097689829,55,0
1789.47899917857,1892.89724254079,55,0
2214.96655968781,767.75556721599,55,0
1428.3859610913,3579.80665728663,55,0
5200.36010633762,3517.82069455781,44,0
4765.4210012724,5592.67099697551,44,1
4892.96819434652,4144.23843319374,44,0
4710.53184343285,1919.47856641628,55,0
839.558729792422,3962.6156234453,44,0
471.152807095368,2404.28734249542,55,0
2318.77963253758,5242.46998673423,55,0
5421.34251635048,1774.34897749965,55,0
2252.6583985358,5140.91197233524,55,0
2987.02730161215,5510.64035070494,44,0
1371.02373446602,2720.39052551171,44,0
2767.69959984422,5208.61129189952,44,0
1375.15152010109,1365.30203739307,55,0
4884.46363392969,859.173243783468,55,0
331.798954437894,2573.28260960446,55,1
316.664778437625,3489.89577825074,44,0
4733.49260775441,1285.16965274094,55,0
2839.39521547405,5625.65265802458,55,0
3293.96019898497,6064.96471864603,55,1
4793.66958571452,5054.76941668819,55,0
3817.82656295115,692.779959576652,55,0
872.387745673034,3326.25316790381,55,0
5535.1399363769,3465.367280001,55,0
3724.84221654239,5228.22701000251,44,0
2270.38995562251,635.934606655752,55,0
1091.80910979016,2999.63457809436,55,0
1014.87538192617,4734.83927076109,55,0
4326.85536036195,1663.72712774783,44,0
558.956988438031,4494.2029707325,44,1
4290.51313566464,4556.32640720335,44,0
3462.61457313241,5752.08864501503,55,0
313.395750043619,2684.90710142587,55,1
5251.50901167207,5065.15383636563,55,0
3659.53168119295,1141.4525919939,44,0
1982.59813717446,1274.41169051651,55,0
1968.40604697423,5085.85991747368,55,0
5647.86270398704,3194.18554392485,55,0
3288.92704099794,1103.85352881137,44,0
5399.5292279621,3053.78121062322,55,0
638.990001053409,3712.48769080766,44,0
3538.75131980581,1010.14376351016,44,0
1204.38646083348,3459.83123047578,55,0
3834.87966788323,996.366813461369,55,0
772.245327470172,3013.29165633991,44,0
1153.79889533267,3217.91543205823,44,0
5219.99703346758,2711.31627899098,44,0
3858.63497574858,1325.7626583892,44,0
3670.85698136646,353.308902028677,55,0
1526.8322211904,2294.66408534429,44,0
3542.78161798366,5556.3695726376,44,0
1006.4484635087,2782.88662381888,44,0
3030.91351103797,1000.16602383719,44,0
1839.38037449565,5236.29231865736,55,0
4278.10419486461,1571.0393162462,55,0
1944.74357031005,4294.41144043603,55,0
1115.11358073016,2774.56315595456,55,0
901.451278795319,3669.23018301265,44,0
3946.54997467716,1127.9686817433,44,0
4618.13992082656,1295.99650448241,55,0
906.244773090366,3559.53394176019,44,0
5286.88687121409,3569.2847193116,44,0
1584.76354939384,3719.28400272808,55,0
2400.73923873005,5667.65130607043,55,0
2682.28992348147,505.959725078503,55,0
4081.32636925102,5256.81435276118,55,0
1619.28457153757,5602.38361097013,55,1
3747.56696446119,1193.20575600468,55,0
5751.55498392636,2486.87505536547,44,0
5781.95169769234,3996.2412591784,55,0
2050.94595410953,5346.60908552698,55,0
3519.49616949955,6005.86696165964,55,0
2108.61767841772,5762.64761234745,55,0
4521.88377980596,1608.5226591777,55,0
3644.18573716597,608.088275270254,55,0
1389.59365713277,4685.78760182818,55,0
1536.81916876765,2905.29273013597,55,0
4987.15397425292,2079.01037426942,55,0
2153.57359948959,866.49093663776,55,0
4935.6286251443,4229.80268260857,44,0
2287.1035583286,1538.55450075272,55,0
4489.4556779481,5443.76316059876,55,0
4087.66091315092,1023.90910611757,55,0
4659.36341776472,4835.71595436957,55,0
4539.90444397141,5565.43178331833,55,0
4049.27329739567,1138.98897151762,55,0
1511.93753010772,4048.9505339248,55,0
4698.57919217438,4032.65025984077,44,0
4603.00802818306,2001.40841465477,44,0
4228.8365021275,5094.12888692928,55,0
2102.78987597052,5455.14755818769,55,0
609.439940436739,3522.35956411017,44,0
4189.21707971932,4696.76236778473,44,0
1677.51188917001,5471.74332130939,55,0
2178.13590975056,5058.69830604281,44,0
5404.2163328461,2282.18878594836,55,0
4802.21031214791,4337.89628847105,44,0
501.901126606373,3480.73071451884,44,0
5626.81015270726,2136.65120397321,55,0
1420.89896681341,2319.24454481786,55,0
2769.65502984394,1123.81347976526,55,0
2200.91058753911,5678.38439462199,55,0
2767.17267149807,1333.45036039621,55,0
1499.57412294995,4334.20685935881,44,0
1454.34171358681,1757.53075620777,55,0
4998.92965562637,3009.87185431804,44,0
814.674238172607,1816.54863075198,55,0
1339.01313111117,4581.68938404178,55,0
5812.8979276298,3003.75866498361,55,0
4811.84083940448,3752.33623580083,44,0
2452.14418707265,4905.23587871782,44,0
4279.01206568545,5391.70186926738,55,0
5044.62304904081,4029.08320053961,44,0
2736.83773740897,5879.9712084387,55,0
1220.25093267811,4607.39074976834,55,0
5957.89598460574,3437.01213541667,55,0
5015.96605882786,5371.73204299053,55,0
5745.22462034006,3108.597896807,55,0
2055.03167850904,5144.07613210238,44,0
854.884171652008,1589.26784563487,55,0
688.728439143319,3895.0808227343,44,0
4724.80748229532,1616.54029344282,55,0
436.730801205658,4209.78969677874,44,1
5298.7743550296,3465.782803,55,0
4424.89854011805,5543.18934945026,55,0
4264.63164056642,1465.60719975385,44,0
1397.41955650029,4388.4179097455,55,0
4034.45909788515,1391.16593906929,44,0
720.066202117719,3182.5996528512,55,0
574.241069912066,2346.9401485393,55,0
1965.70428006609,4521.5175106708,55,0
5026.15728946711,4175.35691391494,55,0
256.120108584417,3407.79379955773,44,1
4347.12623743558,5104.60769685915,55,0
4175.65618573362,5196.59556286056,55,0
4757.6600663941,5187.57504645283,55,0
5105.29309463049,3853.07740895925,55,0
4291.1967538889,5722.83009826524,55,0
4876.06490859316,4408.52959856559,44,0
2917.20083887153,4978.98603935166,44,0
2984.84769385109,6066.02041847053,55,1
2071.77231818068,596.394883736291,55,0
4997.55641566103,2489.26630251633,44,0
2878.01704163806,6077.19745908582,44,1
1845.49658524531,4274.03769171414,44,0
1782.57633829839,4538.21324053977,44,0
5328.76394099315,2198.08345322829,55,0
3774.78435039276,5327.98127925791,55,0
3595.90716011038,1218.236266383,44,0
1671.61701222704,5087.56465334312,55,0
1740.24307457265,896.8357747415,44,0
5328.11035562174,2962.32730016201,55,0
4264.73280807314,902.453211574743,55,0
2539.49604187445,693.800363122559,55,0
2011.03580653936,1775.03556039308,44,0
5717.56294062525,2047.0369130407,55,0
4730.14773405088,4654.13035465213,55,0
4166.81513139092,1106.92992028078,55,0
1451.20784015435,3966.83650263565,44,0
3506.52620281664,1244.04351852897,44,0
1006.15767316094,3088.43702463593,55,0
5250.93812953736,1515.40133276203,55,0
4913.23993752771,3603.02419447827,44,0
3128.57455158605,812.323066406076,55,0
4540.36573019815,5236.0402509573,55,0
352.583576411578,3786.56332844907,44,1
1594.05721836519,4337.6503325538,44,0
3798.55432036054,1504.35110007731,55,0
1869.56738106182,4469.56759189421,55,0
1782.7652949453,5033.67783857141,55,0
4381.40116683656,892.931616067855,55,0
5832.41572740836,2223.21281047919,44,0
1498.44533905469,3656.15257965088,44,0
872.022306368104,2255.20941014048,55,0
3562.10479215191,822.901019711471,55,0
557.49962620562,4102.13167881036,44,0
3047.89890130782,5597.90380642236,55,0
4286.07931472555,4887.90104791878,55,0
1758.11573616216,4438.13140738158,55,0
5230.87817518579,3209.19827672761,55,0
3789.23930288574,1395.81573391541,44,0
1920.15638406398,1594.29946580068,55,0
522.766940431433,3579.32733625098,44,0
1676.95597666703,1743.59928479092,55,0
3683.34206263372,5764.49996103345,55,0
3201.63274957494,5505.88222387806,55,0
3874.5115780826,4836.04745839767,44,0
5032.17507817091,1980.01772159518,44,0
4062.25386093123,4875.05455260221,55,0
1385.5615038281,2028.70363777119,55,0
1316.82250284413,1583.77456141515,55,0
4974.64086234546,4954.02033361197,55,0
3208.62401069044,1049.14438410432,44,0
2719.62707799735,5332.48205312558,44,0
4413.29702669046,1699.46701927662,44,0
3364.26857560936,5161.72724731595,44,0
1566.26694827763,2088.16823287254,55,0
3256.73432576939,1297.1175819538,44,0
3843.07645371884,1228.00362995259,44,0
1793.17226317231,1744.14974401492,55,0
1725.74337099665,1538.40222849467,55,0
5215.65806703858,3843.0832221948,44,0
2004.35199765166,2128.95401344391,44,-1
858.12477526083,4599.27476558252,55,0
2218.24147994227,5801.05178190113,55,0
1742.60737594778,4641.83785960159,55,0
1264.9281350431,2736.32673767291,55,0
2991.40808468258,1399.14758048379,55,0
3912.05233291724,5213.69475299444,44,0
4520.99085706065,4681.09258013155,55,0
1834.7705758599,1511.81035508567,55,0
3342.04782017672,5938.17870720955,55,0
4758.98263789697,4903.29039611478,55,0
5176.46818267399,3311.4422530412,55,0
4367.48188102138,1483.59347996716,55,0
5768.56959940838,2892.45800221465,55,0
1390.48092524889,2601.84156721786,55,0
5002.30090228757,3903.82375902877,55,0
3457.61231942052,5637.7641748624,44,0
3998.54897457167,5179.77224049249,44,0
2850.9615977325,441.273103785428,55,0
4547.22443407133,996.615836041413,55,0
914.210329954882,1484.57029834862,44,0
2218.38678436322,5443.24110830736,55,0
4029.51943298061,921.619992860936,55,0
3759.37197090007,581.133376677309,55,0
1505.19877269427,2386.97024699644,44,0
4659.79422549523,5566.91286914283,55,0
4399.95759703938,4902.59192581742,55,0
3073.51151532562,5372.98642205053,44,0
2180.95805605588,1573.72522137978,55,0
1776.99477325869,2305.57171809964,55,0
5336.9089806275,2401.65067996213,55,0
1603.33996463635,3097.2202938075,55,-1
642.677235817929,3270.83005586859,55,0
2297.61079355087,1305.41281540027,55,0
4181.09243598893,1646.29248427326,44,0
1741.61083590272,3991.73387334817,44,0
4456.59688863704,1914.51731682976,44,0
4965.80134078555,4084.73296729547,44,0
5079.89350333124,2413.9021572867,55,0
2556.10155413422,5236.6786032379,44,0
776.996559166556,4416.33267037091,44,0
3291.76921467997,1002.58699931153,44,0
794.828424977567,4816.1106447926,55,1
2279.97499705797,1420.19540130404,55,0
4201.39243794562,802.637845669287,55,0
357.850767181956,2794.11707242787,55,0
1227.77358117172,3057.48698927453,55,0
1135.38331379817,4238.78034287532,55,0
2453.07855195991,1533.10695570171,44,0
1220.62305431903,3866.62009263724,55,0
3437.38181099311,5090.17565727225,44,0
3990.66355865801,4787.82526813313,44,0
1582.32804389656,4532.86862768458,55,0
980.607802626588,5084.83989557418,55,1
1156.000343037,4735.71535507774,44,0
1389.82989163744,4877.59226321346,55,0
3980.04011073256,5704.05475501017,55,0
5017.4350131472,3570.02015288052,55,0
4626.59166136534,1682.00392078666,55,0
618.274261354647,3616.9555657769,44,0
3395.50977891389,697.468655547354,55,0
2239.41342050638,4619.35326415836,55,0
3843.72624603741,1117.72927934456,55,0
2276.29812252565,4518.18863551744,44,0
4965.4754438808,2391.85270610256,55,0
5107.22719623901,4113.34723464468,44,0
3276.44920398482,700.959562137407,55,0
969.594201640956,2557.25524170763,55,0
3887.02946155478,1425.06673443699,55,0
4355.34134628356,5285.3837037306,55,0
897.979591928447,3436.75434352834,55,0
1557.90288014654,3915.65091914323,55,0
1445.28888611906,3864.05052271067,55,0
550.204870816114,4208.86112642428,55,0
2729.90250876398,6008.14959807641,55,0
5754.26296629728,3581.49152849271,55,0
5931.05521187813,3707.0621886115,55,0
3256.17363911844,1197.51793347323,44,0
2540.69708260626,5918.97291315062,55,0
3666.04512182935,484.238856278574,55,0
1381.53487429281,3290.39368641053,55,0
4424.58213737053,5198.1888712698,55,0
717.941171666494,3786.40424535171,55,0
4821.79559967217,3549.53780761836,44,0
837.26997439949,2668.25480945952,55,0
2863.61803275895,5205.4397361271,44,0
4998.49433530419,2229.19269449513,44,0
1792.189528363,5741.77176554904,44,1
1090.24460048548,3852.04158375613,55,0
3969.61023168213,5592.23149419366,44,0
4424.58151886448,4742.91600750806,55,0
5033.05913291186,4798.1734908462,55,0
1128.35454388389,3113.87470982477,55,0
3867.60491076284,5603.78490800923,55,0
5537.20569291109,3947.71043509974,55,0
3167.80998475319,385.153404381737,55,0
4616.31846452792,4279.34309475373,44,0
4297.43801197288,5004.1894224307,44,0
3102.05727681015,5209.94340789418,44,0
4824.91661799984,1746.26465512444,55,0
1231.80630348014,4501.02548422294,44,0
5148.8076811584,3731.23595950597,55,0
5157.09040639804,5288.22610896044,55,1
2073.70789993018,5872.95847000544,44,1
929.797013825363,4019.08554056594,55,0
4029.08032697134,672.073412208322,55,0
2848.93022771379,656.846686836742,55,0
672.458394912928,3372.21810992008,44,0
3069.04822956353,1209.05574341117,55,0
1737.00157583263,3799.30307197819,44,-1
2725.20283710817,5628.8855162927,55,0
4543.46844242526,2078.6157993741,44,0
1262.28858644499,4396.15099696148,55,0
4075.5095133524,1478.35395613543,44,0
5422.98499291562,2568.28532763155,55,0
4205.8004808227,5906.16361659801,44,1
3553.20828731775,5327.54488973208,55,0
1196.07125903915,5304.26746718014,55,1
1580.59449934466,3289.566462874,44,0
908.753540428341,4132.73246410418,55,0
2099.89670699287,4799.34809574628,55,0
4210.86861370055,4607.08076732289,44,0
380.033333691415,3038.5092679386,55,0
4706.52452037549,1498.76266772059,55,0
2962.73409083163,1164.83827719398,55,0
469.77072638216,3791.32564359924,55,0
3335.70386916178,804.181124404893,55,0
3181.17859464104,5761.949775504,55,0
5644.18883920693,2456.38016119012,55,0
2720.23362831704,1222.78165443455,55,0
4491.85055121216,4983.68446735178,55,0
556.970471906094,2780.92673826348,55,0
1565.86036655138,2689.70620925685,44,0
2734.27916542369,1018.21217926585,44,0
2958.2833726765,920.225903593244,55,0
1483.35275928146,4602.08338470191,55,0
511.478253488258,4015.05643151279,44,0
3525.71984318781,5446.22800362624,55,0
2733.56619994702,1438.12507847522,44,0
3165.46084735787,5622.16892552503,55,0
4047.14658975464,1580.31542793375,55,0
1442.16307245609,3080.20330599014,55,0
2290.41566126424,981.791133701494,55,0
3785.29673399656,5829.68546983991,55,0
5539.0216975988,2523.68208607331,55,0
1320.21543445966,3503.83065340883,55,0
5505.93781437376,3356.59265267413,55,0
1685.26236975431,4552.42510691089,44,0
5628.76317102745,3375.33801871544,55,0
1123.1082345626,4046.20321799206,55,0
1904.5359878962,4728.61861465131,44,0
1433.20087969621,2846.30141292358,55,0
4828.57796390783,4241.17372945228,55,0
4758.19881760087,4454.51115184554,55,0
4650.06733987014,927.141818835183,55,0
3514.65639590396,1519.78015463749,44,0
4331.58132261196,1373.70666154672,55,0
2374.20118732645,1381.97822596789,44,0
5386.81332541159,3394.82368284256,55,0
1088.49800087815,3422.47611965279,55,0
5066.22655294705,2635.67269468816,55,0
4633.78608993953,1797.20229084866,55,0
2063.49473044764,4605.36222274072,44,0
2590.23162244892,423.418783939617,55,0
1872.48780260457,4088.18820697409,55,0
3348.323929858,5734.83598926681,55,0
1328.39695842824,3117.18742107058,55,0
1559.59003534643,1837.79056572465,55,0
2814.20976945688,1507.14657112331,55,0
2739.42865371887,398.138872737618,55,0
5515.20182910214,2730.19641630578,55,0
1192.57394252541,4132.53770428184,55,0
3443.62927597079,1317.68371596734,44,0
4846.284114296,2582.00277100524,55,0
2743.74668903073,5751.36229423444,55,0
4836.49447682751,2088.62650724571,55,0
1466.46878042547,2982.72282829932,44,0
2991.95588595491,601.405135405833,55,0
2171.69481367575,5911.84124077856,44,1
5207.40095219941,2216.13375195967,55,0
2866.42154186838,1282.1604426821,55,0
1607.44234996517,4927.22660699115,55,0
1531.75736842806,3455.20740748126,55,0
3090.76210796093,6093.33683229255,44,1
3569.2808799075,1328.37383440545,55,0
2336.86493608661,4897.96272483524,55,0
4897.0525238905,2486.86307052174,44,0
4507.45176210129,1993.90469064187,44,0
4954.01875497051,2572.21203548167,44,0
5218.31805827182,2533.09725438723,55,0
4623.41106808061,2126.7758787459,44,0
5641.50410648052,2878.46198356555,55,0
3115.97501568996,5014.2407971005,44,0
4709.07834156143,3940.05606487885,44,0
3558.62670461192,5668.60350977984,55,0
3257.72136745764,5409.37187623139,44,0
4231.73414329861,1814.628270751,44,0
1757.26086854908,4093.05595207911,55,0
5217.33516096126,2417.34369699284,55,0
2206.63651497857,4449.2304443872,55,0
2103.78940104895,4692.78845807866,44,0
5370.89062056979,5063.99716973989,55,1
1607.15901513852,2546.25017182692,55,0
4346.10119529634,4357.3373646972,55,0
3888.06858492971,1558.41692418739,44,0
781.346431980862,3401.75565766595,55,0
2175.72154214205,551.463326137526,55,0
3312.4864187719,1500.96495147191,44,0
5056.92527384591,3286.94631754295,55,0
2656.52215235096,4867.54089606911,44,0
5155.35834063171,3121.41045236114,55,0
4785.67882207587,4129.15360959321,55,0
5096.91424707547,3485.11274685277,55,0
3667.90876704471,5147.24066394923,44,0
2882.57588025647,5512.01985344622,55,0
4738.40822091639,1815.75333901169,44,0
4242.06195339155,1713.57434925834,44,0
2089.80120656996,1366.30156141546,55,0
2387.75133767404,1599.47821237214,44,0
396.211322530571,2923.01873627352,55,0
2546.98820533387,1417.13741682229,44,0
3252.97389858093,495.05082052605,55,0
892.531676246318,2769.28598716123,55,0
5115.83068768368,2738.50997237091,55,0
1898.2413423061,1706.86704862727,55,0
4385.34119509394,4609.66563378748,55,0
2386.35647182221,1698.30375166609,44,0
1909.5475697328,4189.5889833079,55,0
2197.62748521821,4732.22482446345,55,0
3385.64179881987,929.392246956131,55,0
3629.78799210851,5449.3621327283,44,0
4073.55789617194,5622.97445024759,55,0
4961.69500581686,954.282468697247,55,0
4613.06283626572,4602.36538635509,55,0
2075.60235462207,5037.17348494776,55,0
3928.01722037533,5486.38376694431,55,0
618.56952847906,4018.81875732563,44,0
4172.31366496225,1425.45699787343,55,0
4925.13834199699,3082.98694309704,55,0
3995.17862901559,5829.43402355697,55,0
2092.24323091518,1641.21079061191,55,0
2587.16858812317,1216.80408481757,55,0
912.184257244525,4415.91262876888,55,0
1976.10537321765,5834.22841547768,44,1
4598.70926408998,5034.10361586652,55,0
2313.47575720743,1180.18280021415,55,0
4785.850127531,2311.81381937918,55,0
1855.40937467563,4609.02614947081,55,0
4164.79343790942,5344.97359357712,55,0
2632.15398987715,1524.59736017201,44,0
3975.01409837348,1499.47665282295,55,0
2082.91471040771,4407.78107823626,55,0
1818.10096580898,2012.02142301858,55,0
2222.64007489972,1102.10444192743,55,0
296.573499707711,3203.89379137281,55,0
4559.2879237458,2283.26761034433,44,0
2265.37345563074,1642.30540382756,44,0
4903.47960420596,2980.99911046921,44,0
2485.78736468373,4742.00323837099,55,0
3276.96982518604,5832.88088243945,55,0
1706.83491711592,1971.92052744377,55,0
3697.2270767022,1365.55457575649,44,0
4926.16905019591,2664.36745617437,44,0
1933.9219408595,5309.51547823239,55,0
1829.08441535774,2209.01555049274,55,0
2920.1503300216,5298.5242360599,44,0
990.163884110937,3363.99074584562,44,0
3558.28484946659,1117.53901055555,55,0
3599.25210476705,1431.40179104336,44,0
4661.52302078008,3856.48136648348,44,0
3411.54162793557,1513.51423129776,55,0
2139.10305998529,1871.96737523928,55,0
2959.88102464896,5402.00955376801,55,0
3691.78775890859,1473.06422649203,55,0
2653.84976377006,1630.11350089394,55,0
960.466469491133,3859.39922774762,55,0
2303.98759959142,1862.06283430733,44,-1
593.760506271815,3808.66956820514,55,0
3574.69922102793,5792.62415066098,55,0
266.255961947737,3090.91661461207,55,1
667.946867396132,4119.87197621953,55,0
2071.29026854841,4509.00661575314,44,0
3161.98080080239,1146.04553378718,55,0
5209.04388554905,3021.7457828384,55,0
4827.49992599635,1864.18086606221,55,0
4672.15773363693,4131.15298377904,55,0
2654.41741947403,1322.11866102158,55,0
1690.15057942408,2490.17946205437,44,0
1461.49632095398,3753.51670265532,55,0
2529.09488286589,4645.7636221455,44,0
419.122953523052,3245.07013911861,55,0
319.930964721318,3317.51842601241,55,0
1677.38773575292,1859.04989944098,55,0
4688.05195788586,3768.78131530589,44,0
1641.2194990525,3815.98368184424,44,0
4154.23585571318,1543.26869680111,55,0
3443.11777618441,584.585907690485,55,0
5519.91749763174,2849.6937872293,55,0
2879.63204670185,5743.99975186953,55,0
1274.19389067225,2626.26578746844,55,0
1112.51713239508,3738.66004475867,55,0
2888.13395352423,4885.33107858809,44,0
3486.67800443178,1414.42525108729,55,0
2633.08017202389,5724.27919043298,55,0
996.892467652501,3719.95840429721,55,0
3762.2469065908,5138.8442294602,44,0
835.849146430706,3221.21538494941,55,0
4936.61873197467,1903.75762505702,55,0
1923.88378360318,1824.90981093854,55,0
4792.55311174903,2500.22833245746,44,0
2655.34967974633,1122.14078278962,55,0
3262.76068282222,5308.62328947777,44,0
5275.00063380048,2305.02977802397,55,0
1666.76155990207,3602.97798357626,55,-1
1766.3591521,2107.90023637672,55,0
3578.42402147398,4951.08428806063,44,0
4408.89575173142,2048.944611738,44,0
3921.95898145307,1645.79056794161,44,0
5098.06773157209,3026.63087209617,44,0
1545.9486444332,3562.34472523096,55,0
1535.46542523892,4430.82804653546,55,0
1946.75583715763,2201.53860828903,55,-1
2256.40035836773,4983.85247977955,55,0
1101.35579596076,4644.55843120798,55,0
4500.09092242177,871.990596021326,55,0
1091.02941630719,3303.93076418296,55,0
834.8369559215,3857.85373947963,55,0
5038.04518114014,3683.13209069808,55,0
5320.36456524518,5158.09169615761,44,1
5032.34006261494,2808.81843373548,44,0
1644.76214460798,2992.03118316917,49,-1
4906.6340892237,2771.46047380988,55,0
2221.40814039721,1812.26243648809,44,0
3355.30683441494,1294.45225131647,44,0
4409.91422998288,1588.62569332771,55,0
974.017186202443,2970.36410540196,55,0
4817.68915448622,3650.83903470376,55,0
4893.87478792239,3907.4621696715,44,0
1640.14638904111,4068.42489762788,44,0
2743.30245153148,4924.29155947963,55,0
4899.02553940247,3814.33280135771,44,0
3055.98020548135,489.122913289035,55,0
4702.15518321528,2032.92790159679,55,0
3639.03903823337,5053.41180044987,44,0
1881.11334100365,2297.32059833244,44,-1
3441.994641854,5525.59597647062,55,0
3089.34436550089,5482.57488167437,55,0
1637.78883561096,3494.81159667569,55,-1
5751.54760341737,2154.34397226904,55,0
3172.48053603266,4923.63523577878,55,0
2615.25057239648,5323.06649809818,55,0
2640.56778825497,1429.04378387563,44,0
2690.6415123272,5028.49956330045,55,0
4596.27444038809,4399.42587824474,55,0
4010.52545435702,4568.87261447917,55,0
2168.79051155016,5559.58445306177,55,0
4581.39477104458,1900.73010681068,55,0
4296.88693815873,4685.33966124992,55,0
4679.67469841497,5680.67326794773,44,1
4806.71216904075,3938.48719939734,44,0
1477.7347548561,2740.5024240136,55,0
1110.02703779968,3538.45658338872,55,0
4756.63309760096,2412.62322959913,44,0
3867.87268051253,5728.32368686827,55,0
2077.91622042776,4918.16805082938,55,0
1906.89962683471,2094.02877144785,55,0
5058.50020430538,3183.94387275011,44,0
2382.54401176997,5546.82334011585,55,0
1223.8197443431,3570.79104453675,55,0
3117.96664049404,1440.27210520968,55,0
4927.23294499562,2168.90805849005,44,0
4176.96658457592,4844.4279541419,55,0
4902.73668568568,2281.65994201043,55,0
4529.17789760453,4310.85565589002,44,0
4730.685370492,2144.36295709727,55,0
2192.79633438083,4889.12094197241,55,0
2546.52585794071,1581.87757886324,55,0
1699.53346643306,3706.04190479603,55,-1
4712.65965308082,4241.65083620361,55,0
998.433527066026,3498.11031827319,55,0
2165.5468378792,4544.75328543128,44,0
337.747499631331,3907.66775936077,44,1
1068.74026947879,4338.76966717261,55,0
4990.53529562008,3367.43526018439,44,0
4938.37474375055,3191.89739430753,55,0
2006.19187686074,4741.51633307766,55,0
4824.661056331,2202.12675314443,55,0
780.955582370644,4160.14119121861,55,0
3823.25337885157,4653.24723863365,44,0
296.36306121235,3709.42556825726,44,1
4328.32993289246,1767.22816309151,55,0
2771.84031667481,5526.53816872057,44,0
4438.4676302477,2244.78099625235,44,-1
1618.28715783608,3383.36259920528,55,-1
1511.28839090004,3169.25063793012,55,0
2977.122149334,1283.01010060624,55,0
1775.72644982728,3892.45350023343,55,-1
2081.56320907921,2057.79518735479,44,-1
688.381309300666,4325.72264613153,55,0
4999.90360300813,3788.09450759987,55,0
3731.27587948704,5444.26158174518,55,0
1615.53702437984,3202.1658144422,44,-1
3083.22956112226,1330.13033006447,55,0
2507.47868195004,5628.09139499279,55,0
4895.76695973007,3399.49214571921,44,0
4005.2844709116,5952.96686339016,55,1
4400.8838263992,5825.44016685176,44,1
5099.58593044518,2525.37938812511,55,0
521.738236978854,2944.84726005853,55,0
3334.74713732085,5482.42359203166,55,0
440.941710508947,4103.57810707337,55,1
277.1065010121,2884.38708066812,55,1
3919.25079517457,4617.23420604439,44,0
4223.59545299197,1315.91914668854,55,0
4300.00078661503,4451.58770982283,55,0
2454.52575600358,1435.27957757683,44,0
3206.92351899387,5218.78213833725,55,0
4896.59333823766,3490.98654276272,44,0
4294.44325907634,5847.7541260192,55,1
4324.88039134463,2002.74669753317,44,0
4005.44478146781,4966.26460818525,44,0
4089.24345498665,1676.90741183703,44,0
2332.03605652103,5058.96663634017,44,0
4342.59041158019,1896.89613560346,55,0
2583.13980362393,4794.51987932477,55,0
3905.08366540973,4723.66204089716,55,0
1639.84148431851,2888.93033227377,55,-1
1675.23557586174,2353.58076571169,55,0
996.034519146693,4214.93406041799,55,0
2934.00141634681,4783.78834289639,44,0
2001.74977354594,1987.1727766229,55,0
4491.6887424695,4412.77175337173,44,0
4112.39124834941,5943.09620321098,44,1
2186.26593187081,1713.30961171095,55,0
3020.65460289052,5292.82078686936,44,0
2568.57408469525,6029.35982217569,44,1
4988.64481192048,3462.76736224456,44,0
4117.58136792661,5089.40900050787,55,0
2409.25729211074,4658.89014467805,55,0
4734.31684853626,4761.30661822052,44,0
382.085517570577,4002.0004151795,55,1
2295.4314187764,1746.12837079457,55,0
4557.33382496705,4151.24364968218,55,0
3130.2474516429,4822.15867064998,44,0
3630.28691832613,5238.18392803646,44,0
528.472577005729,3684.24142956298,55,0
4923.56735139752,3706.44632057436,55,0
2308.21900069461,4715.88832310231,55,0
2413.09924240773,4818.98012225084,44,0
3439.70001390829,5304.79845798785,55,0
2964.6482227257,5200.12025433287,55,0
3666.02791593521,5346.10551312088,55,0
2721.44983374845,1549.07831523807,44,0
3731.28371341502,5044.68877607167,44,0
452.357424467744,3904.35891958349,55,0
3538.09605936261,5051.06687567469,55,0
2019.06681280053,4202.71217567078,55,-1
4229.23315547428,1923.41614573634,55,0
3158.97554022948,5112.00156609468,55,0
4198.08686369213,4961.92743745106,55,0
413.672556717469,3551.93731303251,55,0
1031.24623511776,3952.86689691484,55,0
3378.55648117485,1401.25125109578,55,0
2080.91998987503,4283.41737291402,55,-1
4658.88485613758,2237.67976782637,55,0
3034.53474231589,1515.48780498459,55,0
3452.4251169671,5195.30534186297,44,0
4428.93002018865,1817.20294724048,55,0
1578.62144849179,2801.71980369787,55,0
2863.70070071594,1401.54477707676,55,0
2736.85400766922,4814.74623710732,44,0
2824.41778155968,5116.3505570058,44,0
4728.399489751,2608.98137385352,55,0
3072.84615488963,4911.24019715262,44,0
4999.79554086813,2904.84947807534,55,0
3800.92581967893,4759.06735206122,55,0
4104.11710352714,4750.98344338852,55,0
4854.23475660055,2404.40862910579,44,0
4604.64697792987,3942.3041630126,55,0
2264.03723044575,5945.10612671281,44,1
4887.21101999064,2884.74321380825,55,0
502.223775904716,3341.87079204127,55,0
3370.01557527885,4926.73400332953,55,0
3269.75267496507,4896.53198420083,44,0
3267.76519118097,1404.47699315573,55,0
1506.40061242028,2602.48870546348,55,0
4531.74949530636,1757.93059685,55,0
4787.64768403368,3461.39770170715,44,0
574.341881022037,3925.81521653708,55,0
4107.29644857317,4627.86244824744,55,0
730.595778176323,3999.46184733374,55,0
3716.93795492488,1586.34079077969,55,0
4498.88165261411,4565.00919901017,55,0
1714.64568973265,2590.8404187813,55,-1
2168.23889745881,4334.06372289772,55,-1
1712.19817575962,4251.31150350593,55,0
2971.16708368815,1606.87098466827,55,-1
3047.55158835605,5116.12853072169,55,0
2481.09101923171,1677.63237225219,55,0
2816.40956791333,5305.6524479027,55,0
2987.1812273276,5703.21218920614,55,0
4910.01343826388,3299.99571246542,55,0
1600.67720246132,2436.37408795787,55,0
2868.03249659478,1602.60649100654,44,0
3253.95084065817,5001.75451666854,55,0
4196.34134167103,4404.76437044707,55,0
3270.35054475126,5119.86058718479,55,0
2027.91019987879,1877.11948802133,55,0
4764.92678583857,3841.24483412663,55,0
4494.66491508932,5780.09094016083,44,1
4709.10634275455,2719.10481971035,55,0
3681.82350037257,4949.80147059333,55,0
4413.03451589142,4480.052409775,55,0
4818.0144875307,3223.22596233147,55,0
3925.22454221837,1748.56311843031,55,0
3549.54638007372,5169.75636671761,55,0
3814.77269841949,1638.27717759109,44,0
2819.79802590391,5008.8087193599,55,0
4822.75560224347,2695.16062756043,55,0
4733.26036500916,3585.14563043672,44,0
3703.15754706476,4708.97311271311,55,0
4006.01630022889,4685.63121307859,55,0
3805.41933047681,6025.52566591941,44,1
2764.71022173522,1650.45030979357,55,-1
4137.70925677791,4527.18509847589,44,0
4582.90551283955,2370.70556965045,44,0
2518.08321421758,5139.60497019353,55,0
2105.58191091353,1769.21332013793,44,0
4037.20697082487,1769.99169557433,55,0
4368.68825776022,4205.42462924799,55,0
4472.72366658069,4223.69567410717,55,0
2676.10904640469,4745.16109259837,44,0
4552.48486229373,4038.20801550024,55,0
2924.72109736974,1499.30331327527,55,0
4471.76289159683,2340.91034976386,55,-1
4458.96626568331,4100.34711583378,44,0
4455.72041365551,2138.23231760525,55,0
405.051048208868,3665.19740823959,55,0
4094.58097682265,4981.8130155824,44,0
4675.407294986,2480.59470123647,55,0
299.252736131184,3600.46551842563,55,1
3016.26881484832,5006.81280618764,55,0
3904.62786079665,4984.19754160384,55,0
4800.47170041427,3330.52991280593,55,0
1783.29842098776,2464.4918622519,44,-1
2974.2539659013,4902.31492518486,44,0
3911.03823061885,5103.52716557075,55,0
3220.60372643474,4813.81153116899,44,0
4811.09803794399,3111.82371387095,55,0
4717.0848335271,3677.27156090335,44,0
4780.26226820753,2902.62900001298,44,0
4145.42887293449,1757.07369370099,55,0
1896.81826155084,1931.42738400237,55,0
2784.92438413513,4719.59724683814,55,0
3610.81492998624,1669.95532923622,55,-1
2389.98978657677,1807.55051101324,55,-1
2829.79703379279,4812.4938128262,44,0
3107.82226516717,1608.96907748623,55,-1
2224.8966074429,1937.31042809598,44,-1
3716.70944288543,1703.59745650435,55,-1
3607.04711459211,1551.57205338101,55,0
3412.3412417989,1627.94837589061,44,-1
3508.23487109826,1650.39026070137,55,-1
3307.12261932119,1604.94939360328,55,-1
409.077119203306,3420.24960779208,55,0
4357.76871040024,2189.11632700252,44,-1
4788.36724900558,2800.58300064803,55,0
3817.50571040668,1744.07962285375,55,-1
3481.36825824081,4947.54093500385,55,0
1662.67972403902,2732.4500372755,55,-1
4686.62526366034,2857.82024854558,55,-1
3429.16637534389,4830.32781810657,44,0
4794.48248119778,3001.06983872544,55,0
3793.47825353845,4963.10113242927,55,0
4701.52110154434,3390.00171905587,55,-1
3204.97914296137,1625.86634131299,44,-1
3756.02008030656,4857.95183917176,44,0
4306.6304087706,2103.88898643455,55,-1
2146.06768977253,1986.6404313659,55,-1
3328.85693848192,4798.49602652238,55,0
4676.70352636813,3499.6748215786,55,-1
4698.67811374176,3287.77947499868,44,-1
4197.89187917672,2027.22350195021,44,-1
3536.12984067718,4852.26429410407,55,0
3331.42372737321,4689.18354906066,44,-1
2936.96020302668,5085.75356779693,55,0
3665.24416269778,4834.15971833622,55,0
3910.52253670566,4515.30066688175,44,-1
3029.04166501805,4817.40975494259,55,0
4443.81302746704,4006.70235453312,44,-1
4701.96266612146,3103.62641901084,44,-1
4513.02539676246,2438.00967171694,44,-1
2619.21453288044,4579.63458011894,55,-1
4555.67831484503,3838.09908455743,55,-1
4120.77827623094,1947.00016793707,55,-1
4704.55300119363,3196.47972482342,44,-1
4364.79432611186,4112.34308836815,44,-1
4088.95536132854,4431.94743540179,55,-1
2586.39740907785,1717.63172138181,55,-1
4623.1117775893,2661.41757415648,44,-1
4613.07884317911,3696.69190282935,55,-1
2473.8419661438,4564.5743857986,55,-1
4190.73596365275,4298.48203065574,44,-1
2607.98599621776,4682.22810046099,44,0
3989.5501450064,4459.06098142079,55,-1
4638.45920080039,3591.29518678612,44,-1
3111.6387999345,4705.89236292496,44,-1
4024.01442898861,1882.39748709248,55,-1
4571.13388938721,2537.06719684216,55,-1
3736.10697091306,4603.70255793068,55,-1
3632.90233268351,4619.44199811903,44,-1
3001.05131557818,4707.49825843554,55,-1
2702.60947284129,4648.95812686556,44,-1
4489.71352599545,3923.48103024788,44,-1
1138.07381600297,1850.22951974374,55,0
3585.51230811534,4750.12638737383,55,0
3824.78575855225,4544.63581421026,44,-1
3434.06502151398,4695.95222930184,55,-1
