5764.80952909697,1867.86630839621,44,1
5492.73194201858,1422.39098503588,44,1
5055.36764336098,969.743138145053,44,1
5217.89624875769,1102.4961559516,44,1
5596.54504080306,4277.82180217933,44,0
5727.32921508043,4553.2256084279,44,1
5811.1378706724,1953.22927291655,44,1
5690.80897243567,3307.59444862394,44,0
6038.41052972558,3378.72001331307,44,1
5892.87416201186,2147.03508841925,44,1
5134.39656756904,5058.25466977867,44,0
6011.0150192245,2546.33536574436,44,1
5550.93867842913,1498.14544740122,44,1
5870.53690364297,4186.91270082483,44,1
1112.41597253781,5100.42442102449,44,0
4729.59985174998,710.547590028622,44,1
4835.72732908659,5301.5579709911,44,0
5329.88999820955,3887.65527550969,44,0
5142.63282872959,1031.44601031928,44,1
4895.7377273305,1156.06324311125,44,0
5947.0028763555,3228.49882576698,44,0
5719.68314765682,3487.82461444022,44,0
5738.80464757415,2499.95857506806,44,0
5094.51458832244,4892.22106802844,44,0
3429.05457700339,5903.25699029513,44,0
5528.03037340017,4622.06540101294,44,0
5716.33998075081,3901.4298257349,44,0
5264.94261346106,1983.97418955939,44,0
4910.2901137548,1056.50090185329,44,0
6064.52320737404,3471.93083855289,44,1
940.896072822015,1653.43914244842,44,0
5503.63595209908,1698.5639878615,44,0
6034.77279969657,3671.76891562675,44,1
5616.58655063958,3498.21777972639,44,0
4210.69869667805,5257.41268635479,44,0
5798.6875890027,2318.41880415314,44,0
5166.60451400011,4968.46624765256,44,0
6013.40773184736,3777.14218083928,44,1
527.974746659561,2682.52078212815,44,0
5362.79001815064,4952.82340983706,44,0
4901.75907399797,5399.2018129995,44,0
5197.19836773052,1348.58704531132,44,0
4940.34117889836,1482.77025665504,44,0
4980.58193782114,1330.42184279022,44,0
5550.38147249043,2383.98658342793,44,0
4410.27957532193,5385.48193433135,44,0
5606.31046070814,4725.31679190255,55,1
5928.26838292808,2241.77634329203,44,1
2609.96227635107,5933.80389451839,44,0
4574.61135996636,1515.7961061642,44,0
5849.38491313885,3619.72739043817,44,0
5235.32766416933,5218.25159792168,44,1
1886.00868905472,5736.37214965789,44,0
5779.32876523532,2586.143340784,44,0
4341.78904315126,1044.49626433962,44,0
929.078858406202,1747.28720506027,44,0
5485.43123330073,4407.60838175629,44,0
3012.62792697635,5356.86256226756,44,0
5087.55131666606,2089.71350653821,44,0
3330.08416392069,588.449612383464,44,0
466.008500464567,2088.77935022622,44,1
4212.57988181828,514.982624607323,44,0
1619.22617187058,5169.94605743224,44,0
4815.32273249638,765.109494019133,44,1
1623.05461429306,5270.97814043764,44,0
4296.73266181733,1137.54297131747,44,0
5743.1305422288,3396.29392881364,44,0
965.120923403051,1390.03630651633,44,0
5379.6288889766,4355.07189438101,44,0
5307.02465871674,1304.34050472951,55,0
5614.24642054249,4083.29514244776,44,0
4192.17006808743,5789.4397011178,44,0
4486.5360235593,785.156418061437,44,0
5443.06743889807,4560.71549116626,44,0
4324.07928081337,4981.73591884142,44,0
1669.28303785602,668.15501651477,44,1
2789.75881591612,6031.11955250049,44,1
5647.35435924527,4482.38221782848,44,0
6047.89782616463,3282.646992399,44,1
5686.88116620016,2382.11207706557,44,0
4467.54552463759,5676.44158216001,44,0
5405.72899881204,3371.52147669347,44,0
5407.48876812657,1668.01490669992,44,0
5186.2868557038,4861.22525794537,44,0
5188.10097860714,4474.95238185493,44,0
2136.40036589806,5327.1614269666,44,0
5270.6930331355,1408.40249303183,44,0
5820.0507857071,3896.2351180527,44,0
5044.1326417744,1469.71284589769,44,0
4587.50364033578,5467.76494231874,44,0
5541.68170653743,4516.90048487554,55,0
5128.28909436027,4547.27717074094,44,0
5374.10011196205,4257.66140483498,44,0
5916.77184624643,2593.55659793569,44,0
5845.86942864684,3408.37553603732,44,0
3058.81526441963,5726.55264487697,44,0
5256.73402561948,1889.32103868474,44,0
4916.61693840779,4747.45651541851,44,0
5786.85348631376,2412.923468585,44,0
4899.83004926006,1396.83195216421,44,0
4098.16754383845,5419.1679792935,44,0
4252.36483012722,736.591513042307,44,0
3563.96238287316,521.803560964747,44,0
1250.17561671868,979.583357349965,44,1
3635.72902010381,5920.79151556367,44,0
4245.09357467969,1045.98360175607,44,0
715.007417544408,1621.58540824014,55,1
5061.08274748011,4982.67825990868,44,0
1066.27119971029,5013.67136488233,44,0
5413.01422373666,1351.5690274985,55,1
637.561048215331,4575.43713947054,44,1
5820.24998294622,4368.87469372467,44,1
4930.59105603821,5276.55034046927,44,0
5598.37970888842,2053.46810924951,44,0
4381.75721910989,5720.50718819745,44,0
5803.77618559513,3707.66510400445,44,0
3097.05215404312,443.811860072997,44,0
5539.09242341237,3320.3595529457,44,0
4815.33209590122,1033.44442479285,44,0
4392.74303252007,1127.25289373649,44,0
1485.27106827955,5037.07785609315,44,0
1768.00123398063,623.667310194859,55,1
4362.57816889987,5470.794699665,44,0
1981.21845712382,5728.30033800599,44,0
6016.60969401817,2649.74639619116,55,1
3953.31524910857,5041.24339277051,44,0
5346.20524423307,4582.93294379928,44,0
4111.93981507082,5563.34013965338,44,0
678.516879947805,1915.02927801976,44,0
2714.03702530725,617.534420508231,44,0
1210.28987858269,5117.67719294341,44,0
5407.12160401798,2526.28400539376,55,0
1069.08903448116,4913.23054789288,44,0
3859.22776057721,5779.06642995789,44,0
2645.42137147632,316.442538235321,55,1
5037.66876525556,5262.2701407944,55,0
4801.14572323708,1415.55552412235,44,0
4489.5148171346,1113.15044458064,44,0
2166.28871107954,656.759135823339,44,0
1504.92048087944,1256.51215704612,44,0
1854.77362031666,5091.47985485439,44,0
5612.95047839036,3601.97817373211,55,0
2271.90217088622,5707.64730703446,44,0
4797.90317236376,4885.7152129494,44,0
5282.27010816172,1187.54215145509,55,1
4562.52431239027,1221.93444683598,44,0
1284.11047927938,1605.8338554662,44,0
5756.31869727951,4450.9693111571,55,1
1421.5879504244,5267.83136189158,44,0
3136.22660269085,301.402980168277,44,0
1246.37390675935,5204.06398746529,44,0
3099.33834239595,5400.38664735726,44,0
1988.60753134135,643.46407447793,44,0
1074.29255383063,1190.45572593756,44,0
4986.55542647862,1192.61550672017,44,0
4533.76438790926,5133.0835911046,44,0
4845.04283847936,1794.84159542259,44,0
4699.29700137638,1653.39615669303,44,0
3827.83188550356,493.029449820828,44,0
4991.47723093499,4676.69236191606,55,0
3593.61357957002,718.284246340171,44,0
4895.21318813602,3448.64350308422,44,0
4839.83907679455,4976.02095976137,44,0
5607.31506120011,1892.57016277947,55,0
689.556892219677,2088.93480981786,44,0
4119.80035565226,484.536691044452,44,0
5350.10299005853,3794.63679551107,44,0
4437.30271400915,1033.64930149514,44,0
2374.20104221759,661.637762723126,44,0
5260.03122529305,4937.75086273229,44,0
5712.27032736541,3215.9820679156,44,0
6049.65608736922,2750.45727905617,44,1
5975.5921020293,3874.24753709895,55,1
5057.86323224078,1256.37609676383,44,0
5456.49650938467,2427.05840247568,44,0
4656.7911422029,5401.04924155538,44,0
2294.00280212182,5844.19450044937,44,0
728.046536033407,1735.67402324,44,0
5297.96561621276,1797.8187013109,44,0
1339.50595575977,927.114282846803,55,1
832.611467270885,4717.64995947206,44,0
5852.58081916188,3094.77794664309,44,0
5376.46013707527,2147.29744120451,55,0
1336.25753978574,1038.51121396013,44,0
2896.26526018511,5622.60976390016,44,0
1598.28548465009,5487.95514945785,44,0
5387.94462559611,3206.641836623,44,0
2946.54998006983,362.872811649048,44,0
1454.51054720676,1132.09766669588,44,0
3658.65587092694,5292.75337576621,44,0
1326.72588492371,1316.28669644455,44,0
4722.53676412623,4631.88294927971,44,0
3014.97249070389,578.665026178355,44,0
5261.02087241705,2154.87670326195,44,0
4173.78711813581,5488.57465879603,44,0
2262.29339131917,5605.20325281687,44,0
969.084394978207,1278.6832710084,55,1
5413.25540050689,2019.9740238512,55,0
5564.2234808778,3704.88329003575,55,0
2726.63144116678,5535.21316999499,44,0
5307.96022647849,2066.91701370796,44,0
1132.96216895441,1275.8116296883,44,0
5908.00094501552,3970.84023568927,55,0
1429.44694645124,855.723035142476,55,1
3054.756858089,5831.89337540537,44,0
5516.55523434834,2502.06440693551,44,0
4614.76450833426,5009.59211302679,44,0
3460.94749124039,265.387155859573,44,1
4268.91000450861,5496.90950928714,44,0
4491.76517794783,1416.85407110275,44,0
1989.28698471022,5439.9961190982,44,0
4445.20106851444,5166.63697648492,44,0
4482.14246280061,5476.09138453198,55,0
4349.62913589337,1227.04754428323,44,0
3723.39634438912,5510.39221135475,44,0
2401.59791649953,5848.02438140857,44,0
1011.65309776334,4518.8833938708,44,0
558.655296654018,1892.1351476133,55,1
5182.26761919511,4679.49108966242,44,0
2152.87026571967,1233.99512523619,44,0
524.10682381971,2004.698271938,55,1
1278.74665182428,1942.73302279248,44,0
4110.33331710233,5837.17351873319,44,0
1444.01592236781,4591.47894879155,44,0
5690.13537896817,3696.89121910683,55,0
3751.8592443406,417.533750453853,44,0
4308.94752914657,5260.28485537449,44,0
5840.30943356383,2054.56543683179,55,1
3359.94422616896,5072.11168171062,44,0
1089.86992089282,1950.1981749481,44,0
1061.50827289348,4131.01187055461,44,0
1523.01066729303,5247.30044508699,44,0
5937.44623968715,2731.65087175217,44,0
5622.71766436006,2813.55090862657,44,0
3702.68318854028,6017.04911891955,55,1
5157.46861138544,2153.83417084454,44,0
893.067113580086,2100.57381383805,44,0
1963.66240196912,861.417210645484,55,0
2032.6964816047,5528.94070847179,44,0
5971.76562404598,2447.82221302884,55,1
284.153714471417,2985.82639215672,44,1
5331.61519551681,3284.5562810679,44,0
2233.0287360102,407.329723332246,44,1
5949.93390260378,3131.27941950269,44,0
3305.6183998092,377.91009003575,44,0
5392.06637812,4780.94080392748,55,0
732.893797382142,1832.83122315586,44,0
1557.20896691074,5097.14781036319,44,0
2059.30422975205,1084.0192872866,44,0
5494.51467329027,2102.91999261332,55,0
4445.02695378785,4842.11864859768,44,0
989.577159990116,1934.61146329506,44,0
4315.08573811968,5597.18008941406,44,0
5726.87916664418,2670.65949152797,44,0
5829.20840393004,2223.86209324995,44,0
5217.94817045732,4074.13413616635,55,0
5072.93374951901,1906.97661070388,44,0
3388.38086271606,5417.46649580334,44,0
1916.95157121575,5514.17422067376,44,0
5614.79794008972,3886.040738392,44,0
5088.92645162173,4634.977264017,44,0
5211.7453575994,1741.69944410343,44,0
2249.50218705108,863.107061018498,44,0
5305.1614462826,4169.22230836713,55,0
5748.3570179906,4104.35479929527,55,0
755.581975323633,1524.70663928103,44,1
1582.35667830253,721.298922494476,44,1
4755.94515102011,947.105584700029,55,0
5153.59737778924,1454.3558414924,55,0
4806.08411332456,5413.85067023274,44,0
3045.23972982323,253.387120295092,44,1
3575.02919953981,412.146863552828,44,0
642.055043977906,2428.24966609219,44,0
1323.90583726562,1845.9878827844,55,0
4072.89300274129,397.968816754982,44,1
2597.36139223504,5830.26649601865,44,0
4967.19091970489,5167.89800355073,44,0
593.869101066551,3425.10252398288,44,0
5700.15072624205,1948.52323681162,44,0
5186.62180217858,3858.01173749318,55,0
3013.93772115973,5943.10764915091,55,0
2540.26189880808,318.50900941286,44,1
5044.90077028931,2001.50600577796,44,0
3833.59222892866,626.368118224915,44,0
5640.31259936942,4613.46889367436,55,0
2336.7617708878,397.53633300006,55,1
1185.3655491375,1061.51165611931,55,1
4898.35548576359,1265.69346148612,55,0
790.617030374084,2108.39967280804,44,0
1310.95195109724,5298.07804555076,55,0
6047.05130164326,3176.40675041003,44,1
2456.83183084188,611.24119322786,44,0
1208.30164580173,4816.68099989142,44,0
1688.73935457842,5339.1192749597,44,0
3574.9376903881,5587.20509928804,44,0
5083.3758202148,1361.94058900376,55,0
835.678307364191,4193.79087693434,44,0
5030.87482958435,5085.07297733215,55,0
1191.07809558809,4483.75414209702,44,0
5524.73161989002,1980.45095921295,44,0
802.577021097212,1911.81085505439,44,0
5085.6898522038,3899.03789066345,44,0
5437.07245960205,4677.07262995449,55,0
2743.02445028749,727.543840624781,44,0
990.437875289005,2127.03803383145,44,0
5158.93342840338,4379.65764295064,44,0
1814.24734000078,5436.77904854045,44,0
4147.73379076839,1550.16705617034,44,0
4648.17321486549,1013.17511931661,44,0
5177.94501062134,3968.3055761645,44,0
1185.64360993857,1185.39403852425,55,0
5510.45793376346,3533.73922105161,55,0
4842.15317812277,1500.04297181661,44,0
2917.30863482675,665.380148919628,44,0
5156.14605040529,1979.40843437992,55,0
3829.01041741917,5249.76819024367,44,0
4678.83774772425,5089.17675572022,44,0
489.236538656697,2197.40599287894,55,0
5145.33765937883,4264.13264134726,55,0
2313.58199319343,5415.89035092319,44,0
4633.87366000797,1587.04702419037,44,0
4623.40546210287,5301.85195758046,44,0
3852.5921153609,376.184098912353,55,0
592.748268958346,3053.32310195657,44,0
1941.73664577619,548.434478026251,44,1
1291.13253245078,1135.53388291074,55,0
2320.75408779891,5313.95240762311,44,0
5234.23537805435,4586.51080103983,55,0
1165.87375729333,4732.31866052973,44,0
4835.26622097405,5543.70068799942,44,1
4414.3393436697,4562.78728330955,44,0
4944.7489349733,1791.14921756432,44,0
1605.89769794579,1265.52551998687,44,0
5269.87229561126,2618.62119566091,44,0
5490.16363756929,3202.78365887343,44,0
1107.80423572858,4542.8942296283,44,0
4633.39912630731,663.857531594038,55,1
3667.94503538924,5590.02742927009,44,0
1135.52553955263,5206.20431557904,55,0
2138.96551455744,438.578124552921,44,1
1358.95044105755,5395.26578827474,44,0
1100.09082437332,4812.90983689767,44,0
1581.74357764834,4997.77548654913,44,0
1533.02863383827,1076.71924210042,44,0
5632.86553928842,3790.7787777841,44,0
5064.62762695567,2399.82141825789,44,0
812.965180855155,1446.44780052038,44,1
3039.6837250852,357.298382642409,44,0
1750.15945003498,1078.42629842891,44,0
3904.75010071375,1314.26596861135,44,0
5594.4506693089,4384.45120829823,55,0
1647.48980109088,1575.32480836937,44,0
1381.99017621542,4971.39685096318,44,0
5571.70851957823,1603.42065001739,55,0
4043.31558735409,5756.22999213325,44,0
879.137286315323,3129.26337830383,44,0
5102.39844950469,2235.73900825931,44,0
2445.02648510551,363.013078083201,55,1
5366.6034539581,1916.50955218393,55,0
3205.76414171725,617.112809688934,44,0
4293.60841396196,832.86988297805,44,0
1979.35383097474,751.423162473323,44,0
643.679711233672,2533.13880891905,55,0
3304.69572038619,5603.2706382553,44,0
5127.95299332512,2325.72090355018,44,0
4088.50400597344,1376.19824890842,44,0
3620.9351037638,5685.49062895511,44,0
3887.13477518899,4966.91869487566,44,0
4994.81774144112,3421.65030174816,44,0
4649.90683777294,5567.07414360353,55,0
4331.09288781415,670.374837475862,44,0
2744.61714497174,279.863960840255,44,1
5806.94654465011,3311.64335013456,55,0
5423.64340332526,2329.3340925657,55,0
5097.37965845113,4744.2448056248,55,0
5650.47995013019,1685.81909363945,55,1
5694.69547596893,2275.6237899731,55,0
1489.12167423768,4936.72416097652,44,0
4783.79869925904,1306.59154147775,55,0
1499.03863725468,1433.44797502825,44,0
5463.07054028017,3026.40285774376,44,0
5163.444903358,1840.17855760016,55,0
5519.01473531883,4801.30831920501,55,0
2407.29948046791,506.322577349029,55,0
4404.94644533954,5062.60022605406,55,0
1241.67512922105,1516.94456618378,44,0
1497.09693374457,777.116587970345,44,1
3109.94825250247,5989.26823780755,44,0
4543.07873962628,1010.52674144243,55,0
336.866119805164,2569.93888925633,55,1
5355.28421954191,3577.95732331014,55,0
383.332162972382,3154.70843353808,44,0
4900.25766569957,4852.78359487114,55,0
3672.11676721364,872.112248276222,44,0
788.734427895647,4823.40151474886,55,1
5629.92560932882,2476.82124763874,55,0
3014.99355243958,5257.89396290763,44,0
5711.41629263304,2054.65762403584,55,0
5872.96628565161,3802.96354966344,55,0
3875.2061916906,863.199648936209,44,0
4754.04482569364,5602.35177553172,44,1
4787.55944842791,1187.38116487359,55,0
5375.01471166581,4079.42808136003,55,0
4796.58265909119,1631.52441097043,44,0
4677.52501889315,4519.85001065014,55,0
4390.40161392128,804.612232788362,44,0
3766.62976340231,5923.11035172567,44,0
3558.66864082139,5264.85733150648,44,0
1262.10813416029,4694.8069446592,44,0
4114.97104159005,599.802977507465,55,0
1252.94176244033,1704.95295112216,55,0
5309.71168583411,1698.628597885,44,0
3106.07861583882,546.785998786349,44,0
5304.96181629039,3373.30231636296,44,0
5467.76667302825,2219.5079962135,55,0
549.411981286992,2468.44124236814,44,0
2453.50985007561,5691.596464343,44,0
4991.99090734633,1689.38876561692,55,0
4422.12496463377,703.874393217565,44,0
4533.02870167632,5591.52509246525,55,0
5041.57116184318,4227.74871356712,44,0
4702.37331804447,4725.69234217024,44,0
1544.85936779652,979.091776489406,44,0
4970.95379551042,1882.82954075354,44,0
4571.13143775135,4457.24151998594,55,0
3280.83662613013,5372.82820096288,44,0
1291.43315270339,1416.5489861506,55,0
4315.49740809591,535.910010186606,55,0
1702.14666422887,1669.35495879337,44,0
4598.32808775722,1113.87878822798,55,0
2561.28637998025,5606.27217153785,44,0
5193.47662657662,4172.84301780817,44,0
3760.59206979523,5314.87696468895,44,0
2776.94147033843,825.218716390867,44,0
984.731997440314,4426.95335100401,44,0
3352.78069797437,5837.77257971335,44,0
4732.02173876356,5324.99256421866,55,0
1750.8412160784,1176.59705498003,44,0
3760.86660973374,831.940878193897,44,0
4998.29445052576,1566.533604315,55,0
2788.19179262454,5623.08776524332,55,0
1937.24021468664,5146.62846934584,44,0
914.322245801461,1471.5588978996,44,0
4413.24134338887,5274.03110987792,55,0
485.350047498944,3125.96603945503,44,0
5077.29265235457,2492.81493658963,44,0
2057.81164230233,959.73320517752,55,0
703.1092649105,2796.98834199165,44,0
5013.86167892847,1082.07255567469,55,0
4889.69675649234,1596.55733124121,44,0
907.10511773321,4777.13777473989,44,0
753.258226152386,2003.62890307109,55,0
4859.61215737943,4044.92018977777,44,0
617.599785028273,4401.82088697659,44,0
5032.33098973679,3702.5296605263,44,0
3278.1963350314,1096.5209875145,44,0
403.621795020558,2278.14531706005,55,1
975.029905771136,2683.88463115643,44,0
1354.99629408631,5191.44583647327,44,0
2836.08897664854,5352.86566284338,44,0
4381.39722087282,4236.96042896966,55,0
3968.80697915533,378.916996212899,55,1
5731.23377144041,2774.55999768744,55,0
2685.28396549878,6012.09142951481,55,1
1723.70670818774,5557.69729399905,44,0
4782.13545029788,3974.20746074013,55,0
3694.20832273571,971.378199500385,44,0
2028.29947750738,5330.8850700084,55,0
4996.59893336824,3850.66366880371,44,0
1487.4603430851,5491.84478066185,55,0
1441.81966260294,4760.65557607404,44,0
729.851306618699,3031.33133080842,44,0
3925.93259540979,484.678626461984,44,0
5700.31577807467,4330.50422532123,55,0
5834.12867320434,3513.46463406917,55,0
5618.87858453096,2707.21140391146,55,0
2063.93708014521,4974.98811816318,44,0
5055.22925531455,4333.77232986095,55,0
4881.88800118102,1694.94774548826,44,0
1715.0690404082,1277.35344880117,55,0
3273.44577363381,5272.38374637609,44,0
4940.40611503656,4265.35054558316,55,0
2930.99515424918,766.718869764566,44,0
2462.26362947343,5462.7262158364,44,0
2850.62654234257,5766.58264585928,55,0
4764.20489369896,1862.46756075947,44,0
5411.65358269188,2644.43968428688,55,0
795.535613179256,2286.57793464013,44,0
999.707839248483,2776.6653625927,44,0
4455.67331359876,1217.03424298577,55,0
5262.20234281011,2351.01055163666,55,0
509.154651798216,3481.79488929343,44,0
4464.82343602518,1326.76270762362,44,0
3562.66184891066,295.743968751065,55,1
4414.47164437428,592.515081867463,55,0
907.375431843718,3756.62830516948,44,0
1380.20590378653,5081.1483520051,55,0
3183.38822010192,722.104991367649,44,0
3868.2361059917,5345.52558569787,44,0
1490.53710233927,4672.11055744813,44,0
744.722354350921,3292.90624753653,44,0
2882.90457171433,440.534051230188,44,0
3279.10183293053,893.487949175594,44,0
2931.47898225913,5302.91892606394,44,0
904.426112131421,2300.18443402436,44,0
5235.85137196454,3254.95211860106,44,0
5291.00594019981,2925.18154364252,44,0
1171.45554400999,4912.49877258433,44,0
1689.13939409814,4954.46112867214,44,0
3311.38337048353,996.509027578954,44,0
2118.77510329261,5139.63470569435,44,0
5778.47631017133,3993.7960359849,55,0
4712.2681609578,2335.84655088702,44,0
3768.95794880984,314.859719299861,44,1
1615.23225070485,5599.58500746611,55,1
3738.83618577645,5214.83893850322,44,0
5570.90565939712,2277.29899320007,55,0
624.028281217665,1801.28177643275,55,1
2057.71973857268,820.673334000281,44,0
4298.16527311724,4710.59182554763,44,0
4274.35329811026,5062.79199117959,44,0
3924.03557997359,5570.86291228016,44,0
5496.16550712264,4069.03631531155,55,0
5833.69694964674,3196.12173855091,55,0
1927.39405101746,5626.45401412069,55,0
5951.51569987467,2348.0115292127,44,1
2944.50970967132,5842.0127504821,55,0
3404.39898144486,6040.92746864202,55,1
5443.07824947171,4179.36198325314,55,0
1036.44464342089,2292.10551047256,44,0
3794.13596425348,941.663570838224,55,0
5085.44224888666,4015.77567350464,55,0
3241.83691724161,286.636390373531,55,1
558.128917995291,4007.57168738002,44,0
2371.7864157451,5959.6597559913,55,1
2469.32904201275,867.444142651463,44,0
4582.11975151386,4809.05514814841,55,0
2982.27022955072,6065.24100137745,55,1
734.476828514386,4212.7744431046,44,0
3673.52438843866,773.594932274484,44,0
1356.42203463711,1738.90579143931,44,0
4044.91221258018,4851.22922837147,44,0
523.695032039141,2585.93139341717,44,0
4807.70352708844,3875.92675147387,44,0
4232.91577651834,5149.9767337742,44,0
746.584933726553,2582.6182601616,44,0
4937.16383520517,2379.94405292948,44,0
1871.30827638917,776.047289955031,55,0
1982.80467133776,4929.50111844242,44,0
1070.70771331455,4037.56705187992,44,0
2554.80801942036,5474.34501704775,44,0
3213.88890456338,5575.7305329672,44,0
1466.4570934961,5366.91061300461,55,0
5608.73108276291,2158.1554973869,55,0
1735.00730103563,5246.61986182115,44,0
4210.77661910893,5612.28383794697,55,0
6063.54223690718,3055.43506513958,55,1
4561.12932339258,1322.03792737872,44,0
5139.67310338049,3564.64773470498,55,0
5617.22662282327,2916.36724611134,55,0
1836.73252758479,5209.88924509088,55,0
4949.3904341205,4484.83071420243,44,0
5437.35116795893,3860.69289909333,55,0
2640.99512190621,728.467730661898,55,0
4717.1043015841,1092.84257929194,55,0
5870.33248791742,4080.70323185441,55,0
5564.5332031387,1784.92046364877,55,0
4762.72601434647,1733.88707398726,55,0
1820.45682999968,5641.84521064993,44,0
1279.78043869536,4906.76657965413,55,0
5487.35389327671,1882.0377613142,55,0
2188.62582033779,5202.65997652086,44,0
3277.88476908626,5485.86119952006,55,0
4629.93232385554,4109.8223186005,55,0
3098.34023623815,5298.29893597601,44,0
1226.53127473998,1322.74273521184,44,0
897.824138109005,1882.30659326098,44,0
5408.76387656156,3970.85255240927,55,0
1167.61524801644,5011.23662385552,44,0
3966.51930870468,1234.93348036544,44,0
3923.23740535914,694.187036676708,44,0
1084.27757249771,2447.58562257943,44,0
4691.77199406712,1438.01005667233,55,0
5799.73680257306,4263.42545905665,55,0
4946.20731648971,946.794271477077,55,0
2023.68742025308,5181.03648358681,44,0
3849.19571085487,5055.14517190468,44,0
4837.75435164631,4670.48089407805,55,0
1555.14330056125,1536.98635297005,44,0
3948.34201250164,1140.11070484715,44,0
5216.32599680639,1632.6798110529,55,0
5257.52563699979,3753.39438870049,44,0
4493.94878965187,1913.53784960444,44,0
4856.63719872135,4448.03186815054,44,0
649.626937694975,4164.07453179634,44,0
4028.17892973663,1305.97560846325,44,0
4056.20682341269,5066.51126232898,55,0
3481.09371037793,5573.02228205645,44,0
603.243622462525,3517.67585355744,44,0
4234.74567823275,1590.09098943119,44,0
5541.80085227081,2601.30695252117,55,0
3190.81715242042,5318.05952510254,44,0
4909.34815219765,4582.36745111642,55,0
4337.513133471,5154.86849570377,55,0
5334.86734822173,2256.32001611194,55,0
5736.34701852391,2166.30220546644,55,0
614.679716317106,2634.6322499169,44,0
2140.95351457572,1036.10282471852,44,0
4195.00824769755,5897.01939192391,44,1
982.938394694871,2030.81388534008,44,0
4855.61445397439,2461.42735060133,55,0
5737.05291772879,3592.34208126222,55,0
5115.56184458437,1574.33022859194,55,0
4419.88090523771,4945.09400160507,55,0
3009.15414825356,5597.94220302118,55,0
5207.11953560477,2069.72590772191,44,0
5155.57204404196,5289.03801698137,55,1
5122.96048720051,3667.98668587914,44,0
3356.60783391094,270.927096686704,55,1
4021.9499440205,531.332516675133,55,0
5201.69294484825,2971.85276472471,44,0
4734.48548377491,4969.3672933702,55,0
724.51006331567,2890.25795913902,44,0
4668.70398536492,1325.31450310059,55,0
355.371248015426,2373.97889726465,44,1
2097.67690036585,5237.94163272388,44,0
4217.77930164722,4950.89025276377,55,0
1018.54486317118,2517.23958016154,44,0
1731.14355149151,4525.71215515105,44,0
5988.82859383303,3572.46471378074,55,0
514.650372407448,3578.40599195509,44,0
5319.92385048765,4861.52486372414,44,0
5290.35301529214,3983.68151399389,55,0
3215.11587967192,5978.47436146958,55,0
630.153563218685,2729.47934932587,44,0
4701.2638806038,4834.6833477354,55,0
5111.8949389628,1141.30452490524,55,0
2200.36555410731,5801.3925065644,55,0
5292.12176033317,3466.04480068992,44,0
3383.72441355064,4856.93057086897,44,0
611.737184105371,2229.03212912284,55,0
5462.19413373667,3635.57338924426,55,0
1865.82552204775,4681.42450158986,44,0
490.614457465829,3031.61070042102,44,0
3021.88436873587,5472.43919842995,55,0
4885.64062072331,4138.57364747508,44,0
2054.91398641512,5638.21436273309,55,0
4191.69001564106,1143.27778262781,55,0
5013.54134281437,4564.74516983698,44,0
4810.29558059922,1994.58418708922,44,0
835.913603496395,3690.79244837241,44,0
2837.82674630639,745.92711130699,44,0
1068.07309796689,1358.05411726106,55,0
5504.31705481311,2702.19787618187,44,0
5891.38658069388,2919.31030504711,55,0
790.639869671541,4286.65165232492,44,0
5655.28404550223,3983.80742424353,55,0
2292.05431276636,512.470675573552,55,0
4951.04989463861,4965.63253938426,55,0
4518.85788716322,642.024885415136,55,0
3536.75059340156,1018.88131988125,44,0
832.445633421015,1673.03374018137,55,0
1799.38683627006,5328.91887142798,55,0
2623.82701644258,5357.46432701738,44,0
2521.15783438858,525.551847452257,55,0
981.501841331726,1837.57261845112,44,0
1653.45979788245,1182.79017377508,44,0
4588.11044269782,1416.24053425639,44,0
3718.64844832211,680.065620931135,44,0
640.072820004569,1999.43600701268,44,0
5366.77955516423,1468.25151844735,55,0
831.199695890392,3046.68094455734,44,0
4648.78385204618,902.040762392569,55,0
935.013026584289,2848.73200659659,44,0
3459.56616196514,822.247924455751,55,0
5314.98889054225,4684.10445185508,55,0
1571.74066260035,4609.51643664591,44,0
4143.13022925278,720.689602576578,55,0
656.885417417004,3345.12034586391,44,0
5343.36961661992,2433.63375163295,55,0
1560.0812229011,1813.59985785315,55,0
4022.98105174818,5192.52291973124,55,0
1555.3970094172,1174.72170961098,44,0
2871.35746754309,1025.91231569652,44,0
814.640245305548,4482.1437443899,44,0
4130.77773035279,5164.11034910847,55,0
2855.24347878686,5122.36541114833,44,0
5380.83262475531,2969.42919928864,44,0
4594.33798990748,1696.98731202656,55,0
3383.51942968243,5530.0149756804,55,0
1301.28199189628,3542.07911336201,44,0
4527.15417547519,5244.02331466543,55,0
3424.66553568467,5751.04553481542,55,0
5412.16190702045,1795.72425178738,55,0
3528.25824947654,5806.63366383885,55,0
5204.74206684113,2877.15227808876,44,0
4882.29450223763,4352.31628553649,44,0
913.301361021236,4501.7187954219,44,0
846.72260068746,4920.2987087933,55,1
2676.06832946795,994.860122782943,44,0
1378.70861031577,1221.53709777929,55,0
5686.64909316072,4206.24794839139,55,0
1707.81563897684,5671.6824555959,55,1
5485.05142172819,4296.76907715413,55,0
849.088237781774,4023.3142174611,44,0
5680.40127290954,3017.73889044058,55,0
4000.68360728778,5367.17263268057,55,0
5505.45692444038,3111.5549837481,44,0
1000.82162089564,3470.61261003791,44,0
3400.00200254611,691.785901254707,55,0
1599.05914325483,4705.47979544972,44,0
1914.78584699595,1328.7221784723,44,0
836.273652109433,2539.74726751925,44,0
3071.5335223669,1071.38716227488,44,0
4591.54838157841,1921.3483036586,44,0
5628.93988193909,3394.64517224616,55,0
626.370688793426,2858.26330652902,44,0
5447.490696292,4891.72150985608,55,0
2075.21133284074,586.800648445441,55,0
5440.91624795708,3284.88036467834,44,0
3362.55053855275,476.178257898598,55,0
564.61095529792,4325.56726069552,44,0
1951.71116323046,5036.49469823999,55,0
4120.98754396823,1645.65287672782,44,0
5408.40105307488,2753.73308717345,55,0
1853.5575856745,899.372272743434,55,0
2242.1285714018,5506.40818396839,44,0
4143.30416564326,4856.68219316121,44,0
1463.41988421036,5161.47464314547,55,0
4187.26361198599,5366.34791560979,55,0
5006.51228902031,5375.78326783781,55,0
1439.78137293978,1816.07360048218,55,0
4126.92453231997,5691.41358348167,55,0
1597.75850539152,1449.39667983992,44,0
1057.74330170296,2200.65318094726,44,0
3119.00295573179,5632.71976313713,55,0
3515.99534942393,5680.21954288408,55,0
936.236096540864,2586.09997146127,55,0
3252.80167726275,512.231332064645,55,0
5932.64284924305,3330.24333339052,55,0
4022.99878076816,5618.22313130606,55,0
978.61779238345,4854.78088053531,55,0
4545.20454065852,4030.09328049345,44,0
5492.12025234016,2924.24597251498,55,0
5004.47907077133,2194.74066628533,55,0
891.662514169209,2935.32618858668,44,0
2264.38728448445,1429.52967073479,44,0
710.120614548364,2671.10013047212,44,0
4861.55606464106,5183.80487852307,55,0
2254.79592337806,4994.431217383,44,0
1827.2099645279,4504.86073394006,44,0
4226.79853728083,626.843772054928,55,0
2019.76183968034,4735.19552014245,44,0
4975.83874795412,2086.49739511397,55,0
4243.90036781868,1245.39502362457,55,0
5072.79560353779,3480.56186265866,44,0
3218.11384188033,1172.47128543222,44,0
1582.63444646478,5378.8133714803,55,0
5000.32033162433,3055.9055849025,44,0
2467.46600203187,6005.58041267268,44,1
5033.60699696632,3228.92139035374,44,0
2760.51031855522,5414.13978623731,44,0
2634.0727335396,5538.98587055146,44,0
1723.11068909832,4851.73501714546,44,0
369.038020834012,3770.07420597165,44,0
3634.48577960769,605.230752109034,55,0
5249.46271685198,1516.77316925964,55,0
5853.96162870002,2506.76395389721,55,0
3171.94766758575,874.952846648772,55,0
1753.31913046969,745.778559221865,55,0
3019.19189267732,694.396690822339,55,0
4896.98546468013,3844.6694233315,44,0
1034.38102983976,5173.46960890115,44,1
4750.0392895061,4432.71409856897,55,0
1543.461544085,1350.96685047991,44,0
3871.69911809896,5923.07288222903,55,0
1883.17072281417,655.062884005228,55,0
5390.69442490315,4461.02797748812,55,0
4939.32223543279,2656.4804788613,44,0
4648.93056355121,4390.17715410519,44,0
3531.97969840488,619.665624899037,44,0
3114.38274875261,650.228422827213,44,0
4098.39594524891,4953.24188865261,55,0
1321.1953449443,4789.46543759371,55,0
5098.15370230693,3392.36720285534,44,0
3533.37074844894,5919.99641660724,44,0
5618.36763530364,3117.30788385558,55,0
5841.23254154411,2677.53836587153,55,0
5334.87218641001,1590.20459930136,55,0
994.565285553126,3135.99852602824,55,0
4416.4752117948,911.549452485511,55,0
5168.19198153103,1243.55048738311,55,0
1308.33435175781,4004.15876676723,44,0
250.544104984294,3403.74655833384,44,1
5008.55636104893,4814.65145923416,55,0
2995.82353500734,467.420597668431,55,0
5287.28998831798,4499.29359035461,44,0
5509.29762319153,3421.33100250892,55,0
1650.09630205724,4789.15722795863,44,0
3571.67761185784,830.547303775136,55,0
5803.67911517049,3004.21407807307,55,0
2561.54032209879,5014.32627003439,44,0
1181.53628749716,1914.97056393317,44,0
4889.22004281524,2169.93018568546,55,0
4034.39960424032,690.692294391749,55,0
4669.88628300467,1205.313277381,55,0
1706.37713732558,5450.40295985794,55,0
1702.01882794534,1485.06986887172,55,0
580.995612889739,4496.82762529694,44,1
4416.61594657776,5572.62820367561,55,0
1735.71161817653,973.972283889811,44,0
4725.95408275062,2047.99144448576,44,0
4907.47569005278,5070.88993091072,55,0
2051.64435485384,5074.35864807777,44,0
5123.20709163196,5171.43787344059,55,0
3827.95894683872,5523.26411374135,55,0
4166.68076568889,1440.73390246736,55,0
5365.78611052045,5063.36462169102,55,1
439.322413876061,2729.20099977011,44,0
3587.22119150583,6021.28324455379,55,1
864.526273161436,1563.17996555202,55,0
985.882324176931,4625.01741471442,55,0
703.868925655262,2344.09472226729,55,0
1750.74590127302,5136.90886934572,55,0
2735.88019840046,916.466061244662,44,0
2334.43179543444,1342.2883039246,55,0
2360.29220679264,5641.54202582204,55,0
3801.50745128387,5413.5308338615,44,0
4492.64539791913,4367.83104090326,55,0
4169.69617359638,5053.43132585593,55,0
1876.4915925197,4966.39455005195,44,0
1952.51397444363,1108.11651979332,55,0
588.055986675519,3148.71729560299,44,0
5536.83504683838,3819.42737663889,44,0
5268.15642433281,4276.85075084144,55,0
1797.24242079391,4908.44965451408,44,0
444.003570140253,2844.63205545217,44,0
434.507458703718,4207.96003318387,44,1
2808.60184070791,5886.36493428077,55,0
3946.92339260598,5706.25618411748,55,0
3500.03339333999,718.614864637996,44,0
276.577292071944,3201.7632954927,55,1
3825.57063334507,739.460019152738,55,0
4733.07741173912,5489.20423611104,55,0
5181.83437238704,3461.5894186538,55,0
2087.55509659599,5758.86114530168,55,0
5255.93318793982,2514.8918715437,55,0
3140.59935030251,5888.82219703845,44,0
2483.49607317836,5787.53381213631,44,0
3734.11178709389,5682.34685494919,55,0
1095.29663251661,4441.46837019667,55,0
694.925058216187,3559.58498387032,44,0
3192.13679533087,5419.88730224351,44,0
2072.22442469407,4488.69150615637,44,0
1935.43998325622,1222.45863883507,55,0
1072.44837594689,1633.37811763083,44,0
5457.08884746251,1566.61936509635,55,0
4533.08265871591,892.172465391987,55,0
852.831444943124,2200.25329742244,55,0
1859.67674398137,1541.57335431443,44,0
579.644569537159,2114.92285206357,55,0
5244.78088506824,4773.40225452899,55,0
4176.83416945777,1334.26434316313,44,0
5405.30697259917,3475.19534924275,55,0
4117.51457733314,4637.95786547805,44,0
1906.3491348018,5376.33128221851,55,0
4025.81976598261,5494.02075859988,55,0
931.389141528128,3558.82360065702,44,0
4674.18711010175,1815.68168322853,55,0
4748.31115281359,5207.5077730423,55,0
3537.24511162321,5066.18736266535,44,0
2185.08394632137,769.748381519664,55,0
2008.26538965704,1308.87358665356,44,0
4479.36313238116,4744.10399946273,55,0
3391.21934674003,5642.51966373006,44,0
4891.71718104923,2796.99492008201,44,0
961.391442478201,2226.28921426745,44,0
4673.27843246159,4294.90153636718,44,0
1945.50759481273,982.754629866438,55,0
3216.27427392452,5678.77086963048,44,0
4123.15182216033,1245.15975427703,55,0
2899.50176880172,1123.23243728084,44,0
3471.88337083261,5469.89575311456,44,0
5269.11885149911,4392.35325304604,55,0
3127.00260578578,978.538498194732,44,0
794.096155866217,2958.42680465249,44,0
726.943702175591,2191.87630030576,55,0
4797.08785453555,3361.53246449151,55,0
5246.25940369849,5060.5557573223,55,0
3129.57768759632,5508.69094577739,55,0
3421.50732384923,363.3041068344,44,0
5601.88164616188,3235.86830387651,55,0
3561.13271516187,1485.55462211174,44,0
3915.52602533251,5449.40569740151,55,0
1205.92567659839,1810.2752559427,55,0
313.438234230972,3480.82875622361,44,0
4196.86514088037,4590.44139668825,44,0
4860.88560478966,859.856410774733,55,0
5248.47388837126,3546.4256021179,44,0
5288.77891368776,2821.4761421145,44,0
532.444083074267,3228.5811916658,44,0
1174.98559002619,1598.12837283445,55,0
1326.07304108238,4372.01760147768,55,0
2740.38944917862,5745.35394320284,55,0
2521.72367168202,5346.19068970602,55,0
5230.02417687619,3648.02171805845,55,0
4486.28195724261,4236.01003240552,44,0
2165.75270954845,5661.03286279578,55,0
4511.21606027296,5364.14621882095,55,0
980.778379900003,2379.37302641796,55,0
5389.11205587611,2866.38397900335,55,0
3220.96180161421,974.057188205057,44,0
4604.96349051994,2077.42645065304,44,0
1435.48138773828,1332.67361906089,55,0
1493.77284201307,1607.98691614357,44,0
2650.38331223034,5258.53169999024,44,0
700.053163621144,3856.89742580442,44,0
4532.94104821398,4910.57021553795,55,0
3601.61165839416,943.795995524461,44,0
3245.2348294408,5854.39166076111,55,0
2366.21402888336,5753.38942364103,44,0
1401.00978376762,1431.57338402642,44,0
1074.9290741079,2720.23303149556,44,0
4627.32440215974,5194.02271377175,55,0
2202.53197250256,4828.45399080661,44,0
3496.68109332937,927.772413097044,44,0
1087.48924718243,1502.28124221284,55,0
5110.68411099365,1698.56476347119,55,0
3916.0966939284,5143.16963326564,55,0
2408.04710720469,5367.54485241625,55,0
3436.09223033547,573.98826354212,55,0
4368.99935340718,1323.96050654291,44,0
2519.85087945412,1089.82233993804,44,0
4606.63788357613,4705.10817129269,44,0
4510.5241618588,4540.58918636776,44,0
985.611905900601,1561.12923207949,55,0
3963.27117821831,796.74857154647,55,0
1885.47962213795,1823.28452544301,44,0
5158.15661244566,3755.27498811117,44,0
434.728805626726,2633.63150787881,44,0
838.160097919943,3598.89535027699,44,0
3925.47355057744,590.21845166991,44,0
1352.44682158572,1522.23639909858,55,0
1297.41121771564,2041.85116643537,44,0
2560.65481855816,816.677323270223,55,0
5213.30594293097,2250.93289858442,55,0
4389.0317538529,4664.99369526532,55,0
4739.07639737614,1544.27444962345,55,0
3842.72024137663,5648.00798313786,55,0
4194.34047517797,1698.94402524593,44,0
1392.10277373972,1637.08468323879,55,0
5739.37088856573,2892.4936277064,55,0
1828.78439012061,1364.98700200092,44,0
5690.06079617266,1795.01456024447,55,0
3746.35584326656,567.209451278479,55,0
4272.21696473051,1369.89031776596,55,0
4894.68498948458,3948.56253752557,55,0
5937.82688097117,3023.72850444877,55,0
558.206027691173,4104.2441706546,44,0
1109.79850187403,2360.79300680576,44,0
4118.79218324676,1055.78113265681,55,0
1195.79875600559,5304.69219524422,55,1
4202.50178099009,4686.38257332722,44,0
2208.86453693777,5401.39007437501,55,0
1111.01783630962,3837.17211320925,44,0
1819.70949684076,5537.58606993276,44,0
1787.57173269622,5739.69935692427,44,1
2300.76511786644,760.234965597017,55,0
537.013498571611,2784.98514315716,55,0
643.305206525604,2962.31935254056,55,0
2241.65735528672,1082.52251216977,44,0
1279.89382447199,5026.13713284186,55,0
3193.52495960054,5201.16503893159,55,0
3247.35533519169,797.36258358395,44,0
1213.41155220648,2220.17640090091,44,0
2785.45112899768,4958.33947887567,44,0
3644.10091495436,5803.76269752918,55,0
3726.09023483059,5112.86859172492,44,0
1676.18905985558,4622.23142976899,55,0
3754.86396074554,4902.97785449777,44,0
4305.17160158924,5371.7819016095,55,0
993.395644358272,4319.70192886103,55,0
5666.92920601157,2584.35797324589,55,0
3963.63424453546,919.526026646944,55,0
4572.42434695788,5712.70024181561,55,1
5925.51179723751,3702.8411544112,55,0
1504.01846931847,4223.97232645474,44,0
4802.08151557378,4778.00979342445,55,0
2255.57320326114,1212.59416514163,55,0
1537.22511162849,4802.76698713615,55,0
919.890495384189,3215.70790025662,44,0
4725.52324812009,813.328175225624,44,0
1942.43966377248,5255.63643348844,55,0
1838.0288009645,1018.82302155141,55,0
646.583407891729,3240.86604249104,55,0
837.079789353212,2646.97435277982,55,0
4985.60666505347,4145.30282587391,44,0
1477.62877422806,1986.80079149253,44,0
5200.7303389352,2778.62962969443,44,0
5295.10364970734,3032.97008540321,55,0
4291.69816819081,5846.71453629331,55,1
5170.27715454978,2427.93781728605,55,0
780.356553278829,3391.08724771997,55,0
1121.14640987663,2952.70598746256,55,0
2911.60680699743,549.359827612393,55,0
4386.7885257094,1430.48859621177,55,0
1172.06482348022,1424.20607221519,55,0
5564.15947920305,4176.8821106443,55,0
2673.50462080547,508.851052069382,55,0
2623.6806914201,910.393079846732,44,0
3369.73471924565,5307.75342168798,55,0
5449.90101824265,3749.91335278334,55,0
5068.44193028755,3791.50175152425,44,0
4974.15105722508,3522.07528806956,55,0
3664.46412213907,479.129629759638,55,0
1131.57794439127,2269.36752605375,44,0
2089.18786206012,4877.99214310888,44,0
5293.11219929703,2718.25099428608,55,0
3667.9324361855,349.930306019481,55,0
4780.87317913178,2135.83650139845,55,0
1438.79704785298,1009.82764828482,55,0
3443.96731867659,1012.11704468638,44,0
5021.06578928496,2306.09421877741,55,0
1657.15008615218,806.588786269867,55,0
5739.60607925702,3119.09026513421,55,0
3587.2184902604,5371.24683151058,55,0
3630.17548211004,1059.84044943266,55,0
4909.06471501117,2282.43546210441,55,0
4276.42614523931,5721.50276354852,55,0
5974.44276685908,2829.58544777231,55,0
2428.00847294407,955.853822756179,44,0
5312.86183436053,5154.7013615163,44,1
4794.25353664658,2245.49584474175,55,0
2829.45561625156,933.011460800669,44,0
4235.99303190461,4793.18963776747,55,0
3642.1237256605,4829.33224317142,44,0
2930.73173480452,5526.66858150799,44,0
3157.0126245937,5774.71370295381,55,0
4487.968551076,4634.30046043891,44,0
4708.67529543851,4198.39756159938,55,0
2014.6158589513,4574.47729219812,44,0
3310.84237144594,5730.57112586222,55,0
1847.30498236378,1138.76610207779,55,0
691.392567887336,3458.47642757362,44,0
5392.09338756352,3103.18742529982,55,0
3478.67575710716,456.908270015875,55,0
3515.49432122596,1285.67294486023,44,0
441.557928942086,4102.305296151,55,1
1640.58857927764,1361.49704749082,44,0
3926.64165619205,1638.15079380758,44,0
2679.97470736288,831.354518349072,44,0
1256.66945768792,3310.09368052605,44,0
314.571446440451,3316.12165434908,55,0
698.631771482867,3132.02187934154,55,0
3659.41653445987,4937.94420709677,55,0
4866.85281646566,2071.05814034198,44,0
3071.58672327939,898.577723819102,44,0
2674.74481939115,5644.18308419271,55,0
955.754384637159,3846.34313968093,55,0
4185.64924506288,949.851807246888,55,0
753.031047863242,4379.11422679791,44,0
5530.21173798821,3951.46870726857,55,0
2267.8838297004,4893.78938256345,44,0
1575.71365945126,2045.86374916846,55,0
335.475910341389,2466.68781369721,44,1
4782.35507493305,4111.28805789214,55,0
832.109694679575,1790.24279380069,55,0
3656.89059496767,1166.72181844045,44,0
1186.68771671784,2035.14005283957,55,0
4788.31222764846,5078.89629212691,55,0
1102.67050926721,4337.01316325404,44,0
3464.38926191551,1368.35263853234,44,0
1456.34026049155,1517.24753001566,44,0
4074.40997236044,823.161493272502,55,0
4027.86290336748,1601.26975492749,55,0
2269.63883532669,635.92930091456,55,0
4047.81890666825,1158.07052890061,55,0
1093.39228130975,1841.29455971929,55,0
3811.92912115936,5151.30113212275,44,0
4323.6572170051,4872.64633872977,55,0
2150.62792908074,881.303638054004,55,0
4555.11416198748,1823.55540443944,55,0
2609.77859939949,606.344738099364,55,0
2480.53113404663,5131.76748598914,44,0
3092.21134871751,5198.19617478887,44,0
5052.16012264365,1804.91811941752,55,0
5950.08479573491,3463.44454438443,55,0
2430.33452897164,761.125399199023,55,0
2510.23349577009,5897.438322966,55,0
1637.32019957958,962.420127988087,44,0
3459.34538476039,1108.12670666047,44,0
2933.63297643914,933.758664079493,55,0
3935.11451738823,5264.1620971263,55,0
3453.93191941602,5227.64400482853,55,0
3034.64316060299,5121.64690952279,44,0
2336.6891446601,1616.98623368906,44,0
4151.61346313865,1827.69637069857,44,0
4744.55028113934,3557.3651762087,55,0
3983.76270041315,4938.27067787071,55,0
2341.21272978485,5058.25452009915,44,0
4125.53323986475,4751.08855649382,55,0
3758.33666378774,5806.7759511199,55,0
2601.11175797617,1047.48926046385,44,0
3643.77806180844,4728.56826492959,44,0
1145.0202245307,1719.10086066103,44,0
3324.65608273521,5949.96271202053,44,0
4628.82803349495,3958.21790450328,55,0
1560.89651061466,873.893776460852,55,0
2839.31506676639,333.543540409642,55,0
4796.21865290938,4541.75610916064,55,0
2229.64821614562,5291.07152437997,44,0
5344.86985567112,3689.54096862127,55,0
4272.11741837922,1487.01177611948,55,0
4863.47420800598,1896.55491777362,55,0
744.75985176146,2474.33451872389,55,0
3294.47792288998,6068.88280875883,44,1
2094.35138367128,5433.20839461459,55,0
3344.17921319429,5191.16260450527,55,0
4106.45086784671,5941.59926419278,44,1
3171.00488386001,4919.08218267509,55,0
746.56965116346,3638.58878686,44,0
2848.96035762973,5254.39009606191,44,0
2933.32717867602,1255.90560261366,44,0
5180.42249086522,2681.21919120957,55,0
470.583179370775,2387.52788883419,55,0
4633.18834190387,4914.99954278791,44,0
3285.26514597479,692.343878555826,55,0
942.814744215302,3033.79835750845,55,0
3534.99591428985,5165.81887580096,44,0
3348.20360959287,807.614631311253,55,0
2417.16926912884,5247.55171132435,55,0
1267.75508570831,2793.03579003467,55,0
4932.42987600134,1982.67266645308,55,0
4971.59411368087,2475.25375426771,55,0
950.570915178596,4970.7993016151,44,0
5002.54598791192,3943.29431024384,44,0
4376.36056739554,4769.9143868371,44,0
3945.83949335334,1531.45636564828,55,0
3808.41324571305,6019.0662304881,44,1
2154.14544955154,5043.58720421115,44,0
1963.05754480815,4663.26649031972,44,0
4188.80478157284,829.351880679266,55,0
4716.2775662448,3817.88848724702,55,0
4252.5732512671,1785.28605744506,55,0
2317.89298225612,1510.99626084391,44,0
4746.39302495442,2439.83969479332,44,0
4582.10916653587,4316.40222879021,44,0
3566.33219235254,1375.62201263138,55,0
2875.54988539793,6076.9485245086,44,1
1103.44518168131,3483.07566814451,44,0
5098.81382185555,2897.72472422044,55,0
2934.09915248471,5191.72520075156,55,0
1594.20889843167,1669.0216150128,55,0
4826.9756522526,4221.30023788959,55,0
2814.79374579707,636.659266446058,55,0
1201.45243099398,4378.87233957632,55,0
5109.5468331476,3288.00132690654,44,0
916.331197552107,2471.62215834329,55,0
1780.94068348204,5019.53292119786,55,0
4819.12976624627,3647.48735583763,55,0
746.025340055334,3760.533425179,55,0
2363.28274560291,1238.87076222321,44,0
1205.56941656958,2332.75943224028,44,0
2526.9957013164,696.794927064458,55,0
2696.80799844014,5865.14983128303,55,0
5103.27334288415,3016.05899065599,55,0
2112.68100457134,1328.69787867828,55,0
1169.78270033375,4161.70753259232,44,0
4776.74874882739,4322.97332926783,55,0
4816.22695078544,2355.7142254313,55,0
2871.71770255259,4902.93667306743,44,0
1211.04223924432,4061.28284555805,55,0
1015.3258531248,4740.10330218679,55,0
483.318200410031,3793.4678431916,55,0
1429.1790258526,4289.25475493633,44,0
5746.38916207657,3799.94349545461,55,0
2352.69678169679,874.071400814483,55,0
2079.2829623221,711.629267140921,55,0
2432.80536151069,1308.67055566275,44,0
2162.73350013053,1135.20239426224,44,0
3956.07558306405,5834.62589898793,55,0
4536.84678450304,1614.64165789701,44,0
3830.14238392998,4779.45246775464,44,0
2868.15183794883,843.143147264864,44,0
2566.03252650317,6029.32936522918,44,1
1211.38335747012,3852.02469148691,44,0
1142.31359134661,3302.53390277441,55,0
1490.27285068912,1712.91136579294,55,0
4301.44742773069,945.457247778931,55,0
792.595739439682,3503.69987226734,55,0
694.281105541016,4475.31874806092,55,0
5061.97618081235,2677.02173239649,55,0
1374.34891256944,4682.04520624269,55,0
4208.51933823169,4487.43987283658,55,0
2069.44446762204,5874.26954005601,44,1
2771.67986577665,5066.91895070161,55,0
5851.09675173664,2807.18940729859,55,0
1750.5765505288,876.059322525182,44,0
950.266939782802,3659.23388194079,55,0
2587.32631137171,424.463722628623,55,0
442.956047709462,2507.91143012834,55,0
5564.08688801431,3022.36651262311,44,0
611.203122986518,3613.59881220558,44,0
2944.27139080654,259.41266682567,44,1
1911.60683434954,1438.52182051107,55,0
4971.62172070005,2742.89029194746,44,0
3749.70350061688,1174.12330000542,44,0
4470.13911167736,1525.54393677814,55,0
3387.8107270511,916.548599487829,55,0
1036.42661739674,1732.34353589173,55,0
823.563200202983,2845.74151056446,55,0
1355.34111849094,2560.47932590278,44,0
1140.52170285992,2137.49447883858,55,0
3189.66372247288,6093.08970736909,44,1
2742.87169541872,5304.29215313904,55,0
795.552802150564,3202.19086865843,55,0
1792.38409947537,4610.02101542411,55,0
1053.08999355921,2618.06975340229,55,0
2670.63614242685,5441.3200916157,44,0
2007.65450108154,4832.38706517303,44,0
2950.42435265208,5082.37864130555,44,0
4936.5763205825,3629.47138088343,55,0
2845.69009202291,1215.59749995341,44,0
1165.62725744255,2660.09802163711,55,0
962.471868329095,4004.95891227808,55,0
2442.70947584852,5033.16501103128,55,0
1828.41098050422,1257.62026420814,55,0
774.768984965713,4111.1118655659,55,0
3477.14310543571,5351.61172976447,55,0
1401.84683912001,2477.48436520369,44,0
825.059445952621,2388.06639442533,55,0
3844.68341130519,4876.52694251151,44,0
2182.86152194393,545.530301528043,55,0
3117.23603634893,4816.7618706883,44,0
4435.22342071977,4461.53909916231,55,0
2534.6980830973,5223.72351473559,55,0
875.17392949624,1994.59308023662,55,0
837.333663005998,3843.00793767849,55,0
4296.12183926592,1670.87152655905,55,0
5151.29510593283,3200.64778028918,44,0
4971.10544294992,4039.8197613919,55,0
305.015327708043,2680.09335805872,55,1
1281.3602145475,4151.62734411045,55,0
1252.11661991631,2584.13516335783,55,0
1240.15019213008,3616.29393037612,44,0
2533.15546121149,1246.51296097272,55,0
1383.6724115941,2003.51292921209,44,0
6018.54920510775,2936.02797939988,55,0
4601.40332631928,786.336546659834,55,0
1425.07677008094,2276.56852563432,44,0
1162.79260513336,2763.1080166155,44,0
1904.60399455709,4864.63926699056,55,0
2645.57473897342,1252.49388502277,55,0
1249.98303420017,2136.3154682885,44,0
3839.42099134679,1677.05142114674,44,0
4365.29623295155,1755.95891814085,55,0
977.408807229568,5082.88488983234,55,1
3622.07031600724,5489.92971939168,55,0
855.247059427753,3299.31347567362,55,0
3444.3202608877,5114.39767856124,44,0
890.33561016751,2752.69991659674,55,0
1662.62201869546,5064.77768318808,55,0
2968.23154009354,1060.8830753154,44,0
3635.93594673412,5051.63648887256,55,0
660.249941451276,3692.2167999322,44,0
4931.36808170532,3738.30159220553,55,0
3549.22329760198,4761.72152398869,55,0
3819.97211839826,1358.09575099183,44,0
1179.0333005429,3765.36289842335,44,0
2771.56486575104,5186.66148790204,55,0
1990.09649017047,1526.01734426047,55,0
5510.12252679286,2811.81843196565,55,0
3368.14821884486,1073.22300560925,44,0
3993.78972649871,1400.85304301957,44,0
4304.38145220657,4581.47676854521,55,0
1817.06776023984,4792.43325674162,55,0
1407.43199828232,4864.32714821048,55,0
3263.14793868687,5109.04224358151,55,0
4087.16920125749,1761.14039129278,55,0
2972.69957254285,4986.44873388801,44,0
2345.02680597522,5518.59783713837,55,0
4702.55211140839,4038.20960906552,44,0
3699.16591483089,5400.29856003104,55,0
3222.01415114361,1370.42612079531,55,0
2531.28286977412,960.07695580904,55,0
2792.20061386805,4858.4608626294,44,0
3026.04061023363,983.498421173427,44,0
2041.80302725565,476.36982920784,44,1
2137.30073615895,5543.2769859624,55,0
4510.35013318545,5026.21425563505,55,0
2377.10102884546,4846.17797816661,44,0
3196.81268755285,404.169001061806,55,0
2789.04499423162,511.636585418345,55,0
1180.28060343496,2438.21305197058,44,0
3894.55743375464,1424.42772421589,55,0
2102.01465773152,1505.36550932885,55,0
5066.43228702638,4456.1096407951,55,0
4842.68917229314,2712.9099236325,55,0
578.967027644662,2337.21245600755,55,0
4693.261234924,1948.12316905526,55,0
1314.99416274256,3234.23233350633,44,0
3995.25808650825,1716.50066103832,44,0
1386.44483201088,4192.22608542572,55,0
749.934926104494,4575.74780550538,55,0
1539.60864211888,4307.23616584099,44,0
5039.15155562868,3605.84571343298,44,0
2689.53230662848,1360.26858712485,55,0
2699.12230778501,4855.68758794132,44,0
4486.10739688701,1739.64104234173,55,0
2459.39055766165,5575.46627489687,55,0
893.739576910129,4280.75417180345,44,0
2447.72640525711,1164.54329882752,55,0
2222.76382521173,971.099780046454,55,0
1974.53996167839,5832.08044912938,44,1
2265.40726659746,5948.06911786952,44,1
1736.85715236318,1385.7704693117,44,0
1081.29020711628,2045.8299971817,44,0
5289.07709601547,3162.30449895766,55,0
4351.30979370228,1565.21122127778,55,0
1065.20868069719,3048.03678614407,55,0
1197.92311927051,2862.33206929848,44,0
2957.03827562869,5716.42615458749,55,0
1375.75220317257,4080.46892150536,55,0
3740.97817169194,1064.45154469842,55,0
3140.73317415081,4723.94192216546,44,-1
3116.35348063,1171.82114724585,55,0
1524.15454921123,1907.01577900218,44,0
2349.81569932488,4952.09103179622,55,0
4704.35662831471,3658.52917082062,55,0
1923.48720650631,4753.46619004138,44,0
4896.23727627049,2562.73413358823,55,0
2244.14245202647,5105.15391017143,55,0
4669.25681459314,2248.55886190408,55,0
725.221391103927,4691.45518278725,55,0
3485.21968488418,4856.25510115692,55,0
4117.30178117517,4534.49092478958,44,0
2167.54304885431,1422.41840642343,44,0
781.568612792935,2739.664615054,44,0
1149.90858341819,3117.09559011866,44,0
2570.61598659986,5719.95635995961,55,0
4074.15474554001,943.366124852129,55,0
2994.98644310371,843.091725562644,44,0
1281.97711392573,3914.58232032457,44,0
4440.20909930382,1839.59822912368,44,0
2170.29984006966,4936.82396914738,55,0
2725.46828604054,1464.4035264994,44,0
2900.68897937876,5962.53810499363,55,0
1300.50276928966,4476.00536454629,44,0
4397.99632338181,5824.92515596747,44,1
2299.33732292396,5205.0483607746,55,0
669.002479857666,3953.9601569385,44,0
3457.52854017545,1208.85782321886,44,0
2922.43071975368,5415.42966337822,55,0
2588.47418116238,1159.83115975837,44,0
4672.2666899059,2141.29742655455,44,0
4295.82877944899,1971.88168748734,44,0
4858.17449555267,3540.79991716979,55,0
261.547914244246,3089.08686347967,55,1
1766.46694241992,1586.73839791189,55,0
3639.9069315726,5183.42920844246,55,0
3616.52584890497,1267.40953207421,55,0
4433.20559734354,1639.32020291446,55,0
4093.25192902583,5292.4627254788,55,0
2165.49306857472,5912.70956680799,44,1
1814.1212352399,4401.82820657481,55,0
3357.99601419038,4955.38086861948,44,0
1641.00237159173,1070.23514181266,55,0
3150.10673757891,5093.90448437838,55,0
1425.43050476855,3985.33912684836,44,0
4002.15763195559,5950.28168743503,55,1
4055.53651805504,1483.59728822661,55,0
1183.67170648168,4277.25431419495,44,0
3085.32926379917,6092.57666960742,44,1
3929.89666678024,4610.17130853945,44,0
1316.70263769942,2257.27745089167,55,0
376.222320313821,3048.25143158399,55,0
4006.20678475663,1045.08541803174,55,0
4347.46985971368,4137.84701815621,44,-1
4600.4356092867,4596.48082533261,55,0
3887.5538819957,1014.63126667886,55,0
1838.66615948523,1909.4862435602,44,0
1410.93884479037,1914.04280638262,44,0
2789.12866626228,1303.4334036204,55,0
1670.46426184804,1771.90372820397,55,0
4972.74339990138,4397.02875772926,44,0
4820.62323188334,3768.46693734533,55,0
1137.57538226843,2538.84806660993,55,0
1206.80372419294,3217.86816133408,44,0
5021.58945477977,3331.11425900016,44,0
5014.35650393307,2580.07395990261,55,0
3092.21715871082,787.224277481663,55,0
1904.16148374147,4580.9443497402,55,0
1573.69730970945,4407.7276103056,55,0
1623.83352078872,1948.11215712077,55,0
1506.29305882039,2339.74064338187,44,0
4685.19325928103,3404.60228120154,44,-1
875.172805590881,4389.52139529721,55,0
3550.95378545063,1154.00764583636,55,0
1617.70154656323,4231.34478030356,55,0
2679.17321286961,1117.42906643128,55,0
2334.48045233052,1010.59695776585,55,0
5132.25190909688,2580.06060418116,55,0
1319.66868541441,3816.31046197096,55,0
345.010411373298,2789.08671405292,55,0
1282.1821887082,2475.62903435687,55,0
1632.5487237381,4528.93937850947,44,0
2571.37674077189,5109.59899882415,44,0
4932.49800045227,5502.25248906478,44,1
3824.15253289173,1247.88415017096,55,0
2023.94216618893,1660.23477817206,55,0
4721.8362199978,2702.11607124805,55,0
3451.37823233033,5008.4085294941,55,0
5089.74380058231,4131.55256936966,55,0
1500.70453000929,3752.89046460468,44,0
4764.04540276794,3457.06068413648,44,0
3933.12295906816,4830.36822260116,55,0
4065.60579637344,1887.90684477696,55,-1
2049.28777943356,1214.43441061745,55,0
3549.51148746838,4957.64827054807,55,0
2740.73948055121,1208.20641327139,44,0
407.197671868802,3538.81764324539,55,0
2234.53536681341,4627.45643982047,55,0
2021.85641743447,1417.32109456539,55,0
1405.04248108616,2375.6581420647,55,0
2418.34344201493,1557.7447176711,55,0
1304.801122838,2884.42801606155,44,0
5198.29869976462,3348.83455115724,55,0
2228.51701505244,4733.59347074438,44,0
2874.31889860459,5012.70317279968,55,0
3179.45553998827,1072.54765956232,55,0
4532.14578417048,2005.93161471951,55,0
1271.65488673003,2685.79742437925,44,0
2647.84477548192,5040.92241367259,44,0
2084.84032101874,4649.51777459834,55,0
2115.56599099949,4771.47082597225,55,0
3392.89085566567,1292.55094345733,55,0
2216.08754096629,1517.89596907607,55,0
2387.77941947069,5143.40458194052,44,0
2918.5117726513,1363.13745044265,55,0
667.084897869275,4058.13184462854,55,0
3296.72286006888,4884.37546084951,44,0
3740.461461543,4807.29087420926,44,0
1002.68079520425,2931.1701935439,55,0
4914.97166318322,3348.28328731065,55,0
4223.1774725685,1898.30505508136,55,0
4320.35282475128,4469.64478064905,55,0
3824.21416835686,4639.62162919406,44,0
1382.18944835582,3905.46853440876,44,0
3118.70997165081,1395.32838078838,55,0
1090.7108778086,3198.57010363263,55,0
867.341989684858,4604.13392788009,55,0
1597.70177468737,4126.19460952156,55,0
1735.66964027459,4717.28945511239,55,0
1349.11363275527,3622.39190776882,44,0
2387.21462358439,1452.00671250866,44,0
547.635275985199,4218.14746133193,55,0
4351.59447147525,2166.93839128716,55,-1
4993.32220506534,2956.03308156034,55,0
906.672854956673,4111.09515228186,55,0
4500.49933667772,4139.76224399273,55,0
4673.83203397107,5679.45749565052,44,1
1458.19082285003,4383.0288241808,55,0
1955.15369251847,1746.40247996551,55,0
4011.42942004641,4747.41261628192,55,0
2337.68337977027,1133.59969055188,55,0
1229.3469464515,2946.43133766825,44,0
3846.16315585591,1130.10009624446,55,0
4049.81275001676,4450.10078282244,55,-1
4417.02862399381,4058.92525086691,55,-1
2665.31977888335,5149.8964609887,55,0
1879.2217056471,4305.71531188468,55,0
1806.13090653769,1459.56064296795,44,0
396.845163440882,3663.5317473706,55,0
1290.56845305439,4264.55872848312,55,0
2327.1935849445,4696.25001104926,55,0
2602.28912037231,4911.33201044361,55,0
1526.19644335348,4516.04373415418,55,0
525.328732080221,2930.05456506825,55,0
3028.25892578621,4788.05974541785,44,0
2589.55715493487,1599.34625987097,44,0
2771.15460836944,1010.36634212959,44,0
4179.13399257846,4309.06786496565,44,-1
4322.87894503949,2067.10246872757,44,0
2831.06473650055,5494.47843036843,55,0
2971.13348843355,4878.48238428922,55,0
5192.24289788213,3092.68991885085,55,0
1179.07861589163,3953.34967314738,55,0
1100.53753400731,4650.3922124284,55,0
2456.90296910468,4912.96898922667,55,0
4338.35151305798,1871.56969344479,55,0
1605.97350307486,4891.69847284107,55,0
278.558383719482,2883.92245506147,55,1
3277.78453224445,1473.26455220096,55,0
3262.44787563382,4988.7774978653,55,0
466.055063351075,4297.95149582962,44,1
2693.07863953281,4953.02539919015,44,0
4489.3881908176,5781.70854584534,44,1
2737.74035238643,395.177664734825,55,0
4890.06413753438,2903.99560567215,55,0
1458.07104156006,2609.56906160086,55,0
1328.15701522991,4579.14256438431,55,0
4589.27769540471,4213.05549751828,55,0
4838.1082333941,3265.06218117052,55,0
892.249702535593,3932.89328482353,44,0
2235.39681468364,1634.78418619855,55,0
2793.74943551144,1118.18847818101,55,0
1413.74878706368,4492.03001041472,55,0
613.263186950199,3791.37842052848,55,0
1005.26776771218,3280.73664482931,55,0
3720.96283707443,1268.56291730602,44,0
4463.92468309413,3969.88207885781,44,-1
3068.03832503153,5010.34337571339,55,0
2140.40943804085,1678.11576252498,55,0
2224.08061163729,1323.5342091765,55,0
1088.98027339501,2844.81375615364,55,0
2893.38062879828,4798.49269083293,55,0
4601.02915017472,2331.36212487937,44,0
4262.99113151695,4366.87653280219,49,0
1912.81741422672,1636.65167929405,55,0
1781.56778250232,1816.86464138195,55,0
4027.07016322904,4581.1942323676,55,0
541.306037045755,3332.51372585049,55,0
2629.03909912895,4791.84679224996,44,0
1708.4703810613,2030.13815890424,55,0
4986.55678333094,2842.11321084209,55,0
4229.26648776988,2039.07651397801,44,-1
942.397014137382,3374.7929727878,55,0
2522.17472095783,1517.2679590052,55,0
4935.51041595297,3248.34416477232,44,0
1273.08829056165,3139.24876728071,55,0
3020.00100781374,1273.73641652298,44,0
3152.49746981579,1282.286320469,55,0
1933.90263303987,1911.550680417,44,0
1553.49972062661,2155.65949815408,55,0
291.09124454504,3706.67734093202,44,1
4434.1113771173,2076.27278432655,55,0
1542.72641840019,3833.87412237022,44,0
3071.41333597743,4901.67444565787,44,0
1601.41986870361,2328.76908078708,44,0
4647.52814450272,2410.69980194189,44,0
334.999363212696,3907.42856069988,44,1
1358.65166166689,2139.46254714139,55,0
2624.11002379941,1465.067573558,55,0
1797.26858175057,4234.54423212226,55,0
4503.73873223091,2369.049321713,55,-1
3352.12378778472,1181.72533301418,55,0
1086.77952181622,4234.90353224236,55,0
3401.93531402181,1444.84184854955,44,0
3755.02125790418,5010.11250292128,55,0
1734.76847584788,1917.73861991881,55,0
4644.4184225252,3743.40691440494,44,0
2805.82730971129,1411.52946441244,44,0
1574.05322259693,2426.05793081482,55,0
2292.88102295064,4799.05324094751,44,0
296.821425775137,3600.19298366463,55,1
2428.33174101269,1055.92354792077,44,0
2685.8093270073,1563.71948417661,55,0
3655.587705673,4624.29147433605,55,-1
1064.63867665683,3388.4719847561,55,0
2150.72266247651,4552.06544109784,55,0
1482.1077764007,4121.64046627583,55,0
4960.62767842384,3151.62146485785,55,0
4380.6671566342,4357.06183777314,55,0
1272.98260865828,3711.3371853203,55,0
3741.35700265097,4702.42021217458,55,0
4814.94234056069,2990.34243862417,55,0
3800.57209132305,1494.53661538433,55,0
3978.5253324729,1826.90121072696,55,-1
1207.98241999449,4585.32254327419,55,0
1840.83414556708,1722.4989425408,55,0
678.835499346776,4309.28974051461,55,0
2579.59745298214,1355.11181547307,55,0
1386.42306874268,3488.83145372138,44,0
4786.45841776546,2563.60862924521,44,0
3312.69541329603,4787.68886216228,44,0
4412.40169898881,2261.08376177852,55,-1
3020.24708356938,1371.7267603174,44,0
4858.31392888533,3168.93835422928,44,0
1429.30679848971,3821.30528619087,44,0
4273.16855686126,4221.41270820099,44,-1
1039.10804045821,3760.23226787374,55,0
3907.48922200245,4713.78951906094,55,0
4900.1640204799,3039.23541292773,44,0
4521.53907968307,3887.21394756891,55,-1
1061.89799755136,3931.72831004209,55,0
1535.36257363845,4019.90921177883,55,0
2782.29035290513,1539.83371756341,44,0
1392.7782311237,2924.98878729284,44,0
3274.77806293921,1269.08570280835,49,0
1995.72268012535,1843.73541523902,44,0
3680.17159422347,1367.82839027446,55,0
570.888380267671,3901.85343417196,55,0
395.447999944827,2942.10640422152,55,0
2434.04528570831,4660.13495539673,55,0
2972.19999250021,1463.60872308203,55,0
421.526118724603,3254.87175668811,55,0
1296.2553839458,3033.9622122973,55,0
3687.07075400195,1690.37050793738,55,-1
3580.76293695675,1660.79219684299,55,-1
431.879321577261,3391.86720506118,55,0
523.388112128061,3684.28556335456,55,0
4621.43231770903,3857.0555032665,44,0
1189.77510370419,3029.82686696168,44,0
900.050067781618,3472.09809760141,44,0
1505.70617355008,2512.731666098,55,0
1296.28412399044,2375.86104050105,44,0
2359.10124566783,4579.18226095719,55,0
1562.24044556623,3571.18503394929,44,0
3184.36549241402,1577.12154016896,44,0
2608.28593708241,4696.10666436518,44,0
1179.53210301998,3410.19664149235,55,0
3215.76431167028,4817.2241610034,55,0
5091.20378124715,2784.97769296375,55,0
2436.06891515073,4768.6175891379,44,0
3663.16688163911,1484.93136813344,55,0
4710.4353243322,3075.26895332469,55,-1
2860.01185632093,4666.85576326794,44,-1
4667.55996962001,2507.36472949331,55,0
3762.25725008188,1607.00652507412,55,0
1036.68988986991,3580.1885514538,55,0
5078.14777147435,3129.77507829019,55,0
1393.02423185554,3724.14589826673,55,0
4400.44099553914,1965.35161100625,55,0
4524.41311688435,2139.86700471425,55,0
4810.73291629642,3089.45672699588,44,0
971.596376580417,4202.72822903762,55,0
4634.32045454149,3582.29761590537,44,-1
1712.99380113333,4320.6399822954,55,0
1750.07947631987,2209.23108599832,55,0
1387.4053630618,2814.01607069188,55,0
4705.77410741869,2865.38632957562,55,-1
1939.28473144861,2006.39784506594,44,0
4750.8531381872,3175.95720286066,55,0
1121.17247129723,3678.14329277409,55,0
2039.73126730853,4401.314577161,44,0
3552.81290436488,4648.05789333632,44,-1
2480.46549625792,1406.82801498021,55,0
4562.54400138674,2466.64339341192,55,-1
1875.94431101196,2084.84694885778,55,0
1482.0466043177,3662.78702885202,44,0
3003.54879139379,1166.41066277944,55,0
2055.65194965164,1767.96379115943,44,0
1571.58573408271,3921.12433850382,44,0
3331.15119832402,1382.14551600811,44,0
1647.11532321039,2782.85032422967,55,-1
1360.190649791,2648.42123895292,44,0
3053.67791160861,4694.03954046651,44,-1
1610.37488635769,3756.41866047037,55,0
446.073687728337,3905.75643476591,44,0
4703.27142859889,3275.25485319124,55,-1
1967.25032688024,4480.8112894718,55,0
3852.32435567947,4542.30533137237,55,-1
1148.79540681449,3577.36162732713,44,0
779.380615529395,3944.56111391119,55,0
1476.36631312546,3902.73876568105,44,0
4105.0499168952,4367.20144925862,55,-1
2531.18630416819,4823.45596769969,55,0
1810.77363833066,1997.47685375607,44,0
2962.28965450381,4716.93064912502,44,-1
3747.34003796151,4580.68956047486,44,-1
1778.78042136268,2113.82560480531,44,0
1481.52697387732,2872.10945199306,55,0
3457.11736532229,4690.94014494779,55,-1
1715.10430094758,3945.31730314354,55,0
1951.98669117864,4378.07732040738,44,0
2420.33584114887,4481.92167784712,44,-1
1295.83873001497,3442.02211480103,55,0
2209.1862522173,4461.43442823179,44,0
1456.07510257335,2085.34182468676,55,0
2622.98539719838,1699.97536737348,55,-1
3181.19957713496,1480.76539484825,44,0
4561.5521685631,3780.24044206782,55,-1
2694.55514406738,4723.08795295723,44,0
4526.18949911876,2256.0442120174,55,0
3661.59507747058,1594.11473734414,44,0
2769.74464364173,4647.52370122475,44,-1
3466.41507488555,1522.85287956831,55,0
1746.44556061067,4055.47525183182,55,0
1687.86618359696,4433.76929956823,55,0
1372.83174001731,3356.5264746845,55,0
2139.44772538872,4387.43067562364,55,0
2514.08452933069,4716.62221548527,44,0
1211.03590331054,3505.41770395435,44,0
2085.4457965794,1905.95166670896,55,0
3281.48912413542,1602.56411998473,55,-1
2797.09265439679,4749.31380753278,55,0
1711.82020952223,4163.62360888701,55,0
4698.37300199699,2962.67785575825,44,-1
3082.82377804714,1504.25743549517,55,0
380.075048909837,4001.47866291067,55,1
2318.08179465507,1716.93727576732,55,0
1561.12468115527,2600.16071537028,44,0
2015.75205404903,4214.68236690866,55,-1
2470.73579999124,4561.11809637482,44,-1
4697.61945233869,2602.95558240666,44,0
2422.32211473245,1682.06142183009,55,0
2731.1696645005,1673.29714601412,55,-1
3252.68734377617,4705.75280474421,55,-1
1451.74154744629,3566.30287592193,55,0
1710.44622135888,2329.52630946096,44,0
1640.35968728758,4023.15046583082,44,0
2870.00424902,1493.41297893862,55,0
3473.92559264978,1639.24088896507,55,-1
1812.04179338472,4128.47504724922,44,0
1638.5823212611,2236.56478939984,55,0
1904.3367571082,4195.52132639688,55,0
1832.66439522045,3981.96620467895,55,-1
1410.94786969578,3049.38134898281,44,0
1661.29418621466,3598.48853634063,55,-1
3366.98258287162,1533.20501916975,44,0
1682.66607270774,2429.90404437642,44,0
1908.02177561904,2258.17375236479,44,-1
1514.29218411747,2253.2000040788,44,0
1543.83898235882,2792.77434346734,44,0
1816.27101713464,2307.92083910781,55,0
1426.0763757069,3258.55753106796,55,0
1949.90691833173,2170.45607122783,55,-1
4137.70357025629,1965.49453771507,44,-1
1702.73620225028,3685.47842118873,55,-1
2053.37857239064,4306.68701845575,55,0
2535.60690599064,1749.01363875412,44,-1
2363.51588883154,1826.42571570997,55,-1
1519.27018762259,3083.77677359508,44,0
1456.66030150967,3418.78455989744,44,0
1387.62912449968,3157.19476946666,55,0
2566.41048836541,4584.99839236723,55,-1
1606.10894705073,3046.0184662894,55,-1
2218.10149556839,1747.56887234263,44,0
2326.8582191943,4413.91605342982,44,-1
1538.25557920484,2686.33113902621,44,0
3011.94247898925,1629.69628949144,44,-1
2258.63187528128,1834.37803289387,44,0
1849.31042990138,2186.38783990692,44,0
2525.73426764868,1651.97563295223,44,0
1533.84701146184,3275.05201078049,44,0
1785.33898177689,2413.20123703594,44,-1
1995.70366456642,2081.98881693725,44,0
1462.069404881,2738.30219147554,44,0
3382.1183435079,1625.48597520557,44,-1
2911.83825908639,1599.68784098715,55,0
1630.12964648967,2522.47554200136,55,0
3770.86120651646,1746.50973483664,44,-1
1582.63110872389,3659.54376342198,44,0
2457.96420515146,1793.27505871596,44,-1
1903.41832048938,4079.43686442345,55,-1
1637.0083404185,2664.39206600969,55,0
2651.52328684354,4610.61041284536,44,-1
2196.14572100288,1901.87554502124,44,0
1542.35497514967,3477.73536526399,55,0
3099.19898868811,1608.06182050994,44,-1
1747.46221679348,2511.82587175653,55,-1
2162.39249384527,1987.78797107915,44,-1
2149.81323717609,1816.04810106641,55,0
2290.99624639998,4509.7449901563,44,0
2090.51441568618,2066.31177965864,55,-1
1620.41925242214,2955.39325517994,55,-1
3947.16128397763,4488.43241248589,55,-1
1539.18955006248,3367.45498518371,55,0
1496.40824010561,2982.27861801213,55,0
1517.17834610319,3181.99083463072,44,0
1596.51023376028,2859.62008397623,44,0
1721.71572941859,3786.94190626852,55,-1
863.129386725963,1375.64906443189,44,1
1366.41049700705,5492.22382033816,49,1
2827.35316214618,1660.51371877077,44,-1
1661.90629870954,2137.41135507254,44,0
1610.2603075661,3154.39171577841,55,-1
