5765.98699099366,1868.63860327567,44,1
5492.60443354117,1422.3668731186,44,1
5810.87850863883,1952.75747534072,44,1
5142.12008290003,1030.97153337202,44,1
6038.49254094276,3377.01278283304,44,1
5727.1013812395,4551.97301698209,44,1
5055.11697782173,969.739053217282,44,1
5196.72588342064,1346.86031219274,44,0
5551.87140639794,2383.58446932156,44,0
4940.71273974468,1481.54084691412,44,0
5927.59576853235,2243.34290966016,44,1
5133.88735073759,5060.4278001548,44,0
6012.16521782884,2546.07603975066,44,1
2798.11627120009,6019.73522698798,44,0
5219.59977620724,1104.50103220824,44,1
5595.7990291798,4278.29093096447,44,0
4896.17296263913,1156.95537376566,44,0
1112.18417746028,5100.29412107166,44,0
5168.40929091477,4969.04237305136,44,0
5720.96823955433,3489.0361812238,44,0
5737.96929078373,2500.98009301614,44,0
4295.37627143623,1137.0095925819,44,0
4981.14424435697,1328.96133578526,44,0
4654.85667207249,5402.65969237263,44,0
1669.66091837745,667.868492947973,44,1
964.318183942051,1390.40406142195,44,0
5185.74178751475,4863.474372656,44,0
3562.52249911271,519.873058527675,44,0
5871.13743431369,4185.56615974975,44,1
3857.57193654857,5783.54562466239,44,0
4410.54847536734,5387.39736933135,44,0
5788.37445071905,2413.58938907417,44,0
5485.01819876085,4409.99181035306,44,0
5089.97365345897,4634.85437578591,44,0
5938.18732232236,2731.90377082138,44,0
4212.945690404,514.373817285684,44,0
5074.70764508344,1908.7353616929,44,0
6064.31126092732,3470.94079041496,44,1
6014.79410654322,3777.86417283938,44,1
638.266724813875,4575.29707425789,44,1
2606.6646345375,5933.04313361099,44,0
5781.07514685555,2587.62598290905,44,0
5948.3038350656,3131.11087194364,44,0
5608.07644144611,4726.27870526174,55,1
5691.15016588932,3305.12895854072,44,0
465.944203427937,2088.41731544382,44,1
5893.37667212308,2146.3463604197,44,1
4173.95375280537,5488.83429713204,44,0
6048.90548516156,3281.64698705791,44,1
4586.99031077271,5466.57604889676,44,0
4729.61934151807,710.555838815753,44,1
4806.10781047662,5413.59072691922,44,0
5846.39940463244,3409.29871001717,44,0
2397.323199735,5846.50982955217,44,0
4340.60344032291,1042.65296750631,44,0
1248.64605173804,981.536698652157,44,1
3096.42416119247,444.121392300707,44,0
5094.28928936643,4893.36529857676,44,0
5945.64296165051,3227.12775137672,44,0
2450.99322571613,5687.84077775185,44,0
5713.74067649566,3214.29254578296,44,0
929.963754307568,1748.70513760589,44,0
6034.99899900024,3670.54442323861,44,1
5261.51841611168,4940.44444647036,44,0
3571.7734272628,5589.58040621208,44,0
3053.95989151572,5833.13198559897,44,0
832.554264215663,4718.17570992373,44,0
5269.52190902644,1409.87666349175,44,0
5307.95197812932,2067.63457919261,44,0
4392.9622346405,1127.33755281637,44,0
4212.75706060406,5259.20576029349,44,0
4910.25031301337,1054.44221642701,44,0
5527.23199798306,4622.87789572216,44,0
1427.90564513759,853.267838523259,55,1
2455.26999454785,610.333864534437,44,0
4313.95985386649,5596.66302849053,44,0
4487.4798933743,785.656857287211,44,0
1490.5413308761,4938.37577509235,44,0
1884.95525878689,5734.73004934605,44,0
4835.28961522283,5302.11418843371,44,0
5085.99013699127,2088.38193697816,44,0
5716.72286163121,3900.40845461071,44,0
5457.40256060935,2427.44259112798,44,0
5408.23543197844,1669.16211122551,44,0
5513.81788828532,3532.18700479095,55,0
4915.96305373577,4748.44037331186,44,0
1597.35093561956,5488.37242439869,44,0
3009.90206158036,5256.9808311653,44,0
1247.32684364453,5204.59064589484,44,0
5329.87270900291,3886.17897261035,44,0
5918.14570396136,2592.5096963232,44,0
5647.36540429429,4482.95836109507,44,0
4987.32891929548,1193.39299063531,44,0
3753.14974091444,417.016114201608,44,0
5804.11423212151,3707.18420464417,44,0
5297.85148287393,1796.25383273163,44,0
1987.99534642586,5436.7390830153,44,0
5618.44030350044,3496.89419722483,44,0
2134.28691311296,5325.46080695356,44,0
2293.65480546842,5845.03978734592,44,0
6051.16214807261,2750.74442164562,44,1
4815.57200035457,1032.53871583033,44,0
5362.33443357567,4953.90634422368,44,0
940.721606185195,1653.30927617269,44,0
4120.38516397874,483.125671659771,44,0
4901.07083289933,1395.99165025246,44,0
5188.70785721627,4475.06969494118,44,0
4948.73339963874,4486.82925802188,44,0
2894.62673567129,5623.05059354532,44,0
5044.8491487974,1466.50139758283,44,0
528.094026565355,2683.11387859608,44,0
680.452948723285,1912.87565445185,44,0
4532.02044774943,5135.63598904634,44,0
2705.37672249871,627.057446638274,44,0
3622.26128465481,5686.63381207622,44,0
3636.80391157688,5920.73297243024,44,0
5800.11542411972,2316.44108934025,44,0
1334.33564597386,1040.28117846793,44,0
1455.13746687646,1130.90091315407,44,0
4096.81941765767,5420.29920239934,44,0
3426.2903853363,5902.24252916174,44,0
4901.84917521172,5399.84778461433,44,0
1278.55506506604,1942.17408642652,44,0
5538.99869078337,3320.54091163255,44,0
2459.97285442826,872.598814686789,44,0
1622.2161329463,5270.91067816833,44,0
4381.59780203554,5721.26771409958,44,0
3056.48062302149,5728.6682278937,44,0
5408.07082396536,2529.96186240831,55,0
3007.23498089513,5356.07289971712,44,0
1130.95536996134,1276.0003326127,44,0
547.89221083265,2467.40852356208,44,0
3327.98736441978,588.972041122826,44,0
2312.04857509055,5410.44730427491,44,0
4042.74703324881,5756.29620255765,44,0
4390.5951768481,803.412830557711,44,0
3135.16731992016,300.724600434217,44,0
5235.497048494,5219.49998003404,44,1
1089.58083089965,1949.31013186034,44,0
4562.27692848805,1223.0261822171,44,0
5061.21074289351,4982.2772511262,44,0
1207.85806174058,5115.13906431556,44,0
1339.26415606545,927.520789807744,55,1
4801.47949877709,1415.47412957515,44,0
5038.25678845602,5263.27338210482,55,0
1357.88346688229,5395.83344646636,44,0
1979.24598887926,750.947767634552,44,0
5374.35475593724,4258.84663644276,44,0
5258.04406218532,1887.99333082179,44,0
2239.63599652492,5504.62562771578,44,0
4073.38895629292,396.072961279259,44,1
6049.60326534146,3177.03287024858,44,1
2373.92570565506,660.599690343311,44,0
4613.72006387016,5010.12949201486,44,0
1646.36687973272,1575.85595445122,44,0
5411.50089741593,1351.35184579125,55,1
4698.92453486925,1652.8644313646,44,0
5820.85474156078,3896.39242268119,44,0
3922.89259221076,5570.87183446662,44,0
2769.91032262001,826.311723768353,44,0
4422.78807072853,704.194866171434,44,0
1916.24045700968,5513.39001337156,44,0
4271.00620239644,5497.84296219362,44,0
5742.97942552505,3395.99725816106,44,0
713.676737060039,1622.54017398839,55,1
2908.42333505329,666.284961751099,44,0
5755.17320736458,4452.59680397209,55,1
5504.43495452762,1698.91839421835,44,0
5687.23979390256,2382.41248534374,44,0
1987.48043286758,642.926689907902,44,0
5046.54507691742,2003.06332464525,44,0
5443.25371666792,4561.0626678588,44,0
3095.67490482787,5399.68637136791,44,0
5436.58821059362,4677.6562719525,55,0
2260.62314762619,5604.10013033582,44,0
6016.78420655675,2651.9525598978,55,1
5311.01241917635,1699.54910479518,44,0
5194.40854559666,4174.37437506011,44,0
5910.4371412271,3971.13912545257,55,0
5413.430411262,2020.14339507857,55,0
5303.9188045201,4169.60099298042,55,0
4783.90556251473,1306.98285636844,55,0
4295.81742772327,831.676385924808,44,0
5779.76952735936,3993.93475981708,55,0
4306.89714683065,5261.82243247816,44,0
4362.78902278791,5471.00633796192,44,0
2022.39973763274,5176.82486095206,44,0
5181.77308771601,4681.41770945763,44,0
4351.14372605156,1226.39866510553,44,0
1504.55848485137,1254.10484809191,44,0
5614.254528695,4082.2222363889,44,0
3186.28592502801,5314.70246678927,44,0
1325.29559644907,1318.85545189005,44,0
1240.04783246771,1517.53690985189,44,0
1522.22294059489,5248.8751431373,44,0
3926.42956860875,484.181805441574,44,0
3108.46942598978,5988.80672097051,44,0
5405.72030330975,3370.39361828947,44,0
1062.25489663077,4131.224176265,44,0
5350.95032808264,3794.05567419408,44,0
1099.17739399922,4814.55829882247,44,0
1190.72587616957,4485.63920785845,44,0
4795.95989474054,1630.49324039417,44,0
5972.62984029548,2448.84916543512,55,1
5550.94173805478,1498.92452151135,44,1
4444.5815885956,5166.95274490693,44,0
5282.36010645788,1186.47606082197,55,1
5651.53907610154,1686.40319730436,55,1
2188.1582776041,5200.42943814942,44,0
5127.52123770394,4548.6878820337,44,0
754.767684929817,1523.08457839321,44,1
4322.63194355205,4983.56353548878,44,0
3575.99549815007,411.539417274242,44,0
1283.10441026451,1609.0208606916,44,0
3357.79359114699,5074.09142654159,44,0
4411.26714181861,4565.22184688072,44,0
1066.3087183828,5014.27001365859,44,0
5526.39042519871,1982.14417713926,44,0
5614.23856127642,3884.40612481904,44,0
3592.87776496722,717.098579424148,44,0
5153.44145013678,1450.86950113171,55,0
4272.61130434858,5066.06516625667,44,0
640.432955949298,2000.90951302255,44,0
4892.67460809879,3450.9392110805,44,0
5823.67150452432,4368.76175446999,44,1
1496.53511751453,776.759981190278,44,1
3757.45425108816,829.619380539726,44,0
4442.63618999614,4843.05282245843,44,0
1354.02177921781,5191.24343116215,44,0
5387.13218361222,3205.52867747025,44,0
1941.41555530696,547.766576027958,44,1
4252.51429324796,736.845153041316,44,0
5829.26751956594,2224.37407286276,44,0
1606.35313391841,1266.35109778486,44,0
4231.34724541216,5154.23359513659,44,0
727.401210746048,1736.75667933943,44,0
3832.59043278827,625.656541801104,44,0
2269.69193210911,5707.50765509676,44,0
1766.82030621172,627.228998201242,55,1
4754.61075850777,5602.81092703035,44,1
968.145704756399,1278.4438437253,55,1
5598.36215516904,2052.38584103727,44,0
5612.33965634177,3601.27793048298,55,0
2248.74632408509,862.92351480565,44,0
5841.45430787667,2055.76793014162,55,1
3350.62713282412,5836.06568087068,44,0
1207.70293455249,4817.04385054948,44,0
5975.95699287266,3876.26483876946,55,1
4599.07887883854,1112.85879353754,55,0
5633.40322798503,3788.8018966118,44,0
3754.77235291285,5316.63249643801,44,0
5264.56285939261,1982.20916295528,44,0
981.843756042602,1839.07782271904,44,0
908.606622693723,3754.64249208692,44,0
4467.76198807947,5676.8290140188,44,0
5122.41345671809,3668.11072025698,44,0
5214.48304372917,1741.13584308038,44,0
1439.60295526163,1814.35762516845,55,0
5155.84765085129,1979.5932533141,55,0
5849.67701572279,3618.28197130728,44,0
4436.72261014732,1030.86771636318,44,0
3013.51264977676,5941.64410134415,55,0
4648.22443488058,5567.73366284773,55,0
4678.77492955888,5089.32781281007,44,0
5498.85009973449,4069.09896130583,55,0
3767.54540523078,314.312816423973,44,1
1700.92340233307,1661.60997588723,44,0
3272.79784289193,890.8243618496,44,0
5378.04624583644,2146.96635544707,55,0
2029.42888072828,5527.7252129069,44,0
3887.58839787848,4968.18742744251,44,0
5609.65397001417,1890.57404029347,55,0
1323.66900973971,1848.04819987318,55,0
3302.30972103248,5601.46533435298,44,0
4815.59831715549,763.831368884956,44,1
4883.75086441272,1695.47652066807,44,0
1420.74970679801,5266.44825568894,44,0
2596.52883967365,5828.80456876533,44,0
3653.21579273156,5293.49157713059,44,0
6062.59195200904,3056.25522973321,55,1
4836.74238035344,5542.76835088478,44,1
5260.71815019822,2154.32636542218,44,0
3901.43640175274,1309.74470767625,44,0
3139.32975436708,5889.33448489219,44,0
5518.27076110237,4800.61190207784,55,0
733.841241384599,1832.9945507957,44,0
1261.8101038017,4696.50832961359,44,0
2336.64921204053,395.208676994503,55,1
1166.58322382372,5011.75786653416,44,0
4788.00757449939,1186.5817384212,55,0
4946.51169317546,1790.77190938089,44,0
486.624342941001,2196.03925627669,55,0
2319.1088868322,5308.92710752925,44,0
5489.70700658995,3199.67172236866,44,0
5345.1912977492,4582.92786651271,44,0
5380.36053628254,4355.02015759002,44,0
2733.09140902143,728.262508942618,44,0
4646.93193932242,4391.62799812496,44,0
5146.43488420325,4264.9604163314,55,0
507.860411476818,3481.99444727951,44,0
5516.86355915166,2503.09083578112,44,0
3276.2930812093,5372.89270550419,44,0
1105.25200838201,4542.56545660893,44,0
2049.35552751325,5073.8800984623,44,0
5243.63730259823,4774.04371435502,55,0
284.142064803271,2987.28426625858,44,1
3826.50232151685,5252.39143925317,44,0
5187.68444610989,3859.76556402326,55,0
1854.37139612503,5090.81750103285,44,0
4401.02371684625,5066.38389073492,55,0
402.355103114449,2278.2262872707,55,1
5165.23420747743,1841.38044074396,55,0
1010.97577028804,4518.78890288198,44,0
688.644487611162,2087.53601814185,44,0
3461.3915411081,265.262421123011,44,1
2459.65140817429,5457.91230127634,44,0
1073.48460492735,1190.66718463304,44,1
4797.49237681296,4886.51879489482,44,0
1687.84339562996,5340.69564741706,44,0
4488.93472544397,1113.0610435831,44,0
4887.49674076928,4139.34511097372,44,0
1441.97117038685,4585.74384417919,44,0
3923.3898427681,693.52242331749,44,0
4763.33502900636,1863.38941818552,44,0
3406.03059614764,6041.12220947277,55,1
4847.01400371243,1795.04383957737,44,0
369.191358876096,3769.75604538501,44,0
3953.83291163492,5042.99614263675,44,0
4859.73199404093,4047.99711007522,44,0
5207.77932817935,2066.90620206593,44,0
4966.37072181065,5169.92819448352,44,0
1483.77501346815,5038.25971098314,44,0
3009.47663116873,579.45773538231,44,0
5305.7562702595,1302.19144922949,55,0
338.298688291636,2569.57296667023,55,1
1821.28728194629,5538.79754977161,44,0
1819.63536989838,5641.3757928048,44,0
4623.52313850275,5303.27800706116,44,0
4633.90382725311,1585.72067743208,44,0
4482.98423690041,5475.51451305009,55,0
5373.54245690853,4078.13243474099,55,0
5701.16406614711,1948.15270978684,44,0
5695.19156293148,2275.76581109819,55,0
5086.59910130177,3899.07124904963,44,0
1185.51661224928,1060.31034757186,55,1
5057.40207251668,1256.39921681286,44,0
5489.02811229281,1881.62523600652,55,0
754.011723560929,2005.0314094009,55,0
2335.62325194232,1346.83080218698,55,0
1597.53187921007,1453.07235206911,44,0
4731.93385531998,5325.68946605079,55,0
5728.35648921108,2671.69683135049,44,0
618.679352593928,4404.88414743943,44,0
3357.48096929891,271.636013155293,55,1
904.193467670765,2299.5150460272,44,0
3562.11927610623,295.159149370136,55,1
1913.56444960116,1328.94343513977,44,0
2232.91917230995,407.212269477963,44,1
5493.91592817349,2101.9315077547,55,0
4648.98423526392,1012.52094607379,44,0
5851.77406126708,3094.55117830566,44,0
5468.07699891542,2220.9084979935,55,0
2539.67746420634,318.710692999277,44,1
3560.01594864399,5263.62405646859,44,0
4994.1810162838,3423.11827641794,44,0
4575.53690054767,1515.05621288449,44,0
907.214820982901,4777.29774624214,44,0
5798.13920238896,4264.84670907704,55,0
5082.36840073803,1362.64076457764,55,0
892.15392531328,2100.1549113697,44,0
3477.93195048511,5572.16737834209,44,0
4588.20893129353,1414.72078415714,44,0
5593.75999252392,4385.24826846185,55,0
3303.43647928793,378.286130469299,44,0
630.893998113961,2730.49461153498,44,0
4723.67383415803,4633.39582336368,44,0
1184.30087164108,1185.30027147202,55,0
3211.08909607671,5573.51381635857,44,0
791.096785083169,2108.72251733078,44,0
1225.64698099105,1322.76316805209,44,0
5055.20141063683,4336.02436947322,55,0
2556.82928661726,5606.41478839085,44,0
812.755219401409,1444.65267277415,44,1
988.548558700006,1934.78096761379,44,0
4331.6468839394,670.80411097649,44,0
3153.91266046069,5773.88534373134,55,0
593.625780174985,3425.29299677542,44,0
831.616209117035,3048.28910163216,44,0
4244.52084770469,1046.94286405183,44,0
4089.62043702694,1377.03710610526,44,0
4974.80116009259,3524.87264751877,55,0
1983.85216054226,5728.90721079744,44,0
2446.1591467561,362.459723385406,55,1
1000.61784410882,3464.10413758147,44,0
2883.60176080495,439.991314647851,44,0
936.929746464374,2849.5722717394,44,0
4191.8725421072,5790.60381077712,44,0
621.212447224655,1799.0645809224,55,1
3722.40871727278,5510.76835103695,44,0
2789.64708721353,5623.48152084481,55,0
640.468339064209,2427.77656665684,44,0
4043.32823886791,4851.27640173185,44,0
1532.16557957231,1076.59559871167,44,0
4139.61398012985,4861.30025388897,44,0
5629.9407912027,2474.57001716538,55,0
1280.09427594677,4906.60423152826,55,0
1380.84437367562,5081.18907291232,55,0
3306.98031722342,997.871635889188,44,0
1071.63113611284,4036.64427681267,44,0
3829.45239773039,492.159887391018,44,0
1069.08008296439,4913.77310193221,44,0
483.98702630313,3126.02576661677,44,0
2724.12784401652,5534.91908147476,44,0
3532.30332007672,5920.59366459487,44,0
4992.9770229666,4676.16170517454,55,0
1962.15245863344,861.816732182483,55,0
3702.50713344896,6017.03791325252,55,1
990.346010929197,2127.34766259861,44,0
1618.97898714289,5170.98486866053,44,0
584.742933347209,3148.6243475781,44,0
489.569168338095,3031.80369447793,44,0
4998.50699430545,1568.43226309094,55,0
1905.19611329407,5373.18924859914,55,0
523.826524695144,2004.00552761858,55,1
1288.99961529392,1134.55461102363,55,0
3762.9215227041,5923.49431392044,44,0
5749.69013854387,4103.6288302374,55,0
5423.26654334398,2329.4632742785,55,0
1580.41599669131,720.333716111758,44,1
564.616794303206,4325.13322720533,44,0
592.614972367151,3051.84477348053,44,0
2194.17769280907,4822.06242252621,44,0
5619.26105249358,2705.67776330617,55,0
2927.2668092244,5303.22156665812,44,0
4732.79155894119,5490.37974787473,55,0
2477.33903060018,5786.38222641693,44,0
3640.04656386821,5804.23250342341,55,0
1978.16845099592,4927.14367164708,44,0
2945.7321655316,361.737297937524,44,0
4930.26497704161,5276.70350042878,44,0
655.901736154167,3345.76637204171,44,0
515.043114488966,3575.6901593616,44,0
1035.08694235298,5173.36089295409,44,1
5266.9141845383,4276.85074790318,55,0
3717.68048701,677.780657780542,44,0
1749.35749012405,1078.22210551413,44,0
838.782219340494,3689.64923255484,44,0
4748.68259454655,4431.83962667858,55,0
5831.21238027155,3196.48967066911,55,0
557.066325998138,1891.74109738674,55,1
4000.00488822682,5370.16160190602,55,0
4314.63254192906,535.409995908224,55,0
1652.14881454313,1183.12131357828,44,0
2551.27865887041,5474.47382196157,44,0
5331.79843841448,3283.66218084729,44,0
1134.89894701108,5205.87265620979,55,0
4670.91698838012,2147.92501834013,44,0
3797.17541162012,5414.16062015991,44,0
3664.27958062441,5593.41674316196,44,0
5406.47482636475,3475.61139632155,55,0
4111.58940059836,5563.76099783148,44,0
4863.6661176449,861.094768662692,55,0
1580.76213784179,4997.62124822111,44,0
5801.08463507339,3002.27804436422,55,0
2807.01345539678,5887.44359353448,55,0
5571.93968339164,2278.21229855031,55,0
2832.59623923279,5354.88486861367,44,0
5438.11697659368,3863.60311512589,55,0
4294.00046026276,4713.71572383027,44,0
5442.0074300751,3283.1243955475,44,0
5029.89279942592,5085.11941995445,55,0
5541.62987553375,4517.73146609606,55,0
2061.39972289193,1084.97218643714,44,0
4677.93847187254,4519.06801389006,55,0
1498.52295477272,1432.66188361876,44,0
1543.46409056413,979.639536046452,44,0
1723.10584616936,5557.54153186236,44,0
5288.5644170957,4497.48694776807,44,0
4994.97139863829,1690.30667782978,55,0
5156.79382145618,2151.33567479249,44,0
5377.68803753908,2970.4487539824,44,0
2644.31227634573,316.708782271587,55,1
5073.08980461205,3484.00934625618,44,0
4109.85367822009,5838.88860880245,44,0
5102.75027354382,2236.13987891076,44,0
3381.48848464039,5530.54651213399,55,0
1558.27810149444,5097.73182489687,44,0
1864.46851421311,4676.93874555001,44,0
1869.08403522009,777.38873828486,55,0
2152.57987703469,1229.12693764797,44,0
4703.2975507106,4726.76281501687,44,0
4492.87161476382,1416.44043895669,44,0
5462.54496571649,3636.27775463485,55,0
5544.72487512088,2605.38828999325,55,0
5202.37193503079,2878.32434026526,44,0
838.636124688862,3597.13642625379,44,0
1854.18486876245,898.673514821174,55,0
4839.60358468444,4978.04054236909,44,0
749.162804998858,3640.0252593921,44,0
1169.44101249604,4911.84332655182,44,0
1381.79286995499,4970.21839844417,44,0
3039.6158874982,356.820102465459,44,0
3199.18741269576,617.87017578167,44,0
1439.99830308591,4757.19016362742,44,0
1389.6394785266,1641.70414914308,55,0
4634.54751021257,663.481240090953,55,1
5461.78454531674,3023.84641076666,44,0
5413.10493872046,2642.69420619892,55,0
4187.29731575795,5365.04158330769,55,0
5177.16593432471,3966.14787874476,44,0
2925.68263266532,767.313087288258,44,0
1933.84772438583,5145.4072575677,44,0
4754.68371548382,947.035837030606,55,0
2630.13519791663,5540.11032084124,44,0
2850.25763064027,5122.86593351378,44,0
613.639198512026,2634.83796336499,44,0
704.419608874706,2799.45956538284,44,0
5268.68758469282,2618.38591175082,44,0
3456.35407262674,820.438953881355,55,0
5833.75857330017,3514.69569708095,55,0
5200.70649961979,2974.41674637088,44,0
973.897521301033,2684.37826350238,44,0
3214.69209925091,5978.41754991583,55,0
3468.87632103157,5469.98267602229,44,0
983.500248057048,4426.91210940332,44,0
5614.35667087489,2917.9357370697,55,0
4842.60734535856,1498.69072570973,44,0
4899.30896980913,1264.61553724839,55,0
5140.18916316834,3565.20654068403,55,0
648.436195184951,4162.22580385632,44,0
5305.78913675382,3373.37659223781,44,0
3865.02643091915,5347.14544045936,44,0
5563.03842032402,3703.96396460987,55,0
5158.37362940177,4381.50224139568,44,0
4414.68346434283,5274.64334650247,55,0
2056.41061488472,819.393728097402,44,0
5449.57919084062,3747.48752967131,55,0
5345.14061556345,2434.74019863246,55,0
3176.89381470832,719.585369893608,44,0
5908.71915614556,2348.41367295437,55,0
2164.90362079938,656.46917756137,44,0
1068.30861293376,1358.59944288789,55,0
789.108986854618,4823.21238020314,55,1
523.837987887723,2585.61453809827,44,0
5367.38609683157,1469.518810699,55,0
4569.29948359077,4460.63245755286,55,0
5158.33387831948,3754.8383859991,44,0
4951.74005425074,4967.02851133499,55,0
980.317273531603,2378.10859598451,55,0
1462.14634169683,5159.5495472171,55,0
5013.49148437549,1081.94976498305,55,0
4116.61756634175,598.268162181582,55,0
4465.71957374534,1326.69446271937,44,0
4561.4708938672,1323.256662006,44,0
4581.57427705552,4809.14920973405,55,0
1733.72197680208,974.61623850434,44,0
2675.42722837698,999.119841593285,44,0
5118.90187417685,1575.68706136945,55,0
438.90490519644,2729.36621719738,44,0
1960.29205614849,4654.67249428946,44,0
4592.54147393759,1920.7901032814,44,0
4668.56360465763,1205.47998197604,55,0
4889.96596703604,1594.58028118372,44,0
725.869557539923,2891.53424049236,44,0
3532.71018598081,5166.67743238012,44,0
3243.03763144821,283.79303170996,55,1
1205.04657549576,2335.975722118,44,0
3854.16319211744,374.97823599768,55,0
5565.87162181794,1784.23229441352,55,0
5031.65907629253,3228.88521884655,44,0
5931.68722943995,3330.94870263086,55,0
5731.12810690031,2776.03748756987,55,0
1733.05590334377,5245.83423176358,44,0
3668.71705939616,869.748996230366,44,0
5314.83179212222,4685.3329388192,55,0
5015.19826438154,4564.34569869142,44,0
791.18836086064,4288.28835437552,44,0
5392.04985972749,4460.98512101288,55,0
2847.71136293122,5768.73012585315,55,0
4909.52363083228,4581.23057053817,55,0
980.529667379274,2031.2690450898,44,0
911.897619353554,1470.92885275263,44,0
4855.22052007652,4448.70291062246,44,0
4235.73900529512,1591.21440928395,44,0
5487.58002869162,4297.44043473466,55,0
3043.63874133755,252.565002599321,44,1
5288.28571824998,2925.83768246013,44,0
4371.22290885712,1323.67015543538,44,0
5169.33409475089,1242.20440753801,55,0
5391.29981735192,4782.56851466591,55,0
4837.52184154342,4668.83824254149,55,0
2623.73797063386,5354.74506195359,44,0
2894.57161177983,1125.00220599147,44,0
912.410106600104,4502.01800572458,44,0
4698.08755319081,4834.58123949938,55,0
5689.61185618571,3696.6896723769,55,0
557.960081694527,4103.23399850722,44,0
4534.89914061432,5594.65485504691,55,0
1793.55241741574,4908.25154545501,44,0
814.791905775904,4479.8548299954,44,0
3189.00573076046,5417.7844854747,44,0
5640.83024165771,4613.00340755619,55,0
846.220438026888,4024.62864422415,44,0
1036.45568547755,2291.85439017064,44,0
5490.62300468472,2921.91899625505,55,0
4907.24188153078,5071.79298573832,55,0
2139.1986242309,439.240156474451,44,1
1686.7620146018,4953.68663722259,44,0
5537.75944472054,3816.22690795536,44,0
5389.52040209852,3103.55060860708,55,0
5318.17586548514,4861.71095376529,44,0
5410.49371819505,3970.08452539826,55,0
1927.75088351775,5626.75981890823,55,0
4724.78413617956,812.048102646692,44,0
1813.62541784974,5436.16018336076,44,0
1164.91710618304,4732.93757967899,44,0
4417.10456096402,5573.72756528525,55,0
1357.13946323552,1739.65493585272,44,0
5687.94343673439,4205.71700986315,55,0
2942.2866884655,5841.84309959747,55,0
5448.5640001652,4891.9903921499,55,0
1582.23615194261,5379.24436046043,55,0
3268.16369006221,5270.46310025289,44,0
3569.5225941047,828.552472336003,55,0
5412.52351628034,1794.96576394057,55,0
5873.10410192792,3804.14965690715,55,0
579.769833807943,2114.23252009008,55,0
2027.14965234093,5328.69227239601,55,0
2117.71643059628,5135.51931283094,44,0
3114.81096371583,5633.22368954987,55,0
5245.37725911771,5061.84103581171,55,0
661.456915104645,3692.38483743934,44,0
4543.62075908864,1011.03546761752,55,0
743.204211015547,3292.59510539362,44,0
5806.64771282609,3309.94815269051,55,0
3365.7399060166,1074.68517952899,44,0
4477.01018224068,4743.7616866018,55,0
4130.29294574106,5169.59178587856,55,0
4648.86723637944,899.897371710048,55,0
2058.9267328018,4973.41869846821,44,0
5334.80201385712,2253.31688799094,55,0
4167.6024186273,5058.72495162076,55,0
4021.83180064897,531.816485921598,55,0
5570.57209446582,1602.90129195677,55,0
2227.9746674016,5288.0850798245,44,0
5236.48668893648,3253.65759931225,44,0
1203.14776878897,3848.77630876003,44,0
2693.52315952836,5866.52059542889,55,0
935.836820326662,2585.65496606128,55,0
734.016626350561,4212.69048408467,44,0
3588.95303273084,6024.58657761243,55,1
4885.82728905732,2802.02423305965,44,0
1486.97888958561,4667.0435251593,44,0
4740.5181903611,1543.97922338405,55,0
5334.84940086999,1592.34911329215,55,0
1433.60764795466,1331.69299554418,55,0
5504.26462718592,3107.64978756553,44,0
1837.14381081321,5208.24380078443,55,0
1400.55572943168,1432.99270075063,44,0
800.718205029891,1912.35815943571,44,0
4675.30243795009,1814.03405406717,55,0
4176.34837056285,1333.42084152815,44,0
2371.22070390089,5960.3697233285,55,1
5602.16657375527,3237.05441979633,55,0
5196.9958687534,2781.40086830063,44,0
4097.98275941368,4958.74015509409,55,0
1317.38636185492,4790.96817479466,55,0
4532.25875368181,4913.90809057437,55,0
4786.34770223383,5081.88291752718,55,0
1149.73677920474,3113.40748766361,44,0
1208.38364423453,1809.3152190003,55,0
5040.78364958351,3609.57581922855,44,0
3420.97807626993,361.731428665781,44,0
2260.67101710511,4889.34275592235,44,0
896.009466661366,1883.27949527799,44,0
5367.45412492759,1916.34087260875,55,0
2006.51648394136,1309.49355193137,44,0
5737.41487260857,2166.78011387109,55,0
4900.8376679178,4855.49865335642,55,0
3598.27098511274,941.671780679801,44,0
1180.36476551177,1917.33980742546,44,0
5234.18283654146,4589.13197247901,55,0
5078.97045388386,2492.69215184609,44,0
701.811813940655,3855.97049195272,44,0
1309.08634238196,3535.20153603194,44,0
745.234818052709,2583.25471081944,44,0
5219.24015343693,4073.77977986655,55,0
3869.79162130524,5923.6589748657,55,0
3968.03676179243,1234.23213802407,44,0
644.434753098783,2533.13870359855,55,0
1953.61065315052,5035.51603696415,55,0
834.50637213497,4197.30028725501,44,0
5172.02045175409,2429.03542474612,55,0
1753.45127524676,747.524204441548,55,0
1823.12435327107,4504.63314572392,44,0
3808.0022249295,5154.86313925273,44,0
4245.16143664611,1246.30948399598,55,0
1558.69408594077,1815.2701355586,55,0
924.689132313678,3216.64784479269,44,0
627.562871461971,2858.09367131886,44,0
5097.82423998528,3393.03533799006,44,0
2406.75798224569,505.312877432785,55,0
2691.28994302695,5999.88587318255,55,0
5623.02073066948,2813.01312591768,44,0
4415.57046282059,4945.21773799815,55,0
2669.57877281698,517.797298880366,55,0
2646.31808074314,5254.09777050875,44,0
5212.24956064061,2251.28028792804,55,0
5095.29405460894,4742.41909892151,55,0
5738.54600878499,3590.94588047629,55,0
834.196360068672,2540.66665782219,44,0
4701.76786613649,4041.29014101678,44,0
3945.60075762315,5708.7526667022,55,0
603.29833540715,3519.30746771823,44,0
5006.65764021017,5376.54511438184,55,0
611.932545484522,2226.14711714327,55,0
795.149490393661,2288.45993077773,44,0
5009.50968386962,4816.4445516153,55,0
4969.51926386031,1883.86512989969,44,0
4143.55178290844,718.701961535432,55,0
3672.89035219933,770.756004960736,44,0
3631.62215898723,602.688994508407,55,0
3376.90723296646,4855.21977659297,44,0
4765.47460370657,1735.52906695222,55,0
5066.22834137668,2401.65284471999,44,0
3217.46371649804,973.348019538553,44,0
5263.81595376993,2351.6201533747,55,0
1071.6122864026,1633.34319127894,44,0
355.361087017541,2373.6519241529,44,1
3642.5762202664,4830.42374725316,44,0
1554.34703023409,1537.67334280125,44,0
3793.13135086173,937.629140616323,55,0
5355.76123616058,3578.68509602584,55,0
5871.32911639072,4080.45521738269,55,0
5129.19548218492,2323.989967208,44,0
879.574207453856,3132.61314395491,44,0
4733.00188342947,4969.77443939863,55,0
5989.69794181115,3572.24424658677,55,0
5511.21594000802,3419.5057096066,55,0
3630.53331110024,5053.66766755976,55,0
4122.58458877551,4752.78153642317,55,0
2183.59022653322,545.261330593999,55,0
435.16287070261,4209.2422171153,44,1
1173.62333969644,1427.0155368198,55,0
1311.41318993619,5298.42965363037,55,0
1636.74041583609,961.45437941425,44,0
4021.61178926815,5620.54879554641,55,0
4373.31682863374,4771.13205693898,44,0
3004.65718993977,5598.36296864927,55,0
3817.4232626196,1356.98714348807,44,0
5739.05256880514,2890.18681939371,55,0
5155.9245042836,5288.37705866384,55,1
4147.27777771353,1550.87033627347,44,0
577.358602802646,2339.53530402538,55,0
1718.13707315737,4849.31539911779,44,0
3850.75898312204,1679.32324196424,44,0
5855.5601388523,2503.30073065465,55,0
4693.57628943634,1951.42760800875,55,0
4629.11218447735,5192.470884102,55,0
2927.89916537858,5526.68748625174,44,0
2620.00867283018,916.508130212457,44,0
3890.29183490795,1017.46003569705,55,0
5231.42760988953,3646.56417543848,55,0
1749.70009588926,1176.54270344332,44,0
5606.81750361155,2157.90777022181,55,0
862.028669300052,1564.5202959682,55,0
1799.74510191279,5328.67749404674,55,0
690.423279738536,3459.55502541156,44,0
1959.20892094877,1106.76000216758,55,0
4031.36473593093,691.217250744694,55,0
4217.56395959375,4954.66477988806,55,0
1485.5267778534,5492.14701280488,55,0
1172.12954126453,1597.45075826966,55,0
2335.81069605939,5052.57267006164,44,0
4725.81732639,2048.61145078267,44,0
3168.84792710493,874.315145494284,55,0
3525.34197108802,5806.75007715985,55,0
733.062146343763,3029.43046710065,44,0
5700.82431765203,4329.57780789478,55,0
5345.71963443113,3690.21699310428,55,0
1836.84683264696,1018.97146912392,55,0
4668.91169423623,1322.07470087055,55,0
5888.39577531126,2916.25013347813,55,0
1727.39661302106,4524.43836073351,44,0
1555.77212894893,1175.15001143348,44,0
3497.73469150218,716.141123834788,44,0
4194.24648386091,5896.68132739012,44,1
4777.67092479597,3975.27348359488,55,0
1884.23844292338,1813.33225462902,44,0
2831.95983017683,746.926493531262,44,0
3276.5858928644,1099.31263138119,44,0
1371.3414341172,4680.64100430651,55,0
4810.37049060725,1994.11481585099,44,0
5456.96058472884,1565.56974560157,55,0
4118.04554228782,1054.18801268416,55,0
4717.43805919628,1091.04878655099,55,0
3970.31771834477,378.770514550351,55,1
831.439583676575,1792.80774489158,55,0
5405.95247941782,2755.81031466018,55,0
2779.55425913443,4961.7146433145,44,0
4975.67051140075,2085.71620247379,55,0
2520.95487123662,701.541963916127,55,0
2075.77576995055,588.022143328247,55,0
4825.16896740602,4220.9020672265,55,0
3242.51679703327,5854.73178862952,55,0
701.94563643712,2344.78597167021,55,0
4580.7296428962,4317.14462004709,44,0
2199.38746776648,5802.09757441348,55,0
3344.89110649951,801.190673252609,55,0
1568.08098007379,4605.70670364697,44,0
1109.38451304126,2360.82181596039,44,0
3387.0469327513,5416.53472277161,44,0
2745.52474856914,279.381345985714,44,1
4528.05729707719,5243.47821803509,55,0
2020.63300007159,4575.80855327315,44,0
1094.29618872755,4443.02603673027,55,0
5113.59512813908,1142.05927669744,55,0
1102.40361397006,4336.66025883193,44,0
2521.82599165116,524.615145339009,55,0
3240.9409549093,796.042123499467,44,0
4987.11165680941,4144.59760770362,44,0
4456.11262208285,1215.36690325017,55,0
744.576870615602,2472.38531995013,55,0
1615.78317082588,5598.90990293839,55,1
2165.24107090586,1131.9032282431,44,0
5677.51890901446,3016.11374845219,55,0
949.686463143959,4970.59872443683,55,0
1291.82924755315,1415.84986867557,55,0
441.263758313573,4102.38460613489,55,1
5565.66978781062,4174.61576083831,55,0
4305.52306669497,5372.02123640089,55,0
3753.85674158432,5806.31590440967,55,0
4862.20886253262,1898.07628252983,55,0
4228.21723231533,627.452998427978,55,0
5040.98609426223,4225.55533062582,44,0
978.698509747471,4855.24747330621,55,0
313.366489877656,3480.99736844804,44,0
4188.38923227543,828.410230158337,55,0
3016.06567659897,5473.38598118487,55,0
580.981314365322,4495.63984448049,44,1
5032.53652575139,3703.93152926664,44,0
753.995781241998,4379.75281441755,44,0
2675.32296886223,5644.47641938366,55,0
1707.53323605597,5671.97505916333,55,1
4993.24071106097,3849.10581941087,44,0
5442.86763458017,4177.38955031283,55,0
2057.30034862577,961.141791347394,55,0
5504.27473459061,2702.91719256287,44,0
4201.25433066358,4688.20341267167,44,0
3212.27486726668,5677.46983532262,44,0
3420.81123882569,5750.8364073963,55,0
1579.56296268494,2039.77229158837,55,0
4169.19126081982,1442.26180850876,55,0
5288.2644996772,3162.71046610129,55,0
696.911225275858,3557.4826203614,44,0
4093.54074376944,5292.07712894547,55,0
2908.33289395058,552.64628287351,55,0
856.92384344334,3298.01007707996,55,0
3120.72486596841,981.485748337945,44,0
4746.73292683092,5204.48337352276,55,0
4210.51738096047,5613.95373314681,55,0
5655.35665482342,3986.62951713399,55,0
2568.05241235492,5103.48057750595,44,0
4882.93520823549,4352.55536540767,44,0
4126.43155349156,5692.64746359564,55,0
5249.52248004336,1517.44002919775,55,0
5218.26395874667,1633.44683117122,55,0
989.935480870061,3134.30060233938,55,0
3873.64107243078,860.947956161214,44,0
5843.47686355017,2674.96293354802,55,0
892.179111415867,4280.51315209433,44,0
783.444299433223,3391.01699598992,55,0
4544.30821994075,4030.30496334023,44,0
4190.31915018305,1145.86709401483,55,0
3737.10557002875,5216.98948763035,44,0
3105.36782196706,651.215779732212,44,0
3196.53426969031,403.666445239899,55,0
1543.90496098988,1351.02655852885,44,0
5256.63061548983,2513.99265620793,55,0
1941.91288340526,5255.21269112923,55,0
5070.35702225725,3792.43969746807,44,0
893.372252464001,2934.67421944114,44,0
4021.46493892752,5194.64462285082,55,0
3746.73135029975,4906.85795468355,44,0
4533.55928812767,892.021659710627,55,0
2407.51238992568,5363.02917394779,55,0
3848.0426516541,5056.38850914015,44,0
1057.12894599941,2201.85426907826,44,0
4605.52280968316,2083.26328132473,44,0
4486.64664315588,4637.49887918346,44,0
5530.4869806292,3950.99582738833,55,0
5005.2157581693,2195.12092257958,55,0
4508.34759305615,5026.81718461283,55,0
5293.07733013798,3466.11928810287,44,0
3819.03294859402,1246.24219524668,55,0
836.750361246888,2648.19711761965,55,0
1085.39495022138,1500.31507570198,55,0
831.475166795275,1674.57907563036,55,0
2556.88053097961,5007.10433014071,44,0
4946.20365477905,945.16295946154,55,0
1751.41662549728,876.178346336547,44,0
5688.96268588518,1796.05456960613,55,0
2096.26954014518,5234.54577215806,44,0
557.355504604469,4007.79808880821,44,0
5666.30688114038,2584.50162477929,55,0
2755.25139300728,5415.48511752936,44,0
3510.9617048033,5681.36248710555,55,0
2266.21265045747,635.624467427511,55,0
2286.13126421561,4794.87531231307,44,0
3963.43304839883,920.07174855857,55,0
3459.81788688698,1106.86633530145,44,0
1377.98021080978,1221.93545348578,55,0
1277.25009401906,3909.06863938849,44,0
5022.16299054863,2308.41414813416,55,0
1251.95695900114,1705.86302095199,55,0
4571.8508512214,5713.36894627548,55,1
2600.22332342524,1054.97437970827,44,0
5850.74297259071,2805.12665821674,55,0
2426.47015833181,963.709951432988,44,0
2553.9715525371,822.898701299805,55,0
2139.63678777951,1034.31027417214,44,0
3807.62848159536,6017.90522628349,44,1
2981.3319494507,6065.51620076786,55,1
3187.77117426513,6092.5341885819,44,1
4690.48826217418,1436.13927523489,55,0
1828.01495544876,1363.84703131778,44,0
3531.32800652473,619.707324087949,44,0
4497.3685847495,1912.97004899641,44,0
1490.33020842498,1713.12270780005,55,0
3070.89496062699,1069.15166556421,44,0
4937.92448123608,2380.09867877149,44,0
4889.75443969397,3949.04292727296,55,0
1053.48655442538,2615.73729863401,55,0
4208.82772955235,4488.75175910153,55,0
1169.01137966444,4158.67232144103,44,0
3572.30913661467,1366.56500831826,55,0
2585.23150646977,1164.20923640948,44,0
2926.90492852355,5193.34103973996,55,0
4861.6906995269,5183.26027456741,55,0
3275.85085427368,5484.32444799623,55,0
3126.50161905235,5506.20863396753,55,0
4412.89945564276,589.04552410455,55,0
2244.42265911512,1082.28061742158,44,0
3667.8691276537,350.614539919355,55,0
4125.02611121901,1646.43664329509,44,0
3029.2217860482,5120.3331477626,44,0
1465.36992635117,5364.88557469872,55,0
2782.87342224621,4861.30629692524,44,0
5180.57700665186,2680.59858684505,55,0
698.200649822864,3128.64074881443,55,0
2603.39350135823,615.571915338596,55,0
1278.75981572975,5023.28909656977,55,0
4107.99102438544,5943.80019852781,44,1
4748.37613155945,2439.01067816415,44,0
1102.18726548064,3477.40029991189,44,0
4022.55383131003,5494.51834327246,55,0
2944.004257755,5083.99618372544,44,0
3662.38165630296,478.307944823603,55,0
2359.62996764097,5750.65254465024,44,0
1143.92789268075,1718.14786078991,44,0
1503.87096100329,4218.40547086339,44,0
1936.75885679934,1222.71695020527,55,0
4942.7683493578,4263.88003777621,55,0
434.708958431786,2634.47204704684,44,0
538.197250246267,2786.2169316815,55,0
3071.25311342642,896.866906859262,44,0
5711.69105997004,2053.10353411022,55,0
2531.19603779308,1255.47990215421,55,0
1081.99485214025,2446.68499787301,44,0
1016.68304427554,2518.17149028921,44,0
1599.77916072219,4704.78779158075,44,0
3292.61745524377,6070.45499164404,55,1
4001.22828166242,5951.53916934009,55,1
3933.69237346125,5264.3517581374,55,0
3101.34949938781,547.62401558392,44,0
2784.06989355951,512.569143763531,55,0
2427.08161815575,1064.82219605859,44,0
3489.99751132103,924.599818657044,44,0
4384.5122474187,4666.84962398843,55,0
3826.52326041844,5523.80687911043,55,0
4556.13246963187,1823.88691350685,55,0
1212.3820685696,2220.96099955822,44,0
5259.62551212961,3750.73477830028,44,0
2964.92118043061,4986.4330048929,44,0
3257.34678248479,5107.87814283015,55,0
2792.25344036912,1120.82825614277,55,0
1883.3825850329,654.866307697194,55,0
4806.1125461516,3877.48742315943,44,0
4198.60577966992,4591.24800779673,44,0
2764.13082453022,5189.69689180067,55,0
1326.10493755843,4369.39607018447,55,0
4511.28653132274,5365.64876736635,55,0
4613.73758744603,2338.18995017929,44,0
4056.86719502176,5071.47337719314,55,0
3840.56374142029,5647.69791302426,55,0
3826.58314624433,4785.11227715335,44,0
5248.12514564768,3546.77010107914,44,0
5386.83611207563,2866.42300682929,55,0
646.047925988896,3240.75455020704,55,0
2063.25334074386,1767.76306190375,44,0
941.599421324472,3029.72062152926,55,0
4302.64529405962,943.988526314528,55,0
3636.971227048,4729.53278850421,44,0
2344.63816233,5516.83541549523,55,0
3396.33465889893,689.191222618147,55,0
3092.93219041927,5297.47094647414,44,0
4818.19200455163,2355.67176865151,55,0
1847.54288699143,1139.16253065649,55,0
5292.90161180098,3033.81742127683,55,0
984.190033996135,1560.80089107117,55,0
2264.92537134224,5948.34801412105,44,1
5053.75770250885,1808.30849613487,55,0
382.292050593407,3153.94963931034,44,0
1655.70304918048,808.008341577892,55,0
962.275450622624,2224.46709936164,44,0
6019.4233426137,2936.14530102065,55,0
3927.9043160763,590.735648304618,44,0
2422.24136912106,763.892596835294,55,0
1715.23244530404,1276.24131256875,55,0
2930.35723275618,1259.48858119628,44,0
4028.11469451589,1305.40965452746,44,0
3189.34395579338,5200.68824847024,55,0
3694.07084729331,5401.56254428717,55,0
1179.68718950059,2436.67850026957,44,0
4671.72555758901,4298.08014621727,44,0
3529.93242685152,1015.58530205954,44,0
796.745977071487,2957.42788140599,44,0
4418.85706192173,910.285752651667,55,0
5939.63961165347,3026.41598067842,55,0
2166.1772944504,1419.82814122611,44,0
2902.30916575016,5963.24524844734,55,0
2520.21793644003,5342.02951678029,55,0
2735.11371897179,1465.11536596751,44,0
2994.7220426321,467.224339304278,55,0
1827.56134758065,1254.45540618324,55,0
725.30016626345,2189.91433085585,55,0
4794.99404708865,4541.3062040612,55,0
2316.47460985374,1509.54219476097,44,0
2806.9585553936,636.554715705063,55,0
1646.63512587018,4786.5250171237,44,0
2294.09814097395,512.774847994339,55,0
3282.88474344565,691.258907808118,55,0
3477.69001819742,454.119543415365,55,0
4941.43021764974,2655.74607598519,44,0
440.763010770349,2507.28764226817,55,0
3010.23406667963,695.727719486329,55,0
4380.03897139408,4240.08350457402,55,0
1183.26986440451,4278.20492400653,44,0
3126.54985249272,4726.01663702256,44,-1
998.308149973402,2776.7128352101,44,0
1875.65799571252,4964.70438298787,44,0
1423.48959406675,3979.2018159881,44,0
5285.33317139883,2824.47652199812,44,0
3693.48977664971,968.490096462346,44,0
1703.04593354535,5450.11571997239,55,0
4999.5647038516,3940.95009197326,44,0
1037.7408677172,1733.17072857322,55,0
3734.97013197715,5682.46437883122,55,0
1310.64032330746,3231.80474791689,44,0
1770.88645960096,2113.99510520095,44,0
1988.87319050512,1529.74472864093,55,0
3324.38316861499,5950.25482539601,55,0
4593.85097191613,1701.29919499542,55,0
931.745296385206,3557.73109067237,44,0
4890.39733169796,2169.25051361952,55,0
4151.63960004411,1825.69183346752,44,0
2533.90704193127,5216.09703669905,55,0
2077.47753006366,710.749319858529,55,0
4519.12763302139,642.173433626886,55,0
547.447325163948,4221.9353587452,55,0
4796.61968665499,2248.4298689214,55,0
4628.91674168825,3960.36515639622,55,0
3449.72786349864,5228.89766840017,55,0
5181.52933044899,3462.56334245554,55,0
4967.25663105551,4040.97028388535,55,0
3962.37226477999,794.347781345096,55,0
1376.56448772383,3899.47891187661,44,0
4510.07108942136,4542.62071624409,44,0
3305.36365385374,5730.79296367609,55,0
2429.12109400365,1307.37026625567,44,0
851.893060386822,2198.57176514063,55,0
4486.52464589446,4235.9655817991,44,0
3359.60263449559,477.135374865593,55,0
3436.85315856027,1010.93632907995,44,0
5113.63200481584,1702.48342489748,55,0
2110.24960698437,1324.56387981888,55,0
1749.66817201341,5135.80884351523,55,0
4780.28521370814,4113.42418743392,55,0
3954.76511599991,5835.31083415911,55,0
3824.48198579589,738.628287397372,55,0
1386.51518350014,4189.51320174705,55,0
1456.31435993487,1517.53148706862,44,0
1301.13723254134,3997.55284916739,44,0
3996.40605133627,1400.40298627312,44,0
4196.39782157258,1704.07404924962,44,0
1297.24027894149,4473.49189696119,44,0
2412.59189344847,5240.32636848301,55,0
3085.83745020612,6092.22374521489,44,1
2338.5699144762,1135.791620332,55,0
3998.18066717904,1711.63874496049,55,0
774.28599362433,4111.47799511623,55,0
2053.52431895237,5636.8037251305,55,0
5748.94302775751,3800.9850522473,55,0
2506.9906283707,5895.48099228945,55,0
3914.16851568357,5452.04760783346,55,0
3985.21443627417,4938.7053716624,55,0
3948.82097084549,1138.98669913603,44,0
335.813095993494,2465.76020344645,44,1
4368.85943444112,1758.44528812298,55,0
4864.64293628925,2071.75155095905,44,0
5269.99742152643,4393.82244208274,55,0
4627.1879775647,4111.52851292378,55,0
2475.58552225585,5130.15803017161,44,0
2249.08913430228,4990.74188315749,44,0
5288.46133836178,3982.15006987496,55,0
2630.61411926984,737.678669259693,55,0
5563.39534566273,3020.90512752488,44,0
2587.88559443167,422.552602880834,55,0
2733.79819774639,921.999486665165,44,0
3581.85884732717,5375.36195708981,55,0
1945.33054067712,983.999090437215,55,0
1769.99136768561,1584.84466771053,55,0
1350.91285783677,1526.63404166495,55,0
5313.631636483,5155.52346514783,44,1
1476.64606060914,1986.62502868525,44,0
3252.16454808298,513.8256955533,55,0
5629.13306378361,3392.64760616088,55,0
3651.99021195925,4626.36363770692,55,-1
2255.83265695595,1210.59754700966,55,0
4468.40782967572,1523.25084835962,55,0
5092.37328238065,4123.96837359529,55,0
2237.94630467279,5101.14686895242,55,0
5083.39457531597,4010.0443192564,55,0
531.173906956968,3227.01606962076,44,0
4089.26162623417,1758.59159729236,44,0
2148.40289450231,881.605491017121,55,0
2872.3560450069,1024.00791536529,44,0
3950.98086099212,1524.55232124417,55,0
751.271196820542,4576.64796657034,55,0
5363.94268062469,5062.59036106445,55,1
4934.40493318367,1986.4815873759,55,0
5975.51666932674,2830.31658275929,55,0
4745.55183802458,3565.49793465406,55,0
1540.95052712522,4304.08873944179,44,0
4854.86038627565,2462.9782886192,55,0
1640.07238492408,1363.22004588346,44,0
3479.36476537778,4856.99213944943,55,0
1137.28955763971,2538.22699028952,55,0
2084.80189063699,4870.79584068451,44,0
2846.20475704794,1216.3962348721,44,0
1016.50754577015,4738.70742973046,55,0
3749.86928427493,1169.58486606524,44,0
4435.04748229092,1637.03951137784,55,0
1562.48987036018,869.5227156472,55,0
1864.0137057025,1538.96113783633,44,0
2298.57367761237,759.1254375937,55,0
2843.48559313645,5254.16410242177,44,0
3570.83879458351,1476.05026655157,44,0
4077.61604701374,824.825648972498,55,0
1256.43723599875,3308.44182853511,44,0
5108.92132131294,3286.42337744049,44,0
5020.70945272225,3334.47144493056,44,0
3433.94299786453,572.697493169294,55,0
847.486026123607,4919.2575046371,49,1
4122.65006662809,1245.11505637288,55,0
1422.47340547007,2268.08772211283,44,0
3836.88474881276,4883.14966620636,44,0
2262.2897124484,1426.70930979346,44,0
1103.49753350949,3833.31630235775,44,0
2358.12828387699,5636.94867648332,55,0
1146.30016337967,3299.28766307609,55,0
1629.08948097466,4525.96800806785,44,0
2917.11026342696,5414.9596179082,55,0
993.270331659204,4320.45357760573,55,0
1091.89086007883,1841.39539760297,55,0
1413.4175435494,4867.25315139807,55,0
2736.38000413889,5744.6999851117,55,0
1131.10492956664,2267.96038942799,44,0
668.683797358557,3951.95979162052,44,0
3389.11790393544,5640.94268273682,44,0
5122.51068945337,5171.79477087116,55,0
904.108687181856,4110.87046024907,55,0
826.074411150602,2390.56842673946,55,0
4275.08910431512,5721.81556593062,55,0
1594.22195970866,1663.38864325359,55,0
1920.52478220232,4749.77618972753,44,0
4291.42075579177,5847.57963645897,55,1
4490.03666950091,4370.38490978956,55,0
791.82905772882,3199.20714362437,55,0
4678.69076290783,2250.33903075698,55,0
4712.7905896107,2345.571193364,44,0
471.368894295409,2390.16766233271,55,0
1909.8360243824,1435.43828424919,55,0
1492.36919258497,1609.42218086979,44,0
1427.62211197217,4282.71399494735,44,0
345.705925935879,2787.61753430959,55,0
3088.34149226789,5200.2858248291,44,0
4599.18952016593,4597.91280816896,55,0
3720.99723646709,5117.44794149583,44,0
5950.32794046579,3465.63770220259,55,0
4075.40454363048,941.167208519575,55,0
645.239762829742,2960.71426257369,55,0
1412.95223226391,1914.77540498629,44,0
3636.18750777332,5181.76813133128,55,0
2966.01455577886,1061.78736964,44,0
792.774973987305,3502.15565103669,55,0
2162.42948768416,5659.95087951188,55,0
1699.90026224644,1484.11938115116,55,0
691.663083151674,4477.01420819544,55,0
4388.24024016404,1430.54106205921,55,0
2737.73121578488,394.628733149325,55,0
2207.75361334436,5399.13744190748,55,0
1171.14921089685,3762.37887263443,44,0
4606.57076777928,4707.13247545631,44,0
2164.57754128742,5912.2607725383,44,1
824.643786571992,2845.51989006407,55,0
3340.10028480224,5190.47522807187,55,0
276.70879678116,3205.77026864071,55,1
4231.26840197304,4795.34576124513,55,0
4778.08917030526,2135.73775612073,55,0
4331.06845152804,2085.96862547468,44,0
1625.43606533472,1939.92921307662,55,0
4713.91456672939,2714.71355990387,55,0
444.030162572735,2843.83769251732,44,0
2185.68818565264,768.448571059511,55,0
5615.71623311136,3116.44088200517,55,0
2233.82041523267,4621.44198810524,55,0
2384.09589706722,5137.34179162665,44,0
5924.39779339788,3700.17204311602,55,0
875.214016482322,4387.77560783397,55,0
4050.08494621768,1155.47506223133,55,0
1102.06643879168,4650.19544252013,55,0
3514.69960029219,1277.7776787257,44,0
957.535384677709,3844.74565472724,55,0
4708.72759186726,4202.57582064305,55,0
4115.83392937384,4639.56472728918,44,0
1521.79740714415,1907.76678449839,44,0
2002.34039679503,4824.79821120503,44,0
2467.15700901467,6006.08010863571,44,1
2687.6538518527,4946.05683582987,44,0
483.892250585485,3793.30014747277,55,0
1202.11066613697,4379.55940568662,55,0
2015.35931155524,4729.08138408346,44,0
1250.04904828443,2580.30964418019,55,0
4035.23611505634,1599.4986525362,55,0
2061.21104614896,4485.47213957303,44,0
5291.64988522694,2721.4493451455,55,0
2100.39137463341,1506.06477648486,55,0
525.399381279474,2932.0282719715,55,0
1670.48722719973,4619.50512049504,55,0
5135.00655751839,2580.74227041024,55,0
2864.2489617603,844.711075589709,44,0
4973.66543733962,2474.56357095684,55,0
3656.63457944572,1155.81439279282,44,0
2991.92328943657,841.17613989503,44,0
1190.40301993133,5305.75446170883,55,1
4119.94060055077,4533.60478517,44,0
1536.23371738475,4798.33325996356,55,0
2645.04421231903,5034.80084169261,44,0
1304.32156471218,2882.63183209718,44,0
1242.54083181282,3603.11580611014,44,0
2952.88965610089,5716.51773328166,55,0
2826.06391083999,935.962162536689,44,0
1439.60604890763,1009.78192189928,55,0
5102.40974296815,3018.3302806059,55,0
1814.07199845298,4790.61388299727,55,0
2566.80455258894,5720.87718800182,55,0
4434.98918594379,4463.33757337399,55,0
2564.35905826813,6029.56982495253,44,1
2677.92093451444,838.005206379055,44,0
3649.63716274764,4942.17772230288,55,0
4801.76128660365,4778.93879318392,55,0
4349.83928736835,1565.21627696318,55,0
4187.98521467957,952.790230481406,55,0
4537.1888248365,1613.71283340782,44,0
2355.9212716606,1241.10126333493,44,0
5739.95641295159,3113.2580970934,55,0
4936.68206712024,3634.28213194517,55,0
1249.21069878867,2136.05222973805,44,0
4338.94860831015,5156.60738879082,55,0
4910.10786594074,2281.51718647892,55,0
2148.06113274426,5039.5444035843,44,0
2088.31265012386,4652.27935839636,55,0
2137.65508727446,5541.20752635665,55,0
2645.33704211486,1257.91322927884,55,0
4821.91528729044,3652.69798875709,55,0
950.851433298465,3658.82110275745,55,0
4706.69080398643,3668.59102488546,55,0
2092.96439489711,5431.81191566646,55,0
2456.50151477922,5570.42579576504,55,0
1728.6240557857,4712.8884168953,55,0
2048.97550723992,1212.03392451036,55,0
1804.36101353558,1459.79563200131,44,0
3365.29358586682,5306.06491482945,55,0
4971.47336242564,4398.82215561508,44,0
3924.70783963891,4614.59091205993,44,0
3236.70865152989,1378.93901519341,55,0
2679.99966161807,1120.65141582807,55,0
4270.31338330169,1484.82110915168,55,0
4861.55196415358,3547.25317776682,55,0
5196.45898229539,3349.23633506608,55,0
3893.4178714271,1422.4570161049,55,0
1165.76130535794,2664.01859392738,55,0
3470.72978762814,5351.11616374748,55,0
2929.21574940972,932.542804899705,55,0
4635.78535583069,4915.16304687754,44,0
3107.26381022713,4819.44339044517,44,0
1354.03884011468,2556.9951557155,44,0
1090.11408307039,3198.21648951751,55,0
610.94399049422,3614.6740556239,44,0
5060.31696488083,2680.25966394354,55,0
984.345326970393,4628.12821898376,55,0
1896.46152122549,4574.74908368419,55,0
969.864917915064,4200.09171257855,55,0
837.257667765451,3839.22998555602,55,0
3913.34698762424,5144.1341642981,55,0
2792.19886657249,1308.24817726793,55,0
2740.06153733586,1214.18702843976,44,0
3553.26863297938,1148.59903688346,55,0
1666.20748031391,5064.13019644215,55,0
4295.2805966905,1670.66943747063,55,0
1977.53231455967,5832.21975287711,44,1
3745.10275015591,563.493608488075,55,0
3441.10570379385,5116.86662055962,44,0
3936.09458587381,1631.76374461647,44,0
2086.02874344203,5760.84294323595,55,0
4622.72536500618,3858.11745719179,44,0
4777.01167961892,4324.39889912702,55,0
2693.88683772997,1364.13269733185,55,0
3145.45348944354,5093.1192451129,55,0
3744.16403718178,1061.21164958139,55,0
2668.25748834461,5442.83853088295,44,0
5014.9948603606,2577.87628294884,55,0
3021.07554363232,4789.47123249038,44,0
3087.29575827275,785.409130891382,55,0
2664.53754381131,5145.97324204284,55,0
2838.92649545751,333.427066366946,55,0
4442.02680907342,1840.74950571351,44,0
4055.47018646203,1480.17320682378,55,0
1079.97838060034,2046.98137471614,44,0
1900.54121863069,4857.45859709239,55,0
1843.73532708314,1712.4208393135,55,0
1638.3396305471,1072.28802547054,55,0
2368.31589038673,4840.07819237666,44,0
2343.42635802782,4946.97314808603,55,0
1390.64669930881,2469.86899839597,44,0
2337.80537184784,1602.6193562698,44,0
3378.14337524289,915.559534930002,55,0
1509.74957451232,2329.19614378406,44,0
3543.54271582768,4760.44761813199,55,0
3212.10268976996,1174.13415605186,44,0
3847.95966561756,1130.63760177202,55,0
3626.1858941456,1051.35930625862,55,0
4488.79569221855,5781.0639689607,44,1
3528.55589684383,5066.63245562362,44,0
1163.41761678107,2764.37928420129,44,0
2019.69713287285,1419.69129434912,55,0
3065.15586033861,5013.53353362549,55,0
1381.66596348836,2006.67161496561,44,0
1075.48363831894,2718.73353229347,44,0
3157.04864912533,4924.22075810181,55,0
709.715011521251,2672.15147328011,44,0
303.792001771188,2677.66092410071,55,1
3021.62493009764,984.039565702606,44,0
4984.08171985455,2841.80136791758,55,0
1296.03250938926,2040.51891387069,44,0
1084.11189060009,4234.23771902253,55,0
2524.61052117729,1514.70467557767,55,0
1523.6427825369,4510.74220025521,55,0
4005.70332972122,1042.53848022833,55,0
1604.23858152519,4890.64332895424,55,0
2764.30845502497,5069.50763712662,55,0
4589.88732515679,4215.61029878981,55,0
2941.28768698747,262.020487798263,44,1
2861.54320286329,4907.23313676683,44,0
4303.56734993472,4581.38490393159,55,0
5151.63766823358,3201.38824782885,44,0
2825.80863843185,5494.17555023063,55,0
3391.87135373042,1290.32940950608,55,0
3350.28408902048,4956.7109678523,44,0
978.688105215182,5084.35499560361,55,1
3471.87095734961,1366.2673112995,44,0
1140.24862130918,2139.68757682375,55,0
1124.29732239255,2952.25565990944,55,0
4935.76861317617,3740.85828413684,55,0
1573.28607397925,4402.5767783506,55,0
2354.52856971682,875.987906022974,55,0
4481.79719337909,1742.23879254321,55,0
1605.30053132436,2324.0349629169,44,0
2529.4639617666,966.369686576233,55,0
2873.90393235069,6079.46573537626,44,1
396.718050674761,3661.77095562004,55,0
1784.59364806676,4606.10787927446,55,0
4916.89724898667,3350.06646917501,55,0
3290.48248695335,4882.85850249859,44,0
726.712813550396,4692.56032067963,55,0
2447.04563755482,1169.60320379149,55,0
4461.68887071683,3972.24975575309,44,-1
1404.03681962174,2370.34856820914,55,0
260.102969688915,3092.76963600693,55,1
4348.24041638508,4138.54490305681,44,-1
1291.98839463982,4262.29823551055,55,0
2437.98734585615,5032.05353883078,55,0
2296.25819300093,5201.50418489933,55,0
4009.2009364214,4751.26354252147,55,0
4798.08276896771,3365.88183375506,55,0
1280.47659488759,4146.80104647672,55,0
3734.58435509026,4811.6642660877,44,0
4603.06115480011,786.775038365987,55,0
1377.83164353679,4077.00182753773,55,0
4820.0182136643,3764.1306754591,55,0
4321.36054047873,4875.52720067501,55,0
914.695047182461,2473.94202257601,55,0
3618.33295453631,5490.32712773412,55,0
3539.57657339671,4959.46144097136,55,0
1426.2009370951,3817.69631831793,44,0
1787.86928303552,5741.56249585341,44,1
4251.51778991746,1789.02457409242,55,0
2386.55561634289,1445.80797855934,44,0
5097.01118948613,2898.41844510765,55,0
1312.69175452286,3811.90782427925,55,0
4836.98530649891,3272.34478058326,44,0
4897.37619245481,2565.00716287746,55,0
3111.35810536173,1170.82635539281,55,0
3150.80802653761,1281.52614212151,55,0
1813.99687798836,4399.51657042126,55,0
1664.75029616198,1772.70943334923,55,0
2070.24425022311,5875.61942645682,44,1
5189.88004026387,3093.00913715558,55,0
2219.94494979348,4727.93484398051,44,0
4319.21373665934,4461.2182559316,55,0
1451.99409612351,2600.5630377319,55,0
5065.86861220245,4456.52108312367,55,0
4271.24909742846,1367.2055455578,55,0
874.398072501594,1995.82644553798,55,0
543.023329179794,3333.76202700691,55,0
1480.81468469628,4118.08356150426,55,0
891.30448014164,2752.95361058008,55,0
1185.9191074866,2034.36252525602,55,0
4717.92560768248,3817.23877635543,55,0
2217.50964675211,1517.77313236829,55,0
2223.89780333512,1321.68477023521,55,0
1057.36124057118,3934.04768890175,55,0
4378.13835458548,4352.93783915229,55,0
2632.23437614864,1466.8393317507,55,0
1176.41054830271,3948.8110307625,55,0
2112.78419840304,4764.41221130846,55,0
4069.78142311981,1889.55768464447,55,-1
2517.23342920678,1095.79536003704,44,0
3454.95974470284,1205.34170915044,44,0
748.330319981146,3760.0018506338,55,0
465.745624441378,4298.09036400517,44,1
866.255864466126,4606.29412392875,55,0
1920.04233176312,1632.71715051369,55,0
1297.26496803457,2372.95091698444,44,0
2736.84115898792,5306.18434339486,55,0
1954.94797321976,1743.85831519247,55,0
1780.09324661034,5019.05147682913,55,0
418.641757779987,3254.6105064968,55,0
2031.02744530665,1661.95408050017,55,0
4710.80507977358,3098.80425942592,55,-1
5508.38360523047,2813.49762875894,55,0
1206.47849351616,4060.18637430622,55,0
2769.6649588185,1016.33202388775,44,0
4819.13439964319,2996.60186250952,55,0
2814.5785496496,1414.74213788553,44,0
2596.75871291695,4903.56972310351,55,0
3900.04185652088,4717.3225016268,55,0
4228.06104060241,1903.90875956794,55,0
4833.79139492369,2719.77790234475,55,0
4172.09258299955,4316.46522332044,44,-1
2146.18534315506,1683.58418986082,55,0
377.563944186067,3049.81401226542,55,0
4526.44486397019,3892.33988744444,55,-1
2879.21116761271,4801.58537887633,55,0
4397.27474050511,5826.56278206431,44,1
781.132014544024,2739.58142920625,44,0
1282.01067211567,2475.99488061629,55,0
249.208924657259,3405.07018728282,44,1
1458.36261475814,4378.61047768301,55,0
4537.10098691441,2269.59825698911,55,0
893.60628833736,3930.76378764029,44,0
314.07077402953,3316.64216085658,55,0
3022.52014308273,1273.70932423905,44,0
1329.09492046182,4574.48976741819,55,0
4895.26896221836,3844.09777470293,44,0
1008.01596556199,3280.99435694653,55,0
3926.62714471751,4834.83116550779,55,0
3348.26235684684,1181.42634303841,55,0
1232.00178813706,2947.0257264516,44,0
1736.71964950057,1385.46957109713,44,0
1612.53187094636,4224.87385669285,55,0
4414.84576178619,4059.58258973347,55,-1
1062.7776244966,3382.42405987565,55,0
1871.41538233931,4303.78116631987,55,0
4505.2101184922,4133.45032980776,55,0
1786.08475147228,4230.51033249435,55,0
1779.84475841931,1802.19234170402,55,0
2243.00270573032,1635.74970173657,55,0
2866.7151823122,5016.19696171461,55,0
3736.37135949266,4705.06894225861,55,0
2335.52980137083,1013.81910971697,55,0
1571.06902508587,2421.05965792241,55,0
4401.04870903864,1962.43231582283,55,0
2224.07661815463,971.608513060404,55,0
4341.03035678879,1872.91439445743,55,0
1597.26056031806,4113.76886359716,55,0
4710.50929610218,2889.58708011114,55,-1
1734.35236586162,1902.62970356931,55,0
4297.89445729694,1974.93407339652,44,0
2320.52678305446,4688.27724027356,55,0
408.801512769223,3540.38828244298,55,0
3614.15495294086,1257.1490125564,55,0
3000.10171874417,1167.52724971069,55,0
3751.9508995586,5015.89670365155,55,0
1835.57540589718,1892.73389541475,44,0
899.859862975377,3470.1527570988,44,0
4674.67083103083,5679.85515349161,44,1
1273.7873415905,3133.6083383294,55,0
4933.78748472621,5503.96177621891,44,1
4901.7920534231,3050.79797019454,44,0
1380.23127744193,3716.04808620503,55,0
4272.62039259484,4223.30181732145,44,-1
2929.913777005,1368.56052929532,55,0
1702.19009551232,2028.58100096521,55,0
1062.25694894569,3044.61343337083,55,0
2598.24839399064,1588.99582099741,44,0
2583.06625222556,1360.74463280205,55,0
677.088450646569,4307.53845826539,55,0
3820.36581416794,4645.55567440943,44,0
3252.0769680495,4986.92279185469,55,0
942.087461284626,3377.5082413579,55,0
1213.03894160112,3499.88808356695,44,0
960.555127517912,4008.15069767397,55,0
1357.69175572084,2142.93473181607,55,0
2691.11796337086,4848.4874108754,44,0
2052.60126584199,4302.55996732295,44,0
572.028715022315,3902.20453771698,55,0
276.921958440257,2884.75765414673,55,1
1494.62244288798,2502.34408812999,55,0
5077.02676957887,3133.0073346992,55,0
4998.60834160458,3057.32045742259,44,0
4991.57824900085,2958.45961046544,55,0
398.033754248058,2940.57841476914,55,0
4043.7586138904,4459.89680124047,55,-1
3716.40776239764,1261.94706031796,44,0
1535.32078282378,4015.36490527919,55,0
4508.94504613893,2379.59600701697,55,-1
1117.23991133609,3670.31194075506,55,0
2452.40882200344,4910.4972945053,55,0
2986.40702577412,1466.77155444885,55,0
4680.66657576969,3417.31230744569,44,-1
1005.01861652597,2933.04689222731,55,0
288.959684033608,3708.00592609566,44,1
3801.58253682377,1490.69689781793,55,0
4969.485160127,2743.62398312425,44,0
4361.99194853009,2181.15960840481,55,-1
1313.64441302009,2264.92923339146,55,0
2147.07033821329,4549.5646413507,55,0
4021.89125919675,4583.93727924342,55,0
1179.04322460143,3406.51190674063,55,0
2043.6272970282,477.554904574645,44,1
1088.04443136327,2841.65756106794,55,0
4263.81518610931,4360.61944069869,55,0
1474.22112927596,3656.27191937083,44,0
3291.36586216713,1479.47118000621,55,0
4933.51222940305,3249.11654124814,44,0
3441.04324832126,5011.91266761688,55,0
1210.13324660428,4588.20118365772,55,0
2164.09014100735,4933.48648041876,55,0
1270.05496125989,2788.35662772532,55,0
4960.11831408813,3148.99055883274,55,0
4533.28427044075,2007.11396093935,55,0
2425.73114256724,4651.66077632098,55,0
2685.11125046439,4715.81708071069,44,0
3600.94587960009,1667.67974820326,55,-1
3179.01690529482,1072.21247445046,55,0
2961.94483419676,4878.93833399537,55,0
667.463019312047,4057.35458818944,55,0
4816.30085741111,3096.50696472971,44,0
1495.61777660239,3747.01022119684,44,0
1411.11587199001,4488.44887666537,55,0
1931.07436546839,1902.05773003369,44,0
2012.86339173128,4210.5776402431,55,-1
3771.83596184351,1607.61128876738,55,0
3130.12446961998,1397.19877150163,55,0
4762.99682130506,3462.87592888223,44,0
2345.29034473539,4575.2251895475,55,0
1687.62018036518,4433.06895329649,55,0
3982.85319788952,1824.79791771907,55,-1
1034.4140324128,3757.63339086735,55,0
1303.55891050639,3028.33661432144,55,0
2421.12354454199,4757.78218591564,44,0
1262.61450572783,3701.03789695585,55,0
1386.56886525164,3477.00721606926,44,0
1199.63015937789,2860.87906445676,44,0
613.966807370166,3789.85276851343,55,0
518.717302346428,3683.76441358891,55,0
4787.4780437192,2580.28608742766,44,0
1707.55362046634,4317.14586318302,55,0
4434.89257457143,2074.41219280099,55,0
4532.67020808497,2156.2574457938,55,0
1473.01269681507,3897.09404453133,44,0
4422.83543500986,2273.56283275461,55,-1
1958.25256965491,4472.13340234822,55,0
3417.42990412949,1449.21517451353,44,0
3302.93835648123,1603.53142723998,55,-1
1208.54025043993,3210.69654305262,44,0
1803.51863450918,1984.95978792188,44,0
4639.39189125511,3746.40007267383,44,0
1955.44812920302,1995.8414837014,44,0
1676.62693293962,2420.2357706554,44,0
1448.26128527677,3562.24207514764,55,0
4679.68271852897,2516.11727816038,55,0
2033.84924208289,4396.90134160837,44,0
1350.02449143972,3617.54139475392,44,0
1832.60043620476,2301.97709569144,55,0
1540.39922092009,3829.52992163122,44,0
1566.24553473542,3917.37130525338,44,0
294.332543379336,3602.56673646309,55,1
3552.19099626473,4649.8083201341,44,-1
2791.97506169193,1540.3549013949,44,0
2849.06987659617,4668.74143833621,55,-1
1705.91544830625,4157.08326757964,55,0
3683.08409713725,1365.48563443033,55,0
5090.04647265633,2787.88236696206,55,0
4884.52423945955,2905.39596080076,55,0
3267.97037257863,1270.72125482416,44,0
3061.69279056326,4903.40916172677,44,0
2481.70126668199,1405.10339476189,55,0
1195.82274053388,3032.35975074149,44,0
4634.10565159273,3592.08538679604,44,-1
1151.84219253734,3570.26055835151,44,0
4857.18782746536,3180.38521504491,44,0
335.239733144732,3907.91120157534,44,1
1359.87824444198,2648.47438777442,44,0
3210.80375361031,4820.10375909518,55,0
2622.08810340569,4787.1037840617,44,0
3192.33960370485,1486.8304586041,44,0
2598.40416377537,4693.45509231989,44,0
1862.16175523915,2077.21137238787,55,0
2882.96580491893,1496.91149732471,55,0
1761.40228565598,2210.63713691009,55,0
4098.13358124899,4373.52671362699,44,-1
2936.18869986328,1597.59050049915,55,0
1652.61381929289,2768.8003279717,55,-1
3302.580405851,4786.24667029373,44,0
3744.00958862062,4585.53007215766,44,-1
3204.96632999917,1579.11108107093,44,0
2135.56652828416,4377.37159331291,55,0
2421.70892053624,1548.11149753514,55,0
1039.06662067158,3578.16154559077,55,0
1714.10222718128,2322.33279504256,55,0
3673.78008192457,1484.62387188214,55,0
1401.82668219773,2907.51360733965,44,0
379.913310818703,4004.39358201283,55,1
2954.99391513068,4720.3974839575,44,-1
443.149239876861,3907.33296024387,55,0
1370.86574933964,3352.22434001812,55,0
1273.44124989801,2683.25792172455,44,0
4703.00099445074,3301.65397935417,55,-1
1456.58256836722,2084.91675785217,55,0
1559.09311809916,2148.93449967069,55,0
4752.72543778362,3198.89827870892,55,0
4651.00802392548,2421.45567451083,44,0
1106.63554300579,1121.12282741334,44,1
1658.84356259974,3589.65258606251,55,-1
2001.41203994837,1840.27486868509,44,0
4569.75014337588,2485.22918964014,55,-1
2550.28897114385,4574.12865338485,44,-1
2458.92586606775,4551.77330213427,44,-1
2399.55691024286,4473.20217211661,55,-1
3704.61402325649,1696.76218541159,44,-1
1604.44825295579,3750.54922279916,55,0
2265.11639980244,4514.40489517047,44,0
1385.25490152644,2803.84599274389,44,0
3375.36307461909,1540.14563052867,44,0
3670.08287011689,1590.33051385458,44,0
4240.89882364626,2049.94048570864,44,-1
1295.54905346268,3437.53140207233,55,0
3456.20144759377,4688.9490253044,55,-1
2088.81457849954,1903.42526220636,55,0
782.231527776734,3941.79630220337,55,0
1918.42841703683,2245.70086043121,44,-1
4558.84736403617,3789.41580077418,44,-1
4664.62187493258,2810.62555865966,55,-1
434.535044025777,3390.91739026044,55,0
1948.43212245815,4366.13623573943,44,0
3477.56619160661,1530.55948496791,55,0
2424.39991009084,1662.05027349202,55,0
3034.48284583769,1368.85510389967,44,0
1642.54970227193,2233.60297093041,55,0
3092.93045646592,1505.83375467185,55,0
1899.01094956768,4186.79114175551,55,0
2697.01724892081,1563.11265174508,55,0
2524.44648724401,4819.0623979743,55,0
1699.94377369761,3675.97271793,55,-1
3843.49887466391,4547.97265489421,55,-1
1557.64630345383,3560.95422198665,44,0
4699.20728026797,2988.23727552827,55,-1
1824.67027967623,3971.37511160903,55,-1
3344.34972896363,1389.71195480288,44,0
1642.73289917148,4017.4535721269,44,0
3039.90047419689,4691.3795016345,44,-1
4701.50261297512,2616.66925160804,44,0
4138.91148188173,1966.16584133668,44,-1
2543.86724787608,1725.44296062603,44,-1
2781.31592586408,4748.58576321055,55,0
1810.36607271383,4125.22717333008,44,0
1556.54616831912,2584.75241123491,44,0
2379.00256045608,1818.81844093373,55,-1
2013.639102881,2071.97406787602,44,0
1740.05108493238,4043.51320473243,55,0
1630.95413155489,2517.46860875281,55,0
3119.53804867434,1607.73509723468,44,-1
2304.06129122275,4402.99150100913,44,-1
3238.38776554886,4708.31585026711,55,-1
1851.39070054102,2183.99594019357,44,0
1572.2152721901,3650.81677822416,44,0
1484.60749951953,2857.05425499644,55,0
1714.77195610809,3940.24700958532,55,0
2635.47911730556,1687.9633618726,55,-1
1458.39823948934,3411.11019526606,44,0
1535.80641173088,2670.90487736464,44,0
2468.70174798078,1787.03773841395,44,-1
2200.25992082989,4455.27257280142,44,0
1504.91296482665,2239.40074637481,44,0
1389.65959172992,3147.96278669467,55,0
1418.76087275409,3041.62907203795,55,0
1453.72583172623,2719.34424184904,55,0
1948.67328042143,2151.45221307259,55,0
2517.27318986773,1628.62096851533,44,0
3490.57945899923,1644.94211281882,55,-1
1425.17167186772,3249.66515491143,55,0
3786.5889789038,1754.27120787732,49,-1
3032.3700636798,1630.097641569,44,-1
1797.63953976608,2402.15793699348,55,-1
1622.72721624073,3302.53510571866,55,-1
2325.86508461718,1712.87082941476,55,0
2760.0593146344,4646.52906922568,44,-1
2232.23128623034,1747.89330526277,44,0
1901.22433369765,4073.70867423029,55,-1
1618.80100583955,3032.45791426342,55,-1
1647.43226952897,3850.33618437577,55,0
1543.51317417468,3458.6349725404,55,0
2633.38538450388,4602.06683804025,44,-1
1532.39178320429,3080.65337434782,55,0
1626.44795366648,2941.34008484168,55,-1
1548.81700591986,2779.6634983356,44,0
1507.03702540724,2971.85388056532,55,0
2102.62584268221,2034.55920892056,55,-1
2276.59933793653,1828.46488761673,44,0
1540.78215686341,3256.32086267141,44,0
2746.56532130322,1671.15875917644,55,-1
2155.51364667314,1813.08350240723,55,0
3398.26058299755,1623.0085109358,44,-1
2844.02269060938,1656.74955614236,44,-1
3939.28878612644,4493.0101442031,55,-1
2169.7967908498,1980.20490275949,44,-1
1637.20208618488,2653.83869834458,55,0
2207.04971600203,1902.96414371385,44,0
1639.60652461685,3488.81057378215,55,-1
1695.19818100828,2860.29134355774,55,-1
1742.72865903445,2520.22697447191,44,-1
1601.67411522411,3136.12888203596,44,-1
1668.73853832257,2131.15728419853,44,0
867.114315693725,1377.7039246279,44,1
