5056.2444066565,968.64304340769,44,1
5765.76925724155,1868.26858592615,44,1
5494.0846511491,1422.62541040756,44,1
5810.98605950841,1953.44300357722,44,1
5871.41689365179,4185.41846855223,44,1
5141.8329911867,1029.92894719102,44,1
6038.19521107021,3378.4952920588,44,1
5164.44906866712,4970.86113078179,44,0
1249.16705876267,980.466646641512,44,1
5722.63824011122,3485.0417211691,44,0
5803.6801225438,3707.47013107965,44,0
4288.17664610154,1133.89742062927,44,0
5195.08602471256,1348.94541689704,44,0
5218.85894587784,1103.91383404349,44,1
5738.81721974197,2501.82204830536,44,0
5893.09158092284,2145.95535834587,44,1
5589.04035851092,4277.868482181,44,0
5690.7504931468,3303.14084440563,44,0
6064.64731644187,3470.49525824734,44,1
5728.88499649956,4553.35917238161,44,1
3096.11864990417,442.412170427048,44,0
5043.19661052708,1472.76790518411,44,0
4730.30073780657,709.008129131237,44,1
6033.32919203085,3669.70628331318,44,1
5787.18921398741,2411.82469454293,44,0
3424.88618336007,5901.11330759574,44,0
5307.08918998668,2069.50702517469,44,0
5383.62179223532,3205.33902630694,44,0
5936.96489937025,2731.00693284014,44,0
6013.94701780623,3777.00306126642,44,1
4387.8617581474,1123.5406744356,44,0
1112.37374759154,5100.62929211185,44,0
5537.76000353706,3315.6617913336,44,0
1669.50195529722,667.864099494874,44,1
4894.76404575878,1157.06006919917,44,0
5551.08699176583,2382.20035358663,44,0
1420.85108385026,5264.8811201074,44,0
4384.38105769984,5720.82252823555,44,0
5086.22091111999,2092.20693559235,44,0
3855.05490398434,5785.64775455415,44,0
1608.30212121146,1269.93504582644,44,0
2289.6916474093,5843.26995267939,44,0
2594.87966254902,5827.74491913152,44,0
4213.27980175132,5260.75090957204,44,0
2259.02961012643,5703.27293927072,44,0
1620.3579436087,5269.13149461091,44,0
5927.7993979937,2244.16708557698,44,1
969.369006274491,1277.85021807281,55,1
1074.80627926874,4913.28896114142,44,0
4193.29890172715,5790.15806533609,44,0
2603.60968062283,5931.21132667063,44,0
965.626228138179,1390.24831145592,44,0
4314.36945745905,5597.7900320473,44,0
2251.87262159262,5599.57531583634,44,0
5299.36584838315,1796.63426812705,44,0
5529.02647051293,4620.99959659627,44,0
5187.99174410641,4474.44814272612,44,0
4944.02352023641,1487.37311439877,44,0
1688.21157015019,5339.504612837,44,0
1647.32496724108,1574.2501149761,44,0
1983.17485555024,5427.87642530412,44,0
4614.83019639383,5010.15828041995,44,0
5234.73458726454,5218.52411768661,44,1
6011.68369163906,2545.2229913271,44,1
5091.3310732251,4895.49935874983,44,0
1497.12650252421,778.537153645369,44,1
5822.60242047544,3895.5597039767,44,0
5216.14675216015,1744.21250519936,44,0
5381.96951429674,4351.93175430282,44,0
4213.31530097314,513.326028276548,44,0
2131.43360289895,5318.3699170103,44,0
1209.96387807463,5109.79966921136,44,0
1067.69190487385,5013.13591516088,44,0
1357.34863179632,5393.90823415179,44,0
5076.46730474199,1912.64850055139,44,0
4121.24368631385,482.417848136126,44,0
1618.97512634231,5171.50417778058,44,0
836.53021266032,4713.59705315773,44,0
5823.15972467502,4368.81151318429,44,1
2443.21045429184,5684.11565160594,44,0
4813.40801542985,763.986846379066,44,1
5282.42142407503,1187.63027554861,55,1
5408.055986544,1668.29631988492,44,0
940.129670911897,1653.44705058881,44,0
5130.23616153925,5062.42893990645,44,0
929.131472359495,1748.5205454339,44,0
6016.07263214511,2648.73302572446,55,1
2796.75188659403,6018.20558051564,44,0
4901.02042019661,5400.58563329613,44,0
5084.26452602596,3899.51078049298,44,0
4274.10324766075,5066.33424223746,44,0
5060.09312981054,4985.41052575559,44,0
2112.5148664194,5130.08702545344,44,0
5687.04135033217,2383.51869710165,44,0
1849.7074307251,5089.90823390201,44,0
1428.70862327544,857.276402562238,55,1
5265.67918493326,1985.67368468307,44,0
3753.82380301518,417.663502520318,44,0
4253.28970784747,737.096820465264,44,0
2454.75400464551,608.777776816675,44,0
6047.67058892467,3282.06220113908,44,1
2371.4207823141,658.621774611202,44,0
812.002398695361,1443.56817849622,44,1
4467.7259424446,5678.0312699181,44,0
1133.28639217908,1277.15692704351,44,0
5615.15548494334,4080.07420706407,44,0
1882.68473733588,5728.75511222925,44,0
5543.69411441647,4514.24058292368,55,0
5651.03844529293,1683.69155711909,55,1
1327.61365515372,1844.77181992412,55,0
4487.47196658331,1110.96192467777,44,0
5717.93615608798,3900.16260676689,44,0
3462.49805625293,264.561588522219,44,1
4910.84863276135,1056.10777422661,44,0
5941.6692243462,3228.27731542356,44,0
5485.33350063915,4407.38358604915,44,0
2386.16684287302,5840.61576873105,44,0
1812.4962542952,5433.79307819758,44,0
1542.50410140255,980.1042665335,44,0
5127.17751052934,4547.03774224554,44,0
2041.06757162675,5066.82966863053,44,0
4754.80875573064,5602.51496639952,44,1
4694.01113923247,4725.18266592645,44,0
2315.20535021614,5303.02262779122,44,0
4309.44803592305,5263.01070261388,44,0
5619.27867818138,3494.31208308486,44,0
4041.15609415138,5756.37855147568,44,0
4338.07113063447,1043.13083499136,44,0
4835.62587256888,5301.49650813425,44,0
5622.1646627685,2811.46383573343,44,0
1749.91469045868,1078.41450913153,44,0
1279.95861197502,1938.80424217457,44,0
5412.47592599508,1353.26145301451,55,1
889.539089466537,2100.67557282408,44,0
5046.62445567405,2006.10754981881,44,0
941.801032652607,2845.20672359639,44,0
5552.37490629355,1499.99744038352,44,1
4586.51211225272,5468.43532283701,44,0
5445.51491738108,4557.52038199732,44,0
5743.89415964041,3394.0924101604,44,0
5376.12234932725,4255.30301985691,44,0
5615.18642117397,3884.44769811971,44,0
3636.776622361,5921.34795882808,44,0
1521.92593238887,5246.74086781133,44,0
3135.76000089054,300.344523187656,44,0
5565.38208860642,1783.32498711742,55,0
5757.30390196618,4451.57179593991,55,1
5799.51781967823,2318.82364136509,44,0
4410.90262485375,5387.73638560668,44,0
5849.69856817737,3618.90023247568,44,0
4433.11509761927,1030.40449110637,44,0
5780.81142830372,2586.09379509669,44,0
2714.89454304116,5536.51625918768,44,0
1728.73493909783,5244.78782383972,44,0
1987.16239520103,642.847999314673,44,0
1247.09447905541,5202.67654431783,44,0
5728.20300023912,2670.24046881107,44,0
4818.00108781087,1029.44865177999,44,0
5349.98106877393,4934.1624174576,44,0
1558.38807455252,5097.23503326015,44,0
5976.46667064399,3874.85401118747,55,1
1941.27463853773,548.642795039115,44,1
1334.64714430413,1037.76279131795,44,0
1454.21195323441,1131.57634651616,44,0
2994.93615721607,5356.04024456554,44,0
5485.73143124115,3199.16293884688,44,0
4364.03894873191,5472.55211432646,44,0
5520.42108037592,4801.65794907337,55,0
4845.29338462665,1495.18577205324,44,0
4528.94701895135,5136.06738678348,44,0
5607.08699941543,4726.46883388444,55,1
5262.05730503237,1888.30050966689,44,0
3053.83428582007,5832.35407203137,44,0
440.244482569963,2730.3643203901,44,0
5971.28132942199,2449.07981859647,55,1
4324.35349268774,4983.32498278259,44,0
4423.59833039057,704.58244452702,44,0
5871.87252996621,4081.73370275086,55,0
637.897519840978,4574.19097004263,44,1
5609.72680478825,1891.81714142626,55,0
4717.91426897156,4630.50571976861,44,0
2910.73321149492,5301.1229920643,44,0
2771.30841787367,827.742211670842,44,0
3823.40207466801,5257.76720838179,44,0
5847.59516984291,3406.28328764211,44,0
3168.39229378836,5305.81000892219,44,0
5457.99762549215,2427.55962326367,44,0
4557.28293287046,1216.07232138957,44,0
5947.00792220101,3131.06875090726,44,0
5188.62904012041,3861.43542229625,55,0
2993.12284324269,5253.37192795262,44,0
4441.34803926481,5170.98941963129,44,0
1283.07448686568,1607.18194741578,44,0
3563.06980502507,520.227701574823,44,0
5988.56167520332,3569.98080278541,55,0
2944.38402452095,362.952992434371,44,0
3108.00456645176,5989.26989352078,44,0
5333.38147865814,3886.38631361865,44,0
1816.78598172212,5534.42457247266,44,0
2829.39677133855,750.154227625043,44,0
2736.72071245127,730.534620049097,44,0
5038.02424489744,5262.50233740916,55,0
841.752750734648,4020.89816932785,44,0
5647.56184974706,4483.657398603,44,0
4931.76472627314,5278.4348697396,44,0
3356.15119108767,272.431014809113,55,1
4073.15768891363,396.914954008814,44,1
4229.39527036031,5161.38127291891,44,0
3006.02104351987,582.499175100215,44,0
4656.8558701962,5401.42637758473,44,0
2887.62075600001,5625.41093190883,44,0
1723.27890525069,5558.92631644707,44,0
5156.66332476247,2156.25339680173,44,0
1325.92372503815,1317.5005779235,44,0
3198.00631383762,5569.53819384431,44,0
5840.53601577809,2056.6888466882,55,1
5065.7791701834,2403.55295558172,44,0
1536.24472579915,1077.11088588478,44,0
4172.90774886843,5489.6849142773,44,0
557.596625443429,1896.22809637521,55,1
6051.0416531766,2752.17863266944,44,1
4979.41155562811,1324.77257509012,44,0
4965.45464677651,5170.37209799306,44,0
2817.38725708512,5355.21178964231,44,0
4721.98785722597,811.520296343446,44,0
2643.85436198532,316.840358961892,55,1
5194.33082742239,2976.96609942992,44,0
1033.73480768413,5172.77850858929,44,1
2342.47703343552,5750.59885257746,44,0
3754.03029694555,828.343058727977,44,0
2308.60344394775,5403.49317010184,44,0
5749.16786993736,4105.20867720447,55,0
1035.90189699268,2289.11226403842,44,0
3575.7800297272,411.189744543945,44,0
4111.0730542855,5562.47643712839,44,0
4290.94026456847,831.998893255607,44,0
3136.74058488871,5888.36526913957,44,0
5194.75372559848,4172.83482204643,44,0
5082.06098269373,2496.38517383643,44,0
3767.66068002609,314.988304275927,44,1
5269.73528138933,1411.5056449386,44,0
644.028210164384,2429.9562237249,44,0
3922.97625048681,5570.39343826582,44,0
5642.46284283189,4614.99924320277,55,0
1488.53973105993,4936.8210402334,44,0
1846.56053810269,4661.99937589116,44,0
5504.87290253461,1700.00776866016,44,0
1597.18470954705,5489.12517471961,44,0
1655.49893057086,1185.96848831814,44,0
1814.21603844959,5639.46489269624,44,0
5154.95597426035,1982.13725582808,55,0
5378.14887049316,2147.10223433632,55,0
5329.5852577129,3283.39176606323,44,0
1960.49673691188,861.792970007906,55,0
4637.98193216785,1586.43936914077,44,0
5516.51362812125,2503.05657502243,44,0
4796.10361308939,4885.48318275175,44,0
5309.5977580686,1698.49293596168,44,0
5152.79602914702,1453.45046923902,55,0
4806.00654184681,5413.96559269883,44,0
1340.64352146586,927.617900814418,55,1
5246.8256058588,4920.61259330276,44,0
3052.31697845989,5727.7900983094,44,0
2182.37182370844,5195.49129696682,44,0
3081.22545279954,5395.02655665497,44,0
4700.8361581041,1654.44431595927,44,0
3291.13227589752,5600.62001870775,44,0
3659.26241038074,867.18707176165,44,0
3715.89128069349,5513.64664629944,44,0
5058.15293466243,1254.27537540308,44,0
564.931706779236,4325.96624589972,44,0
912.529100567013,1470.07390191631,44,0
465.375701715064,2088.44459057526,44,1
1384.79551420395,4967.88809530456,44,0
1793.8613990994,5326.0545549048,55,0
3621.65189181011,5688.11882272983,44,0
5376.03503873778,4076.67647927194,55,0
5230.67991531667,4759.34229838911,55,0
1499.96206240579,1434.6984792329,44,0
1185.97794855853,1064.88603091728,55,1
5673.68906821127,3014.43068963288,55,0
4909.97561733666,4749.24729317469,44,0
4243.35463822174,1044.41974217444,44,0
2699.99507552973,634.42645130617,44,0
4483.76490552923,786.252595294942,44,0
3327.87548103438,586.892350346425,44,0
5598.34843637384,2053.70589187242,44,0
1557.0163136937,1176.54560621387,44,0
4098.67799689057,5421.68243769431,44,0
3395.71999453525,692.524798482913,55,0
5406.71725564574,3370.28047901305,44,0
1194.5324334279,4484.23741054182,44,0
5919.66918010173,2592.40313963117,44,0
5173.71921035558,4845.34057624863,44,0
5808.1788451064,3308.62504693182,55,0
983.011788177513,1837.59387644354,44,0
5424.49812462634,2330.10360246347,55,0
4542.79261607097,4038.12978223708,44,0
5233.68040702683,3252.87005369173,44,0
3561.21938099515,294.355347039477,55,1
2906.45397677013,668.386504188806,44,0
2232.1733257456,5498.68730774982,44,0
1135.03438124377,5204.58307242392,55,0
3342.00174291034,5834.57483277579,44,0
2443.0994774865,361.649692837369,55,1
3527.64682787405,5282.93382859182,44,0
814.74271752974,4479.81084063161,44,0
589.929657668225,3421.14371121027,44,0
3787.40083919801,5413.79979911081,44,0
4679.17201026712,5089.98504613054,44,0
5259.16560879666,2155.34939703643,44,0
4946.21949368957,1795.05760038435,44,0
1170.5796610254,5014.08833590037,44,0
5440.88766439058,4677.47075950555,55,0
5406.51597035415,2529.92317845916,55,0
1240.81896090118,1518.71593263299,44,0
5481.367859775,4301.26491283946,55,0
1183.66370540395,4913.42810847276,44,0
2452.08613216505,5452.24775817022,44,0
1481.75121388176,5038.3165522147,44,0
2618.42029344933,5540.66232033438,44,0
4836.41339828485,5543.18515355806,44,1
4269.10302587364,5499.58079820883,44,0
1870.23902827344,4953.97987614439,44,0
3925.30867737899,694.358595699812,44,0
5469.96619548352,2220.18996380552,55,0
1547.29783799396,1353.31638420527,44,0
732.454098468838,1833.37246803075,44,0
5413.22212040796,2021.0507816529,55,0
2780.91028042997,5624.47515260987,55,0
5712.39879430927,3211.24310520811,44,0
3173.28468737513,5409.64812147717,44,0
1480.62116536736,4659.31958560785,44,0
3306.20975147325,376.585457585456,44,0
3406.67260843364,6041.36290343456,55,1
3831.74057565899,624.379321148299,44,0
680.480454686461,1912.90812566546,44,0
891.133337351101,4276.5622369623,44,0
5304.29370305384,1303.55155625837,55,0
1979.57257877701,752.557122080161,44,0
1289.61824437033,1135.04920762261,55,0
3924.27103310211,484.617788387895,44,0
1440.30430855483,1816.20516201946,55,0
2690.20503037587,5999.58207418961,55,0
908.720540830994,3745.0144680321,44,0
1179.652604257,4276.49868902406,44,0
5849.9172849588,2804.41149769248,55,0
912.47581325333,4772.26419018875,44,0
4766.62119700897,1859.25548289066,44,0
5730.22515440203,2776.40195615293,55,0
4983.87175536439,1192.13585960669,44,0
2024.83399784024,5517.5502863646,44,0
3203.49172996764,613.977882787346,44,0
5195.74186265623,2883.40353864223,44,0
4787.71530790558,1185.11675629048,55,0
1293.27668182653,4897.2202199855,55,0
795.530969770235,2288.86326160477,44,0
6062.44896746081,3056.5306231978,55,1
1733.85920307277,974.678498462423,44,0
989.488481140723,2124.87822818118,44,0
528.326751566663,2680.62610010733,44,0
5084.23175587172,1362.09830670483,55,0
5165.26988627889,4664.9126030313,44,0
487.670331939256,2196.39201578432,55,0
5516.54648051455,3531.09374438545,55,0
5799.20672337742,4264.85092653042,55,0
5830.6003361769,2224.2037099334,44,0
1767.14767737811,627.39539794726,55,1
835.941350856962,4196.77181092063,44,0
5264.07149506148,2620.09595614867,44,0
632.862542358402,2730.2317206671,44,0
5070.72543326844,4627.46572553315,44,0
3364.60729558212,5416.10894532988,44,0
1319.28110455264,4779.27951639907,55,0
5289.50647602037,4497.99011131805,44,0
615.51443762956,2635.58138843684,44,0
1099.05573859163,4814.69134413772,44,0
4843.43089559853,4977.2931978816,44,0
3172.21613515358,714.154955913696,44,0
4779.80401684952,1303.70609838949,55,0
5293.92538247787,3463.53269045572,44,0
906.385624059524,2298.53725825146,44,0
4451.18856362133,4842.34412791535,44,0
5407.83452665019,3475.18053642398,55,0
4499.67153426391,1409.61687534481,44,0
5207.82780425849,2072.43364627453,44,0
5353.26183206442,3792.90281371544,44,0
2166.41190158888,654.958248015517,44,0
3348.31360522829,5077.9812300315,44,0
696.193790705278,3551.9292078236,44,0
5780.55263075292,3993.05347038014,55,0
4385.98054489684,4673.89209456553,55,0
4731.34748835408,5324.81519763093,55,0
4935.72013393189,4474.06854054506,44,0
5910.20858634251,3971.63318412155,55,0
727.963858379729,1735.73330624602,44,0
2324.72397224729,5049.28147480129,44,0
1292.35977072775,1417.77219746869,55,0
5306.04112327333,4167.2389433573,55,0
5130.066873228,2329.27693044031,44,0
4894.7040107551,3454.24197952434,44,0
793.648493344423,4820.81031603943,55,1
618.563233975031,4402.46589795256,44,0
1509.07390615698,1258.87524161916,44,0
4042.1593546038,4839.45736857683,44,0
4997.54719364366,1575.53519873107,55,0
5412.78435514982,1794.96957114095,55,0
3955.86807132178,5050.72158642109,44,0
433.788010944364,2634.96532413167,44,0
3596.09593942505,1471.02113835365,44,0
5494.72220339483,2101.61058841371,55,0
1353.50546447689,5188.65202137469,44,0
2918.48372104006,5078.56730636169,44,0
3569.43923467972,5598.32175246042,44,0
1069.47111051611,1358.59157968381,55,0
4388.73724374881,803.891807292635,44,0
3762.22098810238,5924.14419615936,44,0
5689.55627329509,3695.93792509856,55,0
5628.54713243657,2476.14973584981,55,0
5165.54947810949,1842.720471104,55,0
612.806960472858,3609.87395047108,44,0
1918.56896613784,1326.42214291878,44,0
980.223717565979,4424.73274264553,44,0
5526.30042646127,1980.53562497223,44,0
1280.17918793762,5017.09106049534,55,0
1982.30948691216,5725.34403823845,44,0
2468.16588811201,5783.6543190585,44,0
5457.09931476479,3023.82388016493,44,0
525.122504354468,2583.35224265304,44,0
2742.71997695335,5416.21115970166,44,0
5281.54383956689,2929.36626789773,44,0
4906.56466370547,1399.70360457552,44,0
848.323254478811,4919.03261473665,49,1
2922.76581063686,768.026499660972,44,0
4888.74713918924,1581.79745377827,44,0
5874.09374853829,3802.61227662041,55,0
2336.33222444384,396.314740013031,55,1
4242.54792508822,1237.37035122119,55,0
1003.57836784094,2772.69775012011,44,0
3585.46737104315,6024.31807334784,55,1
1212.39776322465,4816.72166190446,44,0
5594.59349154341,4384.16595059846,55,0
4997.98362652833,1695.53375849721,55,0
753.57047872829,2004.85193425186,55,0
4861.6081144977,858.707340905174,55,0
4884.24525567713,1695.44787125952,44,0
1708.55535274276,5672.19612640742,55,1
4635.05217303241,664.605387423021,55,1
2863.7543784402,846.711820904728,44,0
2539.53247859955,317.718261073695,44,1
4158.65239575838,1539.26795651233,44,0
911.40576338709,4501.97787429743,44,0
1010.70544233384,4520.25006459241,44,0
1253.26436916541,1707.85206387477,55,0
5395.13562352645,4779.87568468853,55,0
5615.54303923085,3598.6789659129,55,0
443.756945261206,2845.23339873561,44,0
5307.18722713197,4842.32703569324,44,0
4403.38551927153,5067.13658668305,55,0
2061.01298091678,1082.58711370069,44,0
4169.56502522037,5068.71123764244,55,0
5738.36228349003,2166.0030126319,55,0
801.444131909853,1913.12175115402,44,0
1752.27484204789,1178.05084607022,44,0
2405.1253586265,5356.22753359226,55,0
2167.37878132262,1128.92001976244,44,0
1110.16566138924,4542.9584138472,44,0
729.98722601357,2885.68657089161,44,0
1262.42341580798,4687.81604562608,44,0
5367.52459925307,1916.66038204998,55,0
4459.48192531466,1323.00865585839,44,0
4847.05387915993,1798.02369348904,44,0
4846.81420143009,3189.88093367825,44,0
4993.47107982798,3845.10146387812,44,0
790.135513582648,2109.80700476222,44,0
4864.94043944201,4052.07703566752,44,0
4895.35343312311,1264.98976246974,55,0
5392.00067234629,4459.23240957987,55,0
4647.01057154529,1008.78083246158,44,0
5221.63373456271,4073.06011196182,55,0
5173.19994614501,2432.36838682844,55,0
3861.50399775371,5354.66964165618,44,0
4896.11755422214,4856.11121906592,55,0
755.550022680705,1524.19032205679,44,1
3453.04588529182,5466.3584078612,44,0
1930.5926445099,5135.93404775806,44,0
979.983422398864,2680.84473115546,44,0
3094.70075452352,546.258564991745,44,0
3265.58935310314,889.791339758035,44,0
1616.5097814016,5599.52026844737,55,1
2156.13447732925,1226.30628370634,44,0
1554.1024868131,1539.49181857208,44,0
5797.8211938478,2999.18117233555,55,0
4787.3826200214,5083.46694924453,55,0
746.498519114552,2475.98590566272,55,0
1186.97672736478,1185.5301588058,55,0
402.096437331832,2277.83466069474,55,1
5835.95025907349,3512.31723098917,55,0
2022.38563299911,5323.0233696324,55,0
3009.78559130769,5942.35675645448,55,0
4872.72929854471,2812.62975412309,44,0
5571.3636044063,2277.08175393831,55,0
3204.06836302439,5673.31270007003,44,0
4110.20545727543,5839.11059869442,44,0
581.626055545368,4496.00344225359,44,1
714.463504135343,1622.07009179591,55,1
1455.70610791919,1518.65547031618,44,0
550.364890816869,2468.78936741087,44,0
4596.43346993353,1410.2837972856,44,0
1358.69822153879,1743.50932109546,44,0
2248.94295084357,863.705606948764,44,0
5101.51821497183,2238.46754956207,44,0
5373.64144661829,2969.56639464882,44,0
5117.24233341529,5173.46843664765,55,0
3040.25395953035,357.822206750966,44,0
4242.99679008159,1579.61004288947,44,0
3207.65429240957,974.867309900803,44,0
1171.91396449968,4733.70086979266,44,0
3828.43753319559,493.657434603059,44,0
4485.92974602794,1916.01277613382,44,0
5345.11739276617,2433.71263778485,55,0
2597.85227230378,1056.0526823013,44,0
5700.93407125228,1947.36117392753,44,0
1965.63236290384,4914.38095346448,44,0
5571.8399400561,1602.12992756671,55,0
2042.82887721602,4966.35963959633,44,0
5319.49479734006,4685.27793144301,55,0
3518.8860804344,1009.20344618625,44,0
4643.90974356447,896.735434288793,55,0
5027.53707476385,5087.16315762846,55,0
4586.1423897412,1508.68541812787,44,0
3233.70361912589,791.959768537807,44,0
5147.12744172836,4264.21886843802,55,0
5440.61315447245,3283.57238350564,44,0
1899.03456801728,5363.20521890109,55,0
4330.92772385866,671.06103754926,44,0
649.54777393995,4163.89962143003,44,0
3717.85390941142,676.031111487633,44,0
5829.44386159316,3194.49622827422,55,0
3649.40805217005,5296.08379433993,44,0
1560.28826346789,1813.24593768247,55,0
620.633557245177,1799.19412160849,55,1
1000.06405928546,3457.5811800163,44,0
1063.47241100275,4020.20439364753,44,0
2543.90024026723,5473.82404067684,44,0
1719.98335720789,1280.63612444923,55,0
2056.13943896032,820.501797887531,44,0
2995.68949997924,5593.6937056238,55,0
688.055181152451,2087.72244610022,44,0
5449.65027146083,4892.69137627231,55,0
4556.29698476547,1317.54650440139,44,0
1676.12011484481,4946.00857377162,44,0
5144.21924101906,3567.98433495437,55,0
5696.78142245371,2277.40670285045,55,0
5442.31961638128,3862.50091892571,55,0
4806.51293905964,1408.91018383416,44,0
5854.38678134585,2502.73715226229,55,0
1548.41017672318,4583.02761067759,44,0
1704.69681035827,4847.66660424096,44,0
2194.20071691794,5799.13665352333,55,0
836.352342777636,3586.64933287711,44,0
2038.87090816923,4472.93715087366,44,0
3257.88054347055,5365.85958308378,44,0
1445.58022079113,4568.33745505669,44,0
5503.13984477967,2702.83403376664,44,0
5607.13206428403,2157.6362289575,55,0
5611.84599014984,2913.58341887569,55,0
2832.46718713497,5121.0169413539,44,0
4083.12072343969,1364.3327992025,44,0
4538.0928723135,1604.67559438254,44,0
790.493744724871,4289.25563252001,44,0
1089.91760808575,1948.08837423055,44,0
4535.81129794543,5594.28677710065,55,0
525.72893321462,2001.88410482771,55,1
2910.48272110446,5188.95284650219,55,0
1377.59474165974,5079.47755935926,55,0
4216.3224006041,4956.66692694042,55,0
1745.16643415717,5131.90132504543,55,0
3804.6617488595,5155.12874649959,44,0
3268.87796752982,1111.40179390073,44,0
3171.63311589923,5186.78840383345,55,0
2232.21978843678,407.560640178107,44,1
4813.36795670815,1999.13495112629,44,0
5333.90492196876,2255.9397629231,55,0
1075.35851771016,1190.00437089965,44,0
1225.86542186734,1322.80907186454,44,0
3239.71983239448,5854.16478530981,55,0
3667.22722084409,766.914504090567,44,0
3471.078510066,923.108110199108,44,0
5405.7949293576,2753.84313917624,55,0
840.051218546084,3681.39510577717,44,0
4421.8698135554,4943.47273455188,55,0
4551.02621910344,4459.81501898439,55,0
4977.62543497406,2092.52753787773,55,0
2293.29588628175,511.546226352301,55,0
3067.3679165014,5190.79401840076,44,0
5001.29065180295,4549.77594105087,44,0
1071.06480711043,1633.55728063599,44,0
5014.15839837354,1083.18806811824,55,0
3845.20374411261,5063.19699062178,44,0
4994.75491561137,3426.61563700817,44,0
3663.35699975717,5596.79135803907,44,0
1148.89064376967,3744.05074041848,44,0
4414.59728475325,5274.2345679209,55,0
5487.12717484,1881.30136443454,55,0
4749.25991523875,945.556047123036,55,0
1999.1530800175,4716.53117895288,44,0
1911.87597485362,5504.80766111056,44,0
5250.16533542284,1519.82712291574,55,0
5237.3126528825,4587.72298953643,55,0
3587.89214596247,936.795079680486,44,0
731.764882858941,3027.32322841097,44,0
1634.90012364409,963.508866892056,44,0
3893.23063157817,1303.15747495251,44,0
4292.49431848177,4723.29623309374,44,0
283.727823950137,2988.31217855881,44,1
3957.51959553351,1225.7342260044,44,0
593.005722342118,3046.1539846236,44,0
4481.61007134814,1517.04495564974,55,0
579.368183088881,2113.56127805517,55,0
1381.6389627613,1222.74096465569,55,0
610.910319197954,2228.83193088041,55,0
4732.25314999089,5490.05082445001,55,0
3735.3351587614,5682.89408080553,55,0
4668.25095504721,1196.00564718127,55,0
1882.60008665901,654.65251278037,55,0
1581.38762120151,721.623290004671,44,1
3147.32574388541,5773.12218714427,55,0
5619.77515599658,2705.939660119,55,0
489.590571722225,3028.30703885566,44,0
2669.05259479554,5644.06440096581,55,0
4119.18019759229,598.550984877339,55,0
3478.71522312187,5566.47333823083,44,0
3591.02449251911,709.815122640545,44,0
2372.76998843118,5955.70574079118,55,1
1958.25544583396,1104.37307107423,55,0
4593.22775121838,1107.80461043161,55,0
2545.05534011065,5606.5646897897,44,0
5444.24931143962,4177.79912743742,55,0
5348.63929597754,4581.22045564187,44,0
4736.49094404954,4970.63167927301,55,0
3869.19012582873,5921.53117943982,55,0
2939.74054737083,4981.38850506724,44,0
2349.96405086384,5634.87132827719,55,0
1103.59252060057,3472.02064055965,44,0
2744.69589760602,279.470457838334,44,1
3099.18304818507,650.401829981539,44,0
5885.42564233552,2915.15238870005,55,0
2457.81253843248,871.50408260811,44,0
896.925554328462,2928.63548227403,44,0
4016.60348847164,5196.24389125796,55,0
3240.52896552736,284.495097910216,55,1
1460.63593346053,5156.9936880933,55,0
2337.00719894962,1345.75454258523,55,0
1703.35288574063,1658.61484294346,44,0
5289.25184688652,3031.09747685075,55,0
515.521582808776,3577.09297634738,44,0
5006.01232970165,4817.65553765801,55,0
5686.27866366842,4206.11111845715,55,0
1425.98058269198,2225.24202895813,44,0
383.330412681763,3153.57321326599,44,0
3853.00218802664,374.618703788397,55,0
2636.80111975529,5249.69992670297,44,0
1061.01594758227,4116.65677832674,44,0
4973.71686442618,4666.67196031186,55,0
1774.40877718539,1583.59079363244,55,0
1082.40510368953,2716.31449628117,44,0
1428.87102558781,4753.79751936456,44,0
4153.23232193751,1636.30148575648,44,0
1186.70380820766,3831.58858230594,44,0
584.669747828532,3142.04800915213,44,0
2019.66273679334,5167.75071064352,44,0
5697.41976611484,4322.72056514073,55,0
5058.85474039203,4333.78204895969,55,0
5844.4610409438,2673.30989331686,55,0
1313.97809982887,5296.94151526408,55,0
3703.16241141625,6018.8405984266,55,1
640.770445111813,1999.59803545456,44,0
646.310415913871,2532.91331315656,55,0
4510.9827967983,5365.70790332481,55,0
2691.90869736888,5865.38333064608,55,0
748.073412500266,2583.5543164527,44,0
1491.30044172716,1611.37854702791,44,0
2980.81523090439,6064.48840829631,55,1
3422.75715864248,361.646315920947,44,0
3372.7296094956,5640.34597959908,44,0
338.336439946218,2570.39367734134,55,1
5098.16046075913,3393.99222965961,44,0
2470.13469847352,5119.36987639563,44,0
5464.16710923906,3633.4793768916,55,0
4623.24487307035,5303.42938628915,44,0
3114.32067828453,5502.97054522597,55,0
752.791381943393,4576.08694484741,55,0
5126.58854611524,3668.28496336505,44,0
4834.93252878896,4667.05054241469,55,0
4779.20001849682,3980.16874356728,55,0
5498.6063158355,4068.0601694666,55,0
5008.26937676657,5376.01270716138,55,0
5657.38710025478,3983.38156115189,55,0
5264.64667007598,2351.83394443164,55,0
2077.01422565302,711.502032757354,55,0
1902.9066293581,4739.58891406634,44,0
4304.75771891505,5371.45858038978,55,0
2248.8955243775,1080.20708005668,44,0
557.896590331096,4005.17819301404,44,0
4196.44975123982,4591.8144491161,44,0
4696.47348466959,4834.29264334124,55,0
5543.93133227625,2606.81129863544,55,0
3684.01952495365,5404.81201580082,55,0
5115.58894725557,1707.16179566849,55,0
1868.43411667472,778.485202090464,55,0
929.271335185756,3210.42459979244,44,0
2138.81728527616,439.265122335772,44,1
1154.78281797111,3104.70860504265,44,0
4481.30640397959,5476.9217959925,55,0
5358.5241845032,5044.93510378303,55,1
3043.98666320928,252.945440041156,44,1
4864.22309135945,1900.70414263384,55,0
5540.09387909839,3816.40360993568,44,0
5162.78262430867,4379.32682871342,44,0
5272.25793782677,4391.34630176382,55,0
2646.56850648358,5141.63902019796,55,0
4859.73926039447,5187.26981134198,55,0
601.545304067482,3516.1384208976,44,0
4209.91869141171,5613.1232272547,55,0
2844.90261347749,5765.83378101307,55,0
4598.59398708427,4706.31728013585,44,0
4932.60242358865,2383.28699085089,44,0
5907.47888474289,2348.09925481453,55,0
4970.62527677238,1886.17817238308,44,0
3522.0401679313,5180.98339409584,44,0
434.377649350939,4209.15190245899,44,1
1632.42901999951,4785.7976801823,44,0
5003.03688749139,2198.67610989327,55,0
4275.59153961406,5722.95543801559,55,0
4880.31091359199,4341.12465052334,44,0
3412.84261968285,5750.21247121191,55,0
2620.17476193056,915.627436565169,44,0
2089.26951430891,5423.00017280977,55,0
4794.1927254128,1620.82623854091,44,0
4413.14675197734,591.921206575034,55,0
1836.02154769835,5202.0976243842,55,0
1918.6860230543,5617.51439048864,55,0
1094.67452047041,4444.79699419119,55,0
4847.31888882232,4429.71552843789,44,0
2065.45522363011,4858.19290863524,44,0
4581.47456312987,4813.15357977497,55,0
4646.91360391143,5568.1021204737,55,0
711.362193298036,2794.63460181761,44,0
1087.73878398722,3822.14678542184,44,0
1782.09867784336,4903.79165472821,44,0
2044.39752169085,5628.60272650049,55,0
6048.97977542907,3177.80607156244,44,1
5365.30101228584,1469.53522478652,55,0
5411.58589439677,3969.99404689773,55,0
4796.66844468805,4775.10961255472,55,0
3357.272177358,1083.10393934713,44,0
3934.44647372767,1130.50047518045,44,0
5453.14563377638,3747.00174129091,55,0
5169.03226134946,1242.90894877002,55,0
1191.1275959694,5306.43691687286,55,1
5564.33183190503,4173.88889699472,55,0
4525.45783221814,5246.77563145639,55,0
481.677773043347,3122.63200032338,44,0
832.221786000833,1673.07846748527,55,0
4020.52653003325,1295.84662366229,44,0
3970.90221404184,377.946536205705,55,1
1111.19932536396,2357.1449099896,44,0
1945.0324064748,5026.09018454029,55,0
864.276273367526,1564.65862529804,55,0
2617.58126423451,5349.39682224878,44,0
1575.12188479528,4994.52334124142,44,0
3369.336483661,5528.1728273646,55,0
5218.72004526275,1637.38543499187,55,0
4451.59426046847,1214.95886341302,55,0
5382.40314070404,2865.30733432668,55,0
3955.25461443406,5834.06261998871,55,0
5256.4331252924,2517.81737705291,55,0
4125.53268757529,4749.82167994758,55,0
931.275757196621,3547.38336953859,44,0
4019.80991316267,531.677311224266,55,0
5279.82727996932,2828.95233443997,44,0
5738.92814715135,3589.47102028508,55,0
5116.55281494028,1584.18742154322,55,0
882.906559144428,3127.75443002296,44,0
5487.3090837803,2923.40946063337,55,0
2750.56657576065,4961.2028383968,44,0
1081.84967168918,2443.22437112419,44,0
250.837445023025,3406.19737085269,44,1
5108.10252841741,3290.66491691194,44,0
632.143509265979,2852.59269533701,44,0
1751.27669398023,746.419964302946,55,0
1832.31644590388,1364.85177531346,44,0
2187.55641020727,768.900550927761,55,0
1275.57131202722,3990.86316079872,44,0
2746.72499983138,5189.0771291894,55,0
5028.46309093051,3233.10791788628,44,0
2011.48704606986,1306.6785805356,44,0
5384.65302381876,3101.19342744908,55,0
3789.04477658764,931.64018305841,55,0
2201.23673229719,5394.98938187031,55,0
335.006676667954,2465.60624050169,44,1
3621.82800995347,5063.99966003354,55,0
353.476657220205,2373.99747679339,44,1
3075.7065367804,5293.35234477998,44,0
4347.34149957702,1219.73864796376,44,0
2194.51366503535,4716.99800315844,44,0
1210.58732060167,1811.73193928144,55,0
4745.57757958805,5206.93138606286,55,0
1585.13705930302,2018.65156779131,55,0
1145.17108060207,1722.5935541747,44,0
5188.92446863377,2789.96956878764,44,0
1020.48926387781,2516.23674986188,44,0
1214.81716299104,2216.22287516087,44,0
1703.68948239282,5449.26437893227,55,0
4211.68411309574,1707.08712625172,44,0
837.57355488851,2541.24180114917,44,0
3888.46681611109,4977.42109738554,44,0
4509.76707051054,5027.75333483127,55,0
959.156212445349,3834.93615371929,55,0
3687.29620158453,962.864946253758,44,0
538.241462809264,2788.01622247746,55,0
5074.705864071,3486.31234998706,44,0
2939.74695866651,5841.28282560636,55,0
988.733011652004,4627.0476011193,55,0
2550.76343229412,826.582300661738,55,0
3836.15994383878,4895.2182102841,44,0
3001.76874006177,5119.55507881422,44,0
3264.91091503915,5478.33021139188,55,0
1776.23764122525,5014.02826951289,55,0
5849.66905558968,3092.28850977831,44,0
5088.68850255798,4007.1756142732,55,0
3821.21004830219,5521.38536288913,55,0
4774.75845067294,1726.14377376884,55,0
5512.40292957826,3417.39598065217,55,0
2881.23316168206,440.107766696912,44,0
687.503093814116,3456.9991168126,44,0
5094.25212610713,4741.9182431165,55,0
1256.17398637426,3306.68058147029,44,0
4059.54380790121,5078.69051279703,55,0
4181.80661869878,1137.70496176786,55,0
2448.11316122092,5568.45016546119,55,0
5336.56462276095,1592.04188605515,55,0
2228.70080936845,4982.74693508533,44,0
484.843458459737,3792.45591281085,55,0
5689.4856270853,1795.57217791219,55,0
5213.94987622083,2252.10775096108,55,0
4417.04936676068,5576.11007656956,55,0
2732.85094718376,5742.44980324251,55,0
2667.80701667482,517.210423888207,55,0
4126.3071956518,5180.3116252154,55,0
1944.91162666532,980.897559541052,55,0
988.653558506632,1934.23128421175,44,0
4492.56702950788,4542.47751826651,44,0
1650.3467521085,4609.86037503579,55,0
4023.29320592826,5494.70521223508,55,0
3842.83132863812,5645.90992051809,55,0
2091.00424046597,5229.26346285687,44,0
1655.60728498276,808.680996103483,55,0
4562.35700074042,1801.1304419023,55,0
4718.67994229242,1083.12095681109,55,0
2344.12592541327,4833.44615189858,44,0
3523.54911548189,5082.15645207037,44,0
4194.9110819166,5898.24401545434,44,1
4828.64146189212,4222.63264609032,55,0
1058.03580425455,2197.70952352751,44,0
3211.56477716434,5981.74361786394,55,0
4635.2094184063,4401.65178509353,44,0
3449.24007485718,1100.98235881198,44,0
3625.41394170525,5184.47785834937,55,0
4583.55125094612,1903.64070652084,44,0
744.678094844989,3283.34617755332,44,0
3496.98376678877,713.334605284512,44,0
4799.09948241532,2251.70946859199,55,0
2636.1062259079,5025.09411496398,44,0
1171.786168108,1595.86283874558,55,0
5064.87838007909,4455.82737772347,55,0
1208.47089704376,2848.65526058665,44,0
2244.72324675667,4879.01311260147,44,0
5414.53576088293,2643.85378359686,55,0
5566.50164903452,3701.16392755799,55,0
5022.04835730177,2314.65149813387,55,0
1941.57665483559,4642.55541090078,44,0
5602.72840574758,3231.07217426434,55,0
701.881210925471,3853.37298622157,44,0
3592.7825723685,1244.11228785343,55,0
5533.92141801017,3950.57166769416,55,0
1487.75434868028,1714.35125476169,55,0
5183.70745643523,3462.13803473073,55,0
1487.19296821954,5492.23511057162,55,0
5734.9386079662,2889.74405482758,55,0
3523.63473672188,5927.78038101449,44,0
1848.56299934765,1139.74604957748,55,0
1980.28683855511,5829.23771464423,44,1
2153.92781994054,5656.52392171342,55,0
2724.99079818448,5307.88740277878,55,0
2056.32207204882,957.608463925586,55,0
3509.43610376902,5812.75271955992,55,0
3964.1089506977,797.222671962285,55,0
577.177291702194,2338.22622653457,55,0
3800.94611729217,1248.3996228791,55,0
2148.72428322394,883.063994877571,55,0
4126.07662414989,5692.76440697613,55,0
3808.8783961411,6019.50035676222,44,1
5458.31736682795,1565.78182986132,55,0
723.268257511277,2191.73314817361,55,0
2129.75914720269,5537.64915446283,55,0
4313.23929720005,536.036505750971,55,0
3005.46996715521,5471.45988731682,55,0
3870.85726022837,859.718753706015,44,0
3749.46914025919,5319.96773090412,44,0
4023.21367472541,5621.2354337762,55,0
4574.57299156705,5712.6592499037,55,1
5713.13850196419,2055.41398318864,55,0
2890.75000424381,1124.28603559054,44,0
4701.76299961184,4044.9583381357,44,0
4997.6136813708,3937.63673314511,44,0
2403.06467988851,5234.2484070187,55,0
2076.67233554554,587.591856691512,55,0
4748.77909116214,3569.46854775082,55,0
1562.72250626838,871.481682941009,55,0
4638.69135996757,4918.07458034251,44,0
3449.20495966589,5355.31717113651,55,0
3005.76600806411,698.669205002517,55,0
4891.25593301312,4142.50354968021,44,0
5666.89960866337,2583.13560778867,55,0
3448.18196523585,814.759144652216,55,0
4230.19153772152,627.016641847498,55,0
3105.83804787675,5628.09199549699,55,0
982.196118981118,2378.74669451496,55,0
1385.34126512197,2011.50974269507,44,0
1463.91463791407,5363.08842086922,55,0
2418.6776514542,765.397756457883,55,0
4907.37299507444,5072.22672664982,55,0
4780.05033976524,2140.11783027223,55,0
3102.89383023991,4725.89189505826,44,-1
1322.45378039629,4354.17845607609,55,0
1642.19589790502,1074.03094570029,55,0
2377.33146122922,5130.66465641296,44,0
3928.17811858926,5273.14890210506,55,0
370.316622845815,3767.18949359693,44,0
4477.28699673928,4636.95571450572,44,0
978.196255750329,5082.23795923362,55,1
5558.08296832173,3017.02828929993,44,0
2265.50917000172,1419.69115584831,44,0
3558.02182318552,5389.8130238605,55,0
735.191590829089,4212.12977258392,44,0
2805.34008754544,5889.7523700463,55,0
1350.24936945142,1527.59349588794,55,0
2303.98038467055,757.055751666886,55,0
1183.12815659843,1915.89475464602,44,0
695.344722817873,3123.7699669675,55,0
4950.96059060062,4968.696035571,55,0
1304.99233158378,3222.94941325736,44,0
1037.03659544123,1731.2316251181,55,0
645.502152518912,3230.4617512165,55,0
3993.15039774459,1035.16453136727,55,0
5181.82948412706,3962.04698365191,44,0
4967.59246027764,2749.38773220574,44,0
1332.26004218044,3514.6525145785,44,0
4187.37048277759,5366.51174094413,55,0
2988.57605263294,844.560538013192,44,0
2837.85296146474,334.65913061462,55,0
827.208362747244,2390.64092639844,55,0
2546.69346624343,4988.55506446303,44,0
277.668725289163,3206.25815723563,55,1
963.442927742032,2219.99020953795,44,0
1715.9496947915,4509.23072659258,44,0
3912.82254689237,5455.73398230303,55,0
984.625479313989,1558.20404496738,55,0
3960.00307220051,1624.97422685313,44,0
4596.74209663688,1688.4359134202,55,0
842.801153559139,2644.71273979369,55,0
3663.36003808007,476.698866631559,55,0
2141.42481749558,1030.59637359393,44,0
3647.15776045593,4951.76273404017,55,0
4164.79476111412,1429.62941353835,55,0
3125.74319015612,4939.08319463931,55,0
4404.08521186894,4572.27548452091,44,0
4109.09812920916,1050.8309095244,55,0
668.371356566468,3951.49328468151,44,0
4698.6782970488,1424.68421963955,55,0
3439.69871627847,1201.62872876292,44,0
4371.3335979974,4782.36911052954,44,0
1710.21268595015,4706.62312572962,55,0
5054.36244662315,1809.13681591378,55,0
3252.11218364895,5258.3824840786,44,0
1436.37388528426,1332.42595731754,55,0
4944.20505771324,4254.25656645474,55,0
5112.69787777604,1143.09904982405,55,0
5357.58552083747,3576.92367376565,55,0
754.509714067953,4381.52236143812,44,0
2916.75062503678,5526.61878209427,44,0
5268.82566048696,4275.85001245788,55,0
5305.58448197716,3373.31945538489,44,0
1413.40859928284,4863.41261019843,55,0
4518.75270456885,643.068335929432,55,0
3505.34012866964,5685.80501480246,55,0
746.953647713456,3634.05042189026,44,0
1939.96951851788,5245.95925533076,55,0
3364.12447449325,476.676015223015,55,0
5282.24534365251,3163.84161281265,55,0
657.673291681502,3336.04566339934,44,0
4186.5834723391,828.905891134188,55,0
4825.39139262069,3654.99357959044,55,0
728.36793536638,4696.63795475435,55,1
1856.45856667074,897.95439977061,44,0
5243.20187278807,5063.12080811477,55,0
4390.89701942021,1417.52852237568,55,0
4674.70517003214,2170.1310783552,44,0
3292.2110275959,6069.43353113316,55,1
5933.76913406271,3330.63961067728,55,0
4162.40299732081,1839.44722809579,44,0
2674.12969712256,1001.49892987853,44,0
3562.18117537929,823.842980789571,55,0
831.655185490563,3044.47708396677,44,0
1101.76885790554,4337.69213548292,44,0
4034.02909421209,686.64356593024,55,0
4539.69702842143,1008.71690254899,55,0
2109.6898015624,1501.99002868431,55,0
4933.24241346719,1985.63362859585,55,0
2801.77729243795,637.606396825709,55,0
1829.96656601833,1257.03199652898,55,0
4978.16410714578,3526.67058357427,55,0
4624.81644600902,5192.07432915882,55,0
1592.79271401701,1660.99421033286,55,0
3632.50967180117,5805.70358855489,55,0
980.974399819944,2029.09790554139,44,0
4145.28822417456,718.220450450601,55,0
5155.91200796204,5285.56868626699,55,1
3808.44759615514,1356.37899280472,44,0
830.857098221007,1791.41935674232,55,0
2516.9919617693,5327.27412253044,55,0
1410.38213430596,1918.32124559411,44,0
3593.4519800674,1359.71672877701,55,0
4682.0430145714,1802.75033995556,55,0
5162.47197451049,3757.23860621689,44,0
4535.56503396667,4916.64527437515,55,0
3477.66965321004,455.742999073414,55,0
702.865604261168,2345.33970934372,55,0
4035.58937054086,1151.16749813495,55,0
1911.09980164332,1442.66593277939,55,0
5045.45519437142,3612.84537369873,44,0
5251.34438988733,3544.50537255849,44,0
4197.00162880185,4465.80810679267,55,0
3020.78419897628,4790.29817934146,44,0
950.822608102982,4970.68306303024,55,0
1371.70413819221,4668.27137431561,55,0
3431.23576725076,5233.19327242127,55,0
2426.51802528346,1064.79138548579,44,0
3833.69488628147,1124.87545893222,55,0
2904.39229574444,554.224638698228,55,0
3420.20801955791,1008.72699926247,44,0
3990.85098946621,1391.84346801751,44,0
3388.46252383022,1296.72229810742,55,0
4132.85588173133,4866.90761025285,44,0
5949.99704885414,3462.04402031852,55,0
3030.52388382166,4903.9381932679,44,0
3292.92658133828,1015.24980678943,44,0
1085.43101243766,1499.25729025983,55,0
2120.36058231466,4532.82606134623,55,0
2677.39905878488,837.785058990427,44,0
1519.74544239677,1907.7328032209,44,0
856.093584389306,3287.35604673196,55,0
2521.35057857941,524.131720574481,55,0
2170.53110869699,1418.51183360286,44,0
1582.15245899488,5380.57248584493,55,0
3645.50366765543,1146.08855111856,44,0
1390.38507825102,1638.99043168248,55,0
2407.81047007543,505.207345986596,55,0
4728.01179597495,2050.20585209085,44,0
2558.23614331933,5719.97136709892,55,0
3529.23510824971,617.85614417338,44,0
1438.81164833221,1013.54211845866,55,0
2869.59635744062,1027.01479541814,44,0
3341.86347673985,5306.13567784866,55,0
3188.12500323395,6094.16517303616,44,1
3713.8305283254,5121.96324171879,44,0
5072.94431823672,3792.74924040325,44,0
693.139974490439,4480.27473503153,55,0
5737.49923216773,3112.7684179809,55,0
5938.20074867787,3026.11010800263,55,0
4022.28001247521,1703.2370630945,55,0
4806.9278471059,3881.42295547926,44,0
4002.90496414948,5369.65651474515,55,0
899.640785312944,3459.25670375858,44,0
4637.1882886833,2085.36069630922,44,0
1748.16580474778,878.081189833318,44,0
4783.70857479434,4115.24231476196,55,0
800.103936991669,2956.21811395558,44,0
1587.56999850368,4702.25392365015,44,0
951.788936458654,4002.39707993623,44,0
5634.961849128,3787.93381915619,44,0
4291.39202336714,1994.37765550595,44,0
5293.4891832358,3982.57132437149,55,0
2163.88769047564,5912.19685519092,44,1
1523.86035882161,4797.72069381384,55,0
4694.56141418728,1940.05057591919,55,0
1160.3830037657,4153.79503034662,44,0
1201.64807408002,4376.83188290397,55,0
3163.79405730414,874.201854922176,55,0
3668.74666519566,352.482376105917,55,0
2949.15945116716,5715.53875663383,55,0
4296.2499289955,941.934258828156,55,0
647.301785618583,2951.97816236208,55,0
1701.77958682861,1485.39328658349,55,0
3281.8489566707,689.252096626485,55,0
2116.32995264929,1322.07427001904,55,0
1359.6613712778,3880.41873825367,44,0
3743.6713514661,561.707940183998,55,0
5175.2801252377,2687.05164209618,55,0
2470.03121486595,6004.63539439679,44,1
2267.31380434458,5946.22812741524,44,1
4782.56297776851,4539.69236697485,55,0
4664.75731390578,4527.15004165004,55,0
3128.37209383655,5081.36876162296,55,0
2325.1609510347,1498.34604431185,44,0
2042.18130864041,475.834874377955,44,1
3114.05644561419,988.558698989672,44,0
4292.07787206711,5847.33420062423,55,1
2343.87354472474,1132.0256392177,55,0
2176.2402378292,4813.6793695622,44,0
4867.42065513416,2074.81521951381,44,0
1921.16606924559,4348.31074743335,44,0
2745.59814962782,1222.59124381925,44,0
2227.29119060801,5092.48774711852,55,0
468.875921961527,2390.14683678038,55,0
5501.80626424727,3107.59611082163,44,0
3019.80728693708,988.878124482759,44,0
4366.47135099578,1314.4555188151,44,0
786.217127823715,2735.07930568919,44,0
985.948644138427,4855.54319984628,55,0
5261.81546922329,3750.46331766895,44,0
2353.75661684634,1590.61117250006,44,0
2731.4040040123,922.572695966289,44,0
4230.58734887677,4803.45271429923,55,0
3631.67130229064,601.758542168532,55,0
1260.54420574352,3897.34825714995,44,0
896.158754097511,1881.84747679229,44,0
4740.09308493274,4429.34871992395,55,0
918.808404714816,2472.49362009369,55,0
4265.15122146792,1472.41614365391,55,0
1837.0421868721,1018.72557891563,55,0
4100.51804742835,4970.10053170176,55,0
4889.6408562816,2173.29135106821,55,0
2518.87387094564,705.370558390534,55,0
2784.51630232154,513.935821390929,55,0
1870.13841118261,1540.06718826137,44,0
4469.19624908158,3971.36101961295,44,-1
559.265997978928,4101.32515108313,44,0
1374.34761126566,2636.77988397735,44,0
5288.72441514657,2724.90224047047,55,0
828.600515776379,2840.15568350584,55,0
1884.38242559708,1787.53436487032,44,0
3923.42474020352,590.60661605834,44,0
312.965094213356,3479.94723334677,44,0
3944.59207437384,5710.50508730728,55,0
4090.61609299883,5295.0328672678,55,0
5346.10174829893,3688.03013813358,55,0
3323.41380777356,5949.32356219175,55,0
1792.02870504624,4780.22281933691,55,0
5629.30343160723,3390.98940253364,55,0
1257.55047448843,3576.12617573333,44,0
953.10861039478,3650.49388422992,55,0
531.762934122532,3221.70774755884,44,0
4112.08907216269,1235.77765914339,55,0
2707.36572785549,1360.03956719631,55,0
3296.90033723824,5729.67521698134,55,0
5613.85353638186,3114.7455972174,55,0
2826.17786028572,937.40800970113,44,0
838.313500740783,3830.70400569761,55,0
1477.65185850407,1988.97009627368,44,0
1306.30095543717,2868.04225625993,44,0
2940.80828819363,259.512637193254,44,1
2828.14150008612,5254.21018803998,44,0
5043.9102969469,4221.17101259962,44,0
1646.1734421703,1364.36773012567,44,0
1811.15516615915,4487.92437867696,44,0
2530.88629453003,5206.67539614478,55,0
776.111822339455,4113.71912517627,55,0
1418.2114875311,4257.69055349582,44,0
1081.10115145422,2043.43156378768,44,0
2223.77565134237,5281.83172711377,44,0
2815.1344734419,5493.81641391668,55,0
1401.61522875933,1431.65287868966,44,0
2002.12135364726,4563.64978630359,44,0
1998.60554829992,1523.43541049896,55,0
4896.17440536591,4573.40331278458,55,0
4600.04680107243,4224.49308757483,55,0
994.749322799968,3125.70084304295,55,0
1096.53854850177,1840.48686195635,55,0
941.990188392808,2583.70646382079,55,0
5749.60207856619,3799.82004863986,55,0
4775.32828961776,4320.93903797444,55,0
2739.10599605964,5068.99145356223,55,0
5096.10196900418,4125.196513902,55,0
2598.82625180239,619.663565050301,55,0
895.027036731593,3921.98951992233,44,0
4614.93612008632,2356.84980161395,44,0
2325.53215533025,4940.26609680881,55,0
4265.95290781959,1354.01269338621,55,0
5134.42906893508,2583.98823596277,55,0
4372.61258415985,1752.30006492583,55,0
1785.07263490495,5740.60789466729,44,1
4975.6432607037,4038.64531860838,55,0
1283.90318157965,2458.61238601217,55,0
2075.87529283902,1763.470624676,44,0
2257.34568040692,1202.21298342442,55,0
1597.25120059637,1455.05905489898,44,0
2515.45060813732,1099.16279590402,44,0
6065.00274200546,2952.74573523716,44,1
1173.5892225687,1425.34193233905,55,0
4072.88075698024,819.807223784597,55,0
3491.11284166562,1375.47611644433,44,0
291.611427806616,3707.46447142195,44,1
790.90139441776,3492.44112167358,55,0
852.611125877129,2199.95992367513,55,0
2504.76403172789,5891.72406406905,55,0
3340.45709931463,4974.88099443388,44,0
1110.20331072494,4649.31223114685,55,0
1068.3987797647,3035.42909342239,55,0
1451.82023429186,4353.21456072843,55,0
2352.57267250967,881.36621283609,55,0
1289.4582657632,4245.83311004859,55,0
4063.28571959522,1587.96559153818,55,0
3250.66389333227,511.038531661881,55,0
3246.42389461135,5104.41912447523,55,0
2431.92346866415,1302.16541811982,44,0
4023.61742414346,4588.39130817457,55,0
3735.30288374683,5221.93037289546,44,0
5015.26452259868,2579.76916186694,55,0
1173.9261728739,2654.11146078122,55,0
2531.07688761409,1264.22595490825,55,0
2558.73243288295,5085.66253729458,44,0
4946.92850848694,947.690338225337,55,0
2268.63585331113,635.309906288354,55,0
4665.28469180991,1317.29527210994,55,0
2651.09746909845,5443.11371287722,44,0
2993.13241949698,469.199847420996,55,0
2291.07026693613,4676.64355538422,49,0
4326.93772121949,4874.63254753201,55,0
5974.34110493465,2830.09071996199,55,0
5091.10056191379,2903.86381006207,55,0
5055.08100609767,2682.07607578393,55,0
1006.97685619252,2932.01483394305,55,0
2829.00593775054,4900.99587738983,44,0
3823.92545280596,738.182941038382,55,0
3272.29560824119,1401.89789400987,55,0
4426.97011820292,1626.53339731062,55,0
5924.64402386639,3701.01131289698,55,0
3744.52806578982,4913.97062890828,44,0
1623.1757445573,1910.05610643973,55,0
4741.00056428942,1535.19632920343,55,0
1140.27297078062,2532.2338083556,55,0
1283.83018562116,2668.0907840983,44,0
507.073822442634,3477.68947887711,44,0
3949.48993669145,1518.94086281748,55,0
2627.89489667862,737.384607887058,55,0
525.950842839915,2930.65406918771,55,0
2132.08144016702,5030.8087341155,44,0
1250.34715586809,2129.17754993956,44,0
3381.96582506206,4861.67042421241,44,0
4942.67694067041,2660.38458570092,44,0
2333.15850542881,1012.03880212259,55,0
5199.09450687071,3347.32314822589,55,0
441.503070369136,4102.76226506874,55,1
3885.75090477895,1015.46986478914,55,0
869.580563724518,4605.66955691095,55,0
3614.00006634799,5497.85657188402,55,0
1060.094349511,2613.76012590271,55,0
1778.87138521634,1769.51371915459,55,0
1177.72755925453,2427.28717260965,44,0
4896.82054500308,2565.75636604514,55,0
5185.6376273794,3094.30469296647,55,0
2905.70969476428,5414.48260963897,55,0
876.413439741765,4384.69064275957,55,0
1660.19096938302,5056.6479657624,55,0
4423.11611575084,4459.05535845883,55,0
3431.5980236693,5123.06980998308,44,0
400.141378019914,3662.60112796666,55,0
4481.25395376093,4744.3273697762,55,0
4480.22875664504,4366.74051496159,55,0
4518.34087413131,4139.81651655423,55,0
2565.75614281496,6029.13256615484,44,1
306.402601940196,2679.09518794221,55,1
1564.03909455765,4373.42478766662,55,0
4117.91742519453,4641.38018626152,44,0
4391.20203349405,4224.95360683165,55,0
3336.85712992364,796.841886596005,55,0
4201.78784470638,4687.23186757134,44,0
782.844656378715,3379.03729108179,55,0
4624.3467732797,3968.00584391711,55,0
3957.18930803901,922.852152923593,55,0
5313.05669072473,5156.71992707508,44,1
941.084419800526,3021.58330163138,55,0
2049.79387816508,1659.6390099687,55,0
5509.58325981408,2812.2598531662,55,0
4169.93480002964,1321.43484755488,44,0
4909.98011436464,2284.25779587058,55,0
4010.48210714969,4736.00040285697,55,0
346.373685963444,2789.03314433153,55,0
2761.78875365658,1452.40665965564,44,0
4336.06961318289,5158.27172950888,55,0
1132.43151514982,2265.40198100467,44,0
2963.59522220403,1069.18198098067,44,0
4851.66018542442,2467.39011581,55,0
2082.20328415885,5760.04995073703,55,0
2754.80963045636,4839.72613577406,44,0
4490.05011837805,5780.27400528788,44,1
1236.49100149884,2937.21770666996,44,0
3076.98756487053,789.937327648186,55,0
661.464778719645,3688.83022779103,44,0
2394.63861157076,4749.4404809617,44,0
3824.26301582807,4795.63354078803,44,0
2876.19305632272,6078.01042483146,44,1
4674.93575247472,5679.90521110908,44,1
2287.60787602382,5190.37511057093,55,0
4597.32545146248,784.95678398279,55,0
2841.81008119903,5008.53519738556,55,0
3908.60430281245,5151.49632481502,55,0
4052.90283368028,1470.25776174762,55,0
1985.72827731649,4813.09791994485,44,0
4891.96984708068,3952.43165632325,55,0
442.499359621753,2505.16515462281,55,0
5233.47147121636,3644.93221353094,55,0
972.095839840003,4199.92240884829,55,0
4302.28968447681,4587.37501507785,55,0
900.786022184098,4107.10842660277,55,0
4932.80942112737,5504.18329833107,44,1
5021.71339827115,3335.93020673497,44,0
3432.41349105873,573.160030830074,55,0
1803.47684477098,1467.31510640067,44,0
3735.29992212023,1057.63562167426,55,0
4260.21005683809,1795.49265493805,55,0
4528.14493305542,889.486142835833,55,0
3036.58777064783,5011.48755305486,55,0
4069.025612439,939.617695578427,55,0
3631.52192604983,4745.20985734186,44,0
2848.67020501773,1213.08890551236,44,0
1493.92062127978,4191.5965255289,44,0
2424.53882731759,5023.97585923584,55,0
3752.49663485283,5808.73432567595,55,0
2425.84148342998,964.884842786997,44,0
4631.31938004898,4115.85031472911,55,0
711.341752784347,2670.6778485327,44,0
1361.87608486701,2541.83167193402,44,0
1402.58939384398,2326.9242398532,55,0
3544.22479351347,1135.79720597732,55,0
3068.63753344137,1076.22878582745,44,0
4000.33737182784,5950.52904365854,55,1
3170.39801537444,1075.83190367617,55,0
2340.27940059857,4453.84320498781,55,-1
1204.85341204673,2332.72664731993,44,0
1293.74638566541,3800.50955876807,55,0
2182.20556720654,545.524741034305,55,0
4975.1909524387,2849.37708116611,55,0
2896.84641016912,5961.02935289748,55,0
793.697108608385,3191.8002164313,55,0
5036.5416153517,3703.08929849084,44,0
4990.0576105224,4140.92538660509,44,0
4495.72291533591,4237.91588500045,44,0
3890.59836096095,1694.52845504783,44,0
2586.87618200468,422.417141389033,55,0
4105.98320807169,5943.33293215862,44,1
573.188952576184,3898.47091267728,55,0
1141.31567908086,2134.81559133234,55,0
4183.11506313185,952.794877454078,55,0
750.759713735349,3752.35714000635,55,0
4967.56675907445,4386.10981881748,44,0
2932.8548372997,4874.81245354365,55,0
1297.60958103148,2036.07452956255,44,0
1257.34333593598,2569.88185802449,55,0
1740.67948246443,1387.85728955486,44,0
4827.93935695477,3768.13305300324,55,0
2310.02447836875,4564.40264513217,55,0
3072.73350070534,1358.07323419201,44,0
5147.74257154648,3200.96854823198,44,0
4456.54094834648,1825.08390247211,44,0
4667.67628743891,3442.83902443816,44,-1
1766.85441383345,4599.84889527448,55,0
3616.2204504343,1040.3673862209,55,0
2582.48489204789,1171.8504896098,44,0
4573.23618800991,4324.57441216807,44,0
3989.53638313099,4935.14084122885,55,0
2645.61905188552,1258.54838269956,55,0
1845.99921557792,1680.07612482636,55,0
3065.07852022366,902.768693525359,44,0
4305.9438988214,1658.78025166558,55,0
3330.18913112495,5186.17998368709,55,0
2529.65205708266,966.063362318345,55,0
4411.56936375917,909.999258513203,55,0
3368.81838272703,913.021845185392,55,0
3085.55391059472,6092.87884875981,44,1
897.119784073775,2746.2198106785,55,0
4862.20834130317,3550.69122757025,55,0
2675.92387573048,1128.59768340593,55,0
2029.557338927,4290.12531036888,44,0
1939.28723787766,1220.6478357713,55,0
4897.71876072213,3848.88140581515,44,0
2618.20140660726,1571.82714632198,44,0
3193.32070651246,401.485838984511,55,0
3890.17739277936,1418.90448564977,55,0
3009.70394127583,1283.36550329271,44,0
1408.96343913003,3955.38468954284,44,0
1151.64370030823,3555.43297852841,44,0
1461.8211931999,2580.54169716642,55,0
666.942499311472,4057.44230042577,55,0
1468.96419245119,4093.65704639347,55,0
3925.64963298659,4619.1361652818,44,0
1363.94240282328,4053.09527752359,55,0
5092.99584857198,3020.92475335166,55,0
992.615807532027,4316.45678672502,55,0
2107.85337290472,4351.70243494366,55,0
4696.00520751213,2739.13809899235,55,0
2227.93816306771,971.434553623981,55,0
1083.60579547237,4232.93828566087,55,0
3287.97720124237,4896.10053383082,44,0
4939.7706666007,3746.55736687806,55,0
3090.05309002554,1184.95326311142,55,0
1020.66950563644,4738.47089230268,55,0
465.745657206047,4301.98407399347,44,1
3735.26007209969,1166.98724560606,44,0
2093.53458547809,4754.43757293362,55,0
1352.06463069342,3603.48031566416,44,0
1530.65130741504,4275.4596607977,44,0
4034.86712255608,4471.86257873452,55,-1
1186.06916616489,2030.17568058117,55,0
1335.40008474591,4559.31419659945,55,0
3338.80073757383,1191.34385996748,55,0
1758.37900096538,4209.68435907819,55,0
1591.29946024272,4889.05544548254,55,0
3105.29195321449,4833.36916367292,44,0
4155.39237683069,4328.45267000873,44,-1
873.525693469961,1993.78094147896,55,0
2768.86608612218,1016.26614860007,44,0
4917.59571662332,3356.90332133661,55,0
1131.44624502697,2937.86542373563,55,0
4987.42738038396,2964.02181879348,55,0
3198.33859944846,1182.73021877703,44,0
2846.310771878,1413.02287327724,44,0
1093.81612981265,3188.52800836121,55,0
4581.71022047901,4598.47399938513,55,0
1038.34707185881,3920.96564568935,55,0
420.572712197616,3255.3953130282,55,0
4878.71857131481,2914.67177686609,55,0
543.413604149395,3327.6583120876,55,0
1025.64054956643,3738.2878754392,55,0
4349.38546033247,1546.23487777726,55,0
2264.08209629805,4782.87840032805,44,0
4711.20934853621,2367.73442861678,44,0
2815.55610315146,1534.82064417844,44,0
4971.73996902711,2477.10097711316,55,0
1218.43293145976,4587.83443952032,55,0
4350.66338406657,4127.43378410288,44,-1
1495.68727839708,2467.61567930898,55,0
1587.43962135441,4081.66991114582,55,0
3696.29355774609,1256.99018588014,44,0
3642.59021087339,4840.97624809682,44,0
3641.25579175639,4631.22018251237,55,-1
2222.80542157805,1514.24294785828,55,0
2741.44486007892,395.968938765104,55,0
4400.12142730883,5825.07316273466,44,1
1179.0426016508,4050.61155873294,55,0
943.120029982548,3365.40103235344,55,0
1147.99149436033,3290.09201014964,55,0
1940.34600640343,1621.86128757513,55,0
4710.18535630258,2920.89755093812,55,-1
1613.28596681293,2293.68002138047,44,0
4817.55361074007,2362.03790692186,55,0
1273.859340046,3124.89926964607,55,0
261.63224435457,3091.08981416751,55,1
4804.77048092774,3104.52097195759,44,0
4837.77783758619,3279.55793405475,44,0
2358.35270559053,1239.31240142698,44,0
4801.08514496762,3376.41978194396,55,0
1015.31539517729,3273.23753639563,55,0
2202.69663298745,4610.56215113575,55,0
2663.41645441113,4928.80718241728,44,0
3156.77313088823,1279.10878296944,55,0
2260.51318538894,1623.8626749126,55,0
4270.32385821489,4224.90385708648,44,-1
1885.34236781967,4847.81735583268,55,0
1104.63143569794,3650.8164477917,55,0
1703.92203740595,2025.87490416865,55,0
2446.52503036766,1649.21541723444,55,0
2930.76241462988,934.83729451859,55,0
4069.22841700231,1888.90292426414,55,-1
379.544596546319,3052.8078269756,55,0
2596.73876428137,1361.07105913745,55,0
548.814719268978,4224.31794755879,55,0
1171.33485127683,2757.74565762082,44,0
4486.50865355739,1726.0085091229,55,0
4816.07751839054,2732.61728738721,55,0
2167.77603256453,1680.31960023743,55,0
1376.83324109682,4165.95200731411,55,0
1882.24140827584,4562.62519982642,55,0
1293.95675427909,4457.09550096481,44,0
1969.95259279517,1735.21108905599,55,0
1321.57249935842,2238.15857023528,55,0
2342.4649228706,5511.5194305827,55,0
616.474526273182,3788.20878284867,55,0
2050.37799012865,1207.92759269189,55,0
2398.35612976089,4634.02312435765,55,0
2568.57332823686,4880.33325111687,55,0
1734.04582216593,1872.00909695021,55,0
4989.73767358103,3062.4986959257,44,0
4713.02216377143,3670.47060565723,55,0
4745.73338873945,3232.40744323031,55,0
4942.06749045141,3635.99122349342,55,0
2226.25683817026,1313.20968767101,55,0
2588.85888006458,4774.19672210189,44,0
1266.79549799663,4124.15175823159,55,0
312.49700012409,3316.58606012929,55,0
1834.23410336045,1864.49379831297,44,0
1199.84576549024,3022.05132922442,44,0
3435.27296390044,5016.85310910137,55,0
2787.03465189012,1123.75038003987,55,0
1518.37356547153,4484.8546318082,55,0
4702.57567626736,3131.47301989969,55,-1
3544.22282953439,4972.99872689401,55,0
2978.30032591578,1180.46779685339,55,0
4097.75101009237,1774.29391939726,55,0
3240.66382013088,1590.15719496815,44,-1
2069.36423315874,5874.10080242634,44,1
1664.42030445919,1767.05281136797,55,0
2450.60159817741,1177.80434174621,55,0
2076.04639576109,4641.65515920271,55,0
2662.22680082865,4832.4015587026,44,0
334.649253490194,3908.25087196596,44,1
3227.96641542027,4985.99087315502,55,0
2010.92269206727,4383.15983145766,44,0
4234.37712082659,1910.01822840274,55,0
5081.56994237191,2790.03563916336,55,0
4640.36670774761,3596.95134587694,44,-1
4713.05933932224,4205.0503619596,55,0
1619.03776356466,4511.63363979809,44,0
3732.88876059233,4815.93446465283,44,0
780.567687089926,3935.14509064201,55,0
2167.16406622039,4434.63247759172,44,0
3323.17700369308,1503.0419683734,44,0
1465.86160212705,3376.73263072523,44,0
2940.88584243084,1385.09149553698,55,0
3496.41454408547,1276.720312335,44,0
2028.53985084262,1414.07208249239,55,0
3223.96696872201,1496.70217908903,44,0
3804.57606466913,1501.98582763533,55,0
2433.39395944222,4905.1059154161,55,0
2916.77427318422,1280.75117182725,44,0
3706.58331051185,1364.5288913659,55,0
3749.04371281081,5023.06365383458,55,0
1849.22444166113,4275.32680494069,55,0
1208.96034182347,3201.6284188008,44,0
1302.82964588075,2356.6928068318,44,0
4306.86856702178,4433.40133327003,55,0
2851.16987723967,4796.58327692346,55,0
1066.16716309955,3376.04028525908,55,0
1306.04632931518,3018.48521760529,55,0
3897.14712645907,4725.27750695618,55,0
5072.24105609064,3131.02145147165,55,0
2757.78334915496,4732.15686285205,55,0
1551.50301821152,3887.3471513325,44,0
3484.21288089834,4871.24513680709,55,0
4743.76265660926,2454.82992794467,44,0
4811.46657138759,3006.73216849513,55,0
276.842768217486,2886.22734038465,55,1
4666.61274994068,4309.51397086287,44,0
4892.67624922672,3064.99103572252,44,0
1038.12495505684,3559.37172919493,55,0
381.826049356274,4003.35530264994,55,1
3918.54588110429,4839.32337811978,55,0
4760.80352863358,3467.60987458188,44,0
446.352064751615,3904.85112259251,55,0
2809.28294286454,1309.54593947699,55,0
1220.60545483789,3486.99373971689,44,0
1624.85814711193,3981.10772203637,44,0
4790.58358533854,2605.09073041237,44,0
4565.2503397759,2273.54341803151,55,0
1405.27001757924,4463.12936901435,55,0
3009.3187846879,1473.45490289413,49,0
4930.94936913379,3253.32600816615,44,0
4508.31551473158,2372.25736593209,55,-1
2146.84928927435,4925.66942374034,55,0
1461.35980711457,2086.51643271883,55,0
295.742385020758,3600.89550113597,55,1
4121.33892210999,4528.7624545012,44,0
4258.47041038165,2083.20898899617,44,-1
1924.66011473925,4451.89406170378,55,0
3755.10616382024,1720.36862115024,55,-1
3699.41165346593,1482.94963141287,55,0
4475.14349981501,2072.27660952097,55,0
4722.57274420864,3817.14315613181,55,0
1455.4322119316,3873.31628465638,44,0
1236.58445586906,3678.38308475162,55,0
1599.21390348641,4192.08696050239,55,0
402.054672222977,2939.78528414945,55,0
410.414771127146,3537.3326955968,55,0
1357.07170707862,2137.69466305996,55,0
2396.32826586499,1437.63419326002,44,0
2939.47326770594,4744.66608799159,44,0
3812.78812891145,1619.93652738733,55,0
2570.58253401063,4681.10547046142,44,0
3983.05602218931,1826.27062686049,55,-1
3815.13084525636,4657.66677496251,44,0
4949.71776671591,3154.92344713859,55,0
2229.56142825137,4500.73271100214,44,0
435.39048252151,3386.86256398899,55,0
4361.45954442092,1868.04368271743,55,0
3377.89394869872,1408.59801308362,44,0
4256.65634494805,4329.93134858015,55,0
1179.12434962348,3398.17264763534,55,0
1518.10650743203,3986.782950719,55,0
1927.19600492626,1876.50887572703,44,0
2657.7900385094,1461.8749161162,55,0
1097.88146238199,2830.37187194211,55,0
3533.97410396917,4764.33785824355,55,0
1573.25671169041,2132.04851798121,55,0
4641.458358889,3747.27879385474,44,0
4429.89978502761,4064.15657385135,55,-1
2658.17680926521,4706.97187471823,44,0
3727.6032691756,4709.22512119893,55,0
4631.92584486985,3862.44024612144,44,0
3202.67243174979,4833.65153516654,55,0
4680.84509337853,2272.02950173297,55,0
523.663604371904,3681.72239418059,55,0
1578.63023328321,2391.79329673705,55,0
1158.7513008165,3935.22053887595,55,0
1995.74467912645,4191.74886823885,55,-1
4396.89374964088,1970.4735796729,55,0
1360.59198313533,3704.40772854166,55,0
2493.88363022845,4552.96100397198,44,-1
1684.04566240353,2396.91148303611,44,0
2543.24269865001,1501.258445411,55,0
1445.76100252479,3635.74086222528,44,0
4574.71897373656,2009.07810274107,55,0
4564.08481636718,3795.82499769268,44,-1
1390.32636238388,2447.7539042251,44,0
4083.43153631547,4386.0782144222,44,-1
3315.36958324434,4791.7709035543,44,0
1869.41703985621,2151.87564246887,44,0
1693.94642321411,4120.54743661446,55,0
1663.64637101974,2717.38353315802,55,-1
1277.73862141748,2772.01144363121,55,0
3266.53153540054,1286.7742041857,49,0
1645.84054772392,3581.49307265205,55,-1
3452.48036820959,1467.83410507972,44,0
2492.36082894645,4803.39006689629,55,0
3651.37065775023,1683.78756348681,55,-1
4534.52492019713,3894.84870445721,55,-1
2479.36840105377,4694.55878454496,44,0
2405.07145772866,4526.33168535168,44,-1
4684.57074795221,2534.4513501053,44,0
2436.68194352176,1537.12728372704,55,0
1407.0197119114,3797.11368648687,44,0
1808.6948054148,4382.57371438772,55,0
1397.89248394496,3444.8846946718,44,0
1788.93287406774,2094.60798647772,44,0
4366.34364511965,2174.74219883542,55,-1
3017.45626591662,4689.47224176607,44,-1
1105.25310729038,1119.43641390007,44,1
1696.09617218195,3898.48180849887,55,0
2488.68517502058,1397.80914014803,55,0
1470.85086316353,3721.66077701039,44,0
1666.82182168343,2208.33335938324,55,0
1959.95731616067,1967.75989226238,44,0
1884.13979784593,4164.83364293112,55,0
676.361057838084,4308.77959148897,55,0
1797.59898253651,4108.32770813798,44,0
4559.89213384331,2156.66433531822,55,0
1799.51667594537,1955.7074779787,44,0
1687.07439033139,4301.65141040133,55,0
1868.07644545439,2042.451698533,55,0
3117.45333258495,1506.93865511377,55,0
1367.57847751141,3328.04930210459,55,0
1506.97854394531,2308.96412636098,44,0
1405.50413643916,2868.36761263179,44,0
2252.49600641752,1736.27346930598,44,0
1414.19722459461,3226.94132130959,55,0
2906.63052837049,1496.97334078713,55,0
4368.66690509575,2075.91533364789,44,0
1553.75411690901,3531.89544771648,44,0
3333.52806611672,1615.37782268726,44,-1
3202.82173292857,4713.7020946955,55,-1
4448.15405910747,2274.41795359318,55,-1
1780.67688449285,2194.12814478419,55,0
2848.78910692725,4666.89287703836,44,-1
3514.83157861265,1546.23298892722,55,0
1676.22673264155,4417.12662687962,55,0
2015.51558527253,1836.05643556566,44,0
1559.74639149743,2548.45402526792,44,0
1448.00969884771,3535.81760269613,55,0
4695.80118316266,3332.32422433704,55,-1
3926.74666913193,4508.75017988788,55,-1
1518.85807967833,2220.0535821751,44,0
4367.5692039753,4335.72517149145,55,0
3545.54393575792,4649.7846165777,44,-1
2106.98984919233,1889.45720898529,55,0
3161.44302245089,1396.89897420087,55,0
2578.60113352058,4583.55247150133,44,-1
1296.69054221664,3416.31081426591,55,0
4570.52468488181,2513.33810567959,55,-1
4703.80132031886,2639.55494592649,44,0
4696.0537675075,3023.10122271764,55,-1
2407.65669842043,1803.84629527535,55,-1
4140.76557136258,1961.90348731167,44,-1
1391.43588558521,3118.18390401824,55,0
3736.04566084001,4593.32964532687,44,-1
1725.37406326068,4010.7255903969,55,0
1542.73916436607,3618.74365459089,44,0
1961.21212940308,2109.98832409422,55,0
1580.30208897677,3717.32979942038,55,0
1950.01794186362,2207.51944565813,44,-1
3836.47266698188,1778.17321438339,44,-1
1867.61155458218,2271.79255399669,55,-1
4670.060408726,2835.7587609594,55,-1
3540.3352330228,1660.80166616281,44,-1
2964.49891631841,1597.69457855724,55,0
2533.80941587333,1617.06071816212,44,0
1520.43992245149,3800.6389045425,44,0
3828.58152299221,4557.72388062328,55,-1
2262.88564769293,4374.18311682927,44,-1
1720.95865508175,2305.84810776051,55,0
1599.58349215653,2879.79618216898,55,0
2348.83871089579,1700.45790229006,55,0
2121.32457805631,4242.88014230229,44,-1
1495.93759583602,2827.82307248857,55,0
2718.57639116173,1561.19133880512,55,0
2033.1579235186,2032.84013288412,44,0
2669.07332137403,1672.63236319594,55,-1
2172.92374061886,1796.15489003174,55,0
2502.61808675398,1771.08246700218,55,-1
1424.87537730673,3012.50438073609,55,0
1640.79994598246,2488.42422040208,55,0
3409.92132432114,1554.52154888686,44,0
2722.20680312452,4635.47736224024,44,-1
1395.47049210218,2758.36335141204,55,0
2573.99833321293,1707.17403242781,44,-1
1623.73546005602,2983.54513823812,44,-1
2310.94203406776,1813.11275533101,44,0
1882.54596550954,4046.68708120319,44,-1
1627.36849893957,3815.81372213439,55,0
3689.8160882219,1586.86758656027,44,0
1805.40833045043,3927.81571014152,55,-1
1610.41945463211,3085.94215371052,55,-1
1821.28824951576,2368.67338359044,55,-1
1531.38754619335,3221.71843316808,55,0
3455.08163738186,4686.40288010386,55,-1
2191.79639998516,1960.76801844426,44,-1
1499.24217308756,2926.93293146797,55,0
1469.92434391287,2683.9646870728,49,0
4647.27720328499,2445.2819096252,44,0
2779.96043308766,1662.15959032888,55,-1
1554.71850913485,2644.56326474618,44,0
3451.42939901807,1635.97984616704,49,-1
3152.51453328767,1609.12558452966,44,-1
1555.67120732649,3428.92162407844,55,0
1553.06208705014,3308.60638121926,44,0
1535.30155305479,3028.59050948576,44,0
1770.55742040518,2474.03444009118,55,-1
2243.75320762769,1875.36107663593,44,0
2127.43043943798,2017.17731706084,44,-1
2880.68597040628,1649.76591243653,55,-1
865.242408411897,1377.16744534578,44,1
1647.68647667213,2604.55471694832,55,0
1755.76718257065,3805.04951056579,44,-1
3067.12481045104,1614.09891665904,44,-1
