5056.39722617867,969.978270952219,44,1
5166.79229684869,4969.02542617531,44,0
5927.92049183291,2244.26333619985,44,1
5766.02641612638,1868.17793160516,44,1
5494.01833275141,1420.14667883428,44,1
6012.41725709954,2546.1229661239,44,1
5218.0871243208,1102.50758643008,44,1
5132.20692756173,5059.7012327398,44,0
5727.44461315412,4553.43332722946,44,1
5893.18550556627,2147.97056325029,44,1
5086.19921375469,2091.6149372152,44,0
6037.43924728134,3378.48817466541,44,0
5194.86388425231,1347.72592352454,44,0
4313.76490811213,5598.38770834623,44,0
5527.67479857083,4622.31750907079,44,0
6033.6758451026,3668.64614434268,44,1
5092.72962934414,4893.85450443293,44,0
4942.51577542139,1487.24698830565,44,0
5810.94907780427,1952.90894536266,44,1
4192.88016861859,5789.828323178,44,0
5721.32554367348,3486.2072539318,44,0
963.783140633695,1390.59835783899,44,0
1247.14577262494,981.383205908807,44,1
1073.70130232827,4913.19000898852,44,0
5485.55127638931,4407.95028845802,44,0
2594.00581237516,5826.59872435411,44,0
5716.94854021968,3900.29907424064,44,0
6014.09899099767,3776.52286223717,44,1
5805.22501840474,3706.48722375021,44,0
5870.33175878009,4186.43181921318,44,1
5593.3771360606,4278.12611118462,44,0
5185.47214187645,4862.00794917511,44,0
4896.30798515194,1156.41586148635,44,0
4835.82912102605,5302.31288050573,44,0
5062.42418002657,4982.82305033397,44,0
5188.82252188777,4474.02526094308,44,0
5787.12754022112,2412.81443393566,44,0
3108.75370037168,5987.6717165788,44,0
4338.5010101734,1042.32569240592,44,0
5691.49559198265,3303.71465896158,44,0
5607.05084526095,4727.07764144847,55,1
1522.36572585481,5246.87670597913,44,0
3425.01651203269,5899.43493433573,44,0
3343.24746357192,5834.24688371201,44,0
5332.87805150869,3884.75311435633,44,0
5076.59529914293,1911.67028078955,44,0
2133.06039621082,5320.15793674225,44,0
6064.22688243537,3471.59602804223,44,1
5946.69837139704,3130.39048191644,44,0
835.248761815958,4714.56318382498,44,0
5234.21440597455,5219.13602469283,44,1
5383.97048651883,4353.51819961737,44,0
5044.12456629895,1472.89534413768,44,0
5261.16505532604,1890.37959393085,44,0
3051.96004651484,5728.35576593868,44,0
5269.37788892996,1410.00402066505,44,0
1340.52348341744,928.029720728157,55,1
4409.73600131885,5388.45020031681,44,0
4172.92232659979,5488.92554810801,44,0
5937.15300074804,2732.55311846884,44,0
5409.06932916747,1667.51586725277,44,0
5756.44609121862,4452.30311335634,55,1
5551.18897762828,1498.12793859471,44,1
5780.46792593607,2588.2555609238,44,0
3326.72816236231,587.777041486475,44,0
1668.27788153798,668.134942151515,44,1
5821.29409042039,4369.46486191786,44,1
1246.14040095042,5203.16931278186,44,0
1428.85482993525,857.363743341473,55,1
2311.08460171123,5405.48644852428,44,0
3754.52869980828,417.367532776571,44,0
5141.57407260979,1031.50062892975,44,1
4560.05932581256,1217.68126448164,44,0
4381.64910275807,5720.81710047011,44,0
3622.2283230658,5688.30902896376,44,0
2387.40777921083,5843.59022312675,44,0
1883.32897321881,5730.96584397287,44,0
939.63109249013,1654.41036658929,44,0
4901.83106993207,5399.44820584239,44,0
3053.13082789686,5832.59131750016,44,0
4978.50999396722,1328.35332112277,44,0
5738.99921075161,2499.4402165451,44,0
5038.74186561815,5262.77669318014,55,0
4811.75433184084,763.917773435773,44,1
4647.14564489404,1009.02594057549,44,0
4484.78680886383,784.644771004012,44,0
5457.66882148439,2427.86003416614,44,0
5846.93276254634,3406.67061424801,44,0
5977.24210672505,3874.59373862099,55,1
5257.97572052648,4939.40385034121,44,0
4909.17095117876,1054.95623262691,44,0
1490.35187894351,4936.81727679678,44,0
1066.36494026639,5012.88116899385,44,0
3750.01589297046,5318.47821551078,44,0
846.496640922031,4021.79745261449,44,0
1482.79134400868,5037.86029365165,44,0
5552.23911677729,2383.30211825233,44,0
1207.89449046404,5113.89002318776,44,0
4041.35177150032,5756.95737499292,44,0
4120.32615482884,482.916800521344,44,0
2886.70483757894,5623.74370340692,44,0
5849.31432965031,3618.30158137566,44,0
5749.46593729325,4104.8951480011,55,0
5917.17055416681,2591.35414902294,44,0
2114.96546555736,5132.69461174578,44,0
4805.73572115108,5413.37879877495,44,0
4730.22024881015,709.839618916117,44,1
5157.63598002236,2154.44519117058,44,0
4440.6213253962,5172.3871308944,44,0
3351.17311269795,5077.02303375176,44,0
1358.09212601621,5393.96550933952,44,0
2795.86194891926,6019.02071424879,44,0
5029.97363869462,5084.04840444596,55,0
1136.82438449634,5204.49691927664,55,0
5181.35392643504,4679.79689289263,44,0
1852.29163152272,5089.77840627058,44,0
465.684010687964,2089.63753980174,44,1
4754.27792470839,5603.23688823023,44,1
4883.82241934955,1694.84319666635,44,0
1687.6096460032,5337.73933834927,44,0
3830.08948548556,492.955542428388,44,0
1622.4341318337,5269.4314126655,44,0
1980.00043739846,749.794454969846,44,0
1598.77669397419,5488.55272576574,44,0
5442.7553060397,4560.13469960319,44,0
6048.69714659932,3177.6568727486,44,1
4632.21502498704,1588.61581222349,44,0
939.596644466985,2846.80688458265,44,0
4888.3486736403,1582.00764224347,44,0
4930.79556412068,5276.32069321971,44,0
1111.99610120355,5099.6296137365,44,0
6050.0656483494,2753.06423397283,44,1
5799.84487186593,2316.77251988745,44,0
1100.21259561324,4815.08192110307,44,0
5712.73022311429,3211.7849039357,44,0
4108.92844593215,5838.44466781277,44,0
3761.94433828615,5923.22522748198,44,0
4817.95668260743,1027.19757524113,44,0
5941.40015113265,3227.6935030422,44,0
3096.11315518082,441.419346311573,44,0
6047.56172398389,3281.39344602734,44,1
1544.42412120466,979.86144674926,44,0
5378.0796379384,4256.3027182726,44,0
5504.72604143584,1698.45063071107,44,0
6015.13282922583,2649.37886917913,55,1
2915.83187382508,5301.66326203724,44,0
680.472552159445,1913.07631498571,44,0
5486.45416143848,3197.93972148007,44,0
4917.0727206775,4747.39635581065,44,0
6062.35193769751,3054.9664412166,55,1
4097.26392740838,5420.15381277188,44,0
4698.49202884872,1654.86017395705,44,0
642.815148865382,2431.49969756,44,0
713.349428166161,1623.33761973994,55,1
5266.97334780846,1983.9964674851,44,0
637.366886488477,4575.43846431419,44,1
988.462340387531,2125.90201357812,44,0
5361.54905856162,4954.72273537104,44,0
5513.62414040284,3527.6569390126,55,0
2290.39900430136,5841.69076087381,44,0
5280.88310753774,1188.01892753576,55,1
2621.54895927561,5349.06303993906,44,0
4950.62778720978,4485.28612300725,44,0
4656.26644158979,5401.84174138155,44,0
2044.45761083999,5069.21408591037,44,0
2262.81754063119,5704.34280134981,44,0
4332.82963340737,670.122073184438,44,0
3638.03185855445,5922.32005268138,44,0
1980.01034195745,5726.49192116533,44,0
1984.89289928822,5431.49669365378,44,0
4467.21119765196,5677.75742185934,44,0
5085.7824844345,3899.02511348651,44,0
5849.63053934909,3091.57578779455,44,0
4528.87569135859,5135.75857890902,44,0
5083.37309033775,1362.33132539339,55,0
5616.38310725169,3599.37008823284,55,0
3716.5942474641,5510.6235881929,44,0
4985.8888872411,1194.54829192979,44,0
2470.17336310237,5784.57489245317,44,0
813.587117117008,1445.1759091261,44,1
2183.37623588256,5197.88904516367,44,0
5299.20134363846,1795.07092500467,44,0
4253.56120207062,738.007022026272,44,0
4211.59711672507,5261.08227062924,44,0
1455.36024762596,1131.04008622132,44,0
284.115569497637,2988.35937357628,44,1
5608.27513009848,1891.16941126056,55,0
4213.80197369236,513.056332172248,44,0
728.473994092416,1736.02823128223,44,0
801.612137187318,1910.50967492575,44,0
4390.32645835339,1125.96672055068,44,0
3005.91842104021,583.071533453683,44,0
4289.56859720808,1133.34706247768,44,0
2645.22183807625,315.729266644858,55,1
4730.59684748673,5325.54956583734,55,0
3768.77522587542,314.23707499366,44,1
5412.38616049567,2021.2657643707,55,0
1580.49817896653,720.49233483503,44,1
928.698097580383,1748.90961484937,44,0
2997.14749346895,5355.04120665615,44,0
1969.61694372705,4917.93705778237,44,0
4643.73878741308,4411.23789347255,44,0
1334.29077886451,1039.24098103982,44,0
5469.38506325636,2221.47911982571,55,0
5216.92742851101,1744.80681734314,44,0
4434.64908524788,1032.08391437358,44,0
5537.04665805131,3316.37027371814,44,0
3135.98496958613,300.410835570731,44,0
5800.00119984593,4264.49689953827,55,0
5128.61564421806,4548.40487950687,44,0
403.925581387814,2278.05331185976,55,1
4558.01463199599,1317.88273171584,44,0
5695.72523113092,2279.75635669914,55,0
5259.50815478667,2155.24134123701,44,0
2768.73418658374,825.862121827059,44,0
5874.68755995582,3802.55801915941,55,0
5596.12753153246,4384.942471232,55,0
4836.09212546446,5542.43097231283,55,1
3201.73336011718,5568.7076621054,44,0
5384.26008352407,3204.07176267849,44,0
970.618591529064,1278.06385172969,55,1
1323.1512021109,1318.86653872221,44,0
1504.04337996163,1256.27909591651,44,0
4735.13072711426,4968.80103280861,55,0
4230.18410377623,5162.17272743272,44,0
2604.97621818016,5930.75459858369,44,0
4680.3169037777,5088.74754868237,44,0
550.859667010052,2467.80352853775,44,0
5307.61771871023,2067.91734334088,44,0
5686.97146746124,2381.61739056338,44,0
5047.55091963396,2005.93642697239,44,0
5377.31480852178,4077.47624202104,55,0
3135.30699222067,5887.69839483835,44,0
1619.21844120061,5171.31263310809,44,0
3574.41739094053,410.524506336648,44,0
1132.77662531907,1277.00658360851,44,0
2444.21414094389,361.774126124764,55,1
5412.59873694662,1351.4459077339,55,1
2445.18775534643,5685.12937484613,44,0
5617.49433722033,3494.19458580871,44,0
4444.71592789282,4845.24497565983,44,0
5821.8108094804,3896.04350367221,44,0
3476.78041760814,5570.39630460831,44,0
5524.62064196023,1980.72106550014,44,0
5651.3296922275,1686.87975940909,55,1
4612.11768713508,5010.69363872498,44,0
4234.4094570934,1578.47314527876,44,0
4902.93611200538,1399.01046265266,44,0
4780.26692169195,1302.77239661267,55,0
5647.19731215109,4482.92676409573,44,0
3359.08761607193,272.254227722871,55,1
4897.55410684511,4854.15164606054,55,0
1287.74274064504,1134.54582930412,55,0
1068.39894979567,1359.05145798691,55,0
2061.39669799979,1085.59959077195,44,0
5088.93468005763,4635.44764619744,44,0
4632.87723233183,661.635950478029,55,1
4406.29193707297,4571.64316657534,44,0
5406.84985310704,2526.7897205094,55,0
5014.04614246073,4564.12115987142,44,0
1606.84898778606,1267.93162608653,44,0
2371.57043363041,658.266820539978,44,0
3589.23745687661,708.975725345306,44,0
4349.00772062869,1220.50099071133,44,0
5353.167298445,3791.2313958318,44,0
3753.1610505535,827.291275023656,44,0
1381.59219491159,4969.84946038124,44,0
3855.337267428,5783.78337651331,44,0
1986.95607198202,642.383060183094,44,0
1073.28933377847,1190.34301808253,44,1
2996.5930928597,5253.0994575397,44,0
5424.40338024071,2329.97975968617,55,0
3085.87442599646,5394.91768348507,44,0
5223.22367271101,4070.9677110435,55,0
2004.42388404221,4717.37334909058,44,0
3044.31179547752,251.820973635632,44,1
1168.67617663598,5012.62839107771,44,0
4487.99798135352,1111.65809628131,44,0
3923.05714013031,5570.20196943148,44,0
5067.9098662658,2402.27508591427,44,0
1940.53965650506,548.124513318505,44,1
1596.74540336906,1456.82128856451,44,0
5150.75446216941,4264.14741931289,55,0
4966.33114248236,5169.6795511012,44,0
5619.67395710628,2706.70810400235,55,0
5690.96618535622,3694.77209097688,55,0
747.728712413562,2582.53975656453,44,0
1734.24861942671,975.372027784342,44,0
1497.3292724521,777.661392098895,44,1
602.187303298767,3516.54075038429,44,0
4586.03520713316,5467.3800458692,44,0
2452.77401868176,607.728566062804,44,0
1280.16915024365,1940.30973997853,44,0
1722.17233763445,5558.13831668309,44,0
758.206783995631,1526.22171778063,44,1
5057.19850165624,1256.46914875478,44,0
888.993754181268,2101.37506836511,44,0
1176.75592995621,4910.74516855836,44,0
906.68696705284,3747.84244373586,44,0
383.052433663386,3155.7283734726,44,0
789.509871148407,2108.56804288479,44,0
2336.55037517443,398.215051108621,55,1
4721.71612208341,4632.85237226959,44,0
1359.06581887141,1741.52943232392,44,0
1172.42833178228,1598.47259694283,55,0
5807.90533239071,3308.5194440232,55,0
1091.4822983597,1948.6117248972,44,0
1765.17957837297,626.683280701119,55,1
4073.21387936976,397.315032287697,44,1
913.565470916749,1470.55812398256,44,0
3925.9820728079,693.039995520894,44,0
5516.72132440066,2502.62139334929,44,0
4361.7942374705,5472.04349617678,44,0
1354.07706105695,5189.66210305256,44,0
5840.84499526889,2054.92718463073,55,1
4293.01702545,831.685054591754,44,0
4996.61457230998,1574.86723809705,55,0
4421.22584364688,705.078206737824,44,0
5973.23521354204,2448.93021199978,55,1
835.048716150505,4194.36086570155,44,0
5640.34454562006,4614.23073382649,55,0
2699.0183383263,629.842817425273,44,0
3305.08558023812,378.320628521672,44,0
1480.58262455256,4660.84235116735,44,0
4413.90984047963,5277.17279467842,55,0
3292.5423004523,5602.10053968451,44,0
2457.25165486602,871.904769366152,44,0
2254.76301860697,5601.93694917619,44,0
3569.15203816147,5595.35656672585,44,0
5614.6044762849,4078.70310015812,44,0
3266.01350108845,892.739037156912,44,0
557.834636292558,1891.7900286556,55,1
2318.01155551403,5303.74019707201,44,0
4273.60072453007,5067.43562798655,44,0
3641.99936613344,4839.62880189199,44,0
5309.94799211382,1697.66933977458,44,0
5687.32816786785,4205.26172239562,55,0
3825.2163805477,5256.22719993475,44,0
5435.67518172277,4675.4252266198,55,0
731.261084636056,1833.0688699227,44,0
2734.99092006439,728.379766540171,44,0
4894.0112903273,3452.76796418248,44,0
3039.78581935808,356.33939642857,44,0
3668.4849173504,767.016149341942,44,0
1421.11516319043,5267.17083874858,44,0
5499.05829107245,4069.33437812485,55,0
4388.04326044902,803.025261795019,44,0
2247.30309059317,862.426729890386,44,0
5232.35516702591,4589.75974595189,55,0
564.744101188709,4325.54606587379,44,0
1558.22555531978,5097.057002851,44,0
2454.06851535187,5455.60188585619,44,0
3461.01837567203,263.82880911623,44,1
5701.20242403296,1948.28915050753,44,0
3852.88265737618,374.70929487959,55,0
5405.40100559868,3369.34330009733,44,0
1184.13093701003,1063.09880639878,55,1
733.187400687247,4210.48583495296,44,0
1191.53257059688,4485.44124197697,44,0
708.758201355301,2796.22736564138,44,0
4135.32713536346,1635.51271962723,44,0
4460.06995099938,1323.49524903843,44,0
3268.69298171817,1105.95944858429,44,0
1647.70521550235,1575.65873019525,44,0
5330.6743733716,3281.55466582313,44,0
1001.29817433981,3458.37355683698,44,0
836.37498608331,2541.2944429356,44,0
689.059189387986,2087.50601177399,44,0
1914.47851098177,5509.09610329123,44,0
4804.22800272233,1411.43636885855,44,0
5910.46715390192,3971.79827145752,55,0
2784.13768668375,5625.22951841432,55,0
5194.76369405392,4172.07232609143,44,0
5870.94054777477,4078.77289269609,55,0
5407.18803508804,2753.97842838324,55,0
1325.12494297651,1846.63754146376,55,0
5390.29654318183,4782.35177801934,55,0
591.889932982059,3423.19224836811,44,0
4840.88472923125,4976.53455000326,44,0
1829.44939560369,1364.45263805541,44,0
4765.9310924536,1859.14867768893,44,0
4583.53306396904,1511.41710653244,44,0
5153.7120966556,1453.13424377124,55,0
4148.13962953949,1539.03554603183,44,0
3860.17234387003,5352.5748566229,44,0
4398.78560037765,5067.70449244179,55,0
3832.3761861368,623.420364299704,44,0
3421.40768745459,361.528134324904,44,0
3458.16428371541,5467.61619885251,44,0
3953.30141868752,5046.24398417485,44,0
3700.32303507538,6016.61997369572,55,1
1682.31721183697,4948.77312311196,44,0
4017.73820835101,5197.30861305131,55,0
5288.30090269422,4499.81781166488,44,0
5519.79216113014,4801.0492481019,55,0
2236.88673532757,5501.33965654745,44,0
5830.12051848704,3195.23779077264,55,0
5180.29408767926,3961.63036827633,44,0
5613.68856823425,3883.85959509685,44,0
5457.09942693935,3022.03173058156,44,0
5304.93352623041,1304.17046303664,55,0
526.758204343812,2680.54801310264,44,0
5245.10797385696,4775.00656249706,55,0
4109.94085121587,5562.59908298329,44,0
5699.37210716466,4329.76109140197,55,0
5571.07366582935,1602.8681875803,55,0
3179.03065678629,5411.33541981617,44,0
610.778267099004,2228.68229343781,55,0
3174.35066767353,5309.30446905024,44,0
1185.47773153344,1185.52465567841,55,0
4969.80613555473,1885.08615500766,44,0
4309.01700688447,5263.30049899053,44,0
1286.87209538883,4900.98797921962,55,0
5635.22538026851,3788.56810860533,44,0
3662.67829153552,5594.43340707318,44,0
592.481679252526,3047.63510391129,44,0
792.512055228915,4820.08482410223,55,1
3659.58058300944,866.27790808823,44,0
2027.148223452,5522.60224538676,44,0
4242.38957928999,1043.7721837903,44,0
1107.35794384351,4542.0410207752,44,0
1815.78985806787,5640.34686874705,44,0
5376.74727998608,2145.70698619669,55,0
2021.11317063929,5171.82473373146,44,0
5280.28766611603,2827.17807037338,44,0
1818.64551643687,5536.5305319534,44,0
5486.87101042266,1883.28841402289,55,0
5441.6620924253,3281.02080357144,44,0
3892.889025748,1302.24693236794,44,0
4795.88872384738,4885.79474252524,44,0
4209.29676262361,5613.29787404695,55,0
1750.25909752537,1176.76232231392,44,0
5080.48238775605,2493.9275548524,44,0
1283.18412595965,1608.1869239674,44,0
1731.28403649205,5243.3447399333,44,0
983.012515155744,1838.98838896954,44,0
5263.90749946299,2620.43913924128,44,0
4085.02617043159,1366.16813136771,44,0
3845.65911210587,5060.87930955764,44,0
3406.28418449788,6039.60237498747,55,1
2408.97871296066,5357.9419313125,55,0
2639.70055779682,5249.54597673034,44,0
5854.90312867315,2503.77599706498,55,0
1653.59336025982,809.534802920436,55,0
910.316334887061,4773.36365267074,44,0
4787.40133435607,1184.99014199655,55,0
5372.37820171488,2969.58656005515,44,0
1702.0758409824,1660.07737042014,44,0
5621.11449724254,2809.83271511244,44,0
1279.17560261135,5021.94774506133,55,0
4494.44089353144,1412.35317971482,44,0
1784.67126770664,4905.40059193891,44,0
3234.17075867121,792.151842928998,44,0
3587.18435537831,6021.74509087345,55,1
5886.05962304526,2914.79553659114,55,0
5543.14751203781,4515.61292784796,55,0
4057.36433446082,5077.97054774949,55,0
2347.49286911019,5751.27834959859,44,0
4643.92073435568,897.268044128619,55,0
1238.94502734261,1519.22881063237,44,0
702.899355085937,3851.44448570138,44,0
622.04991172923,1799.09541875024,55,1
3624.31999799775,5062.80803862853,55,0
2025.78262698318,5324.29162110494,55,0
5599.35697527416,2053.35879454627,44,0
4722.44028806396,810.57550271022,44,0
1180.6911993518,4277.21911325444,44,0
5028.3870756472,3231.4712858365,44,0
4861.52043126373,858.890191495793,55,0
3010.84503919685,5941.38966922799,55,0
2638.24809279319,5026.54080229535,44,0
5744.18379057508,3392.82216677608,44,0
3648.28047874395,5295.73985920019,44,0
2691.72293618518,5996.98667156448,55,0
1882.12042359327,652.334948924616,55,0
5188.26463844244,3859.0098231923,55,0
1616.44096420061,5600.24674332404,55,1
3173.13464954913,716.124203459003,44,0
1921.40529369659,5620.60316806666,55,0
753.850108303545,2007.61626678435,55,0
5159.94131063887,4379.83355318307,44,0
4648.68874091171,5565.63340009423,55,0
5726.98212371267,2670.394938527,44,0
4163.8544596902,1429.91723015137,55,0
2820.77601865079,5354.48561204267,44,0
4992.08728652875,4675.11334265163,55,0
3645.53904867418,4948.40698554037,55,0
2621.81383455314,5539.99670359268,44,0
4368.19143510282,1315.17696806267,44,0
4269.31409304069,5499.48782878833,44,0
3786.16422863974,5412.6000510992,44,0
618.882080800624,4403.1301538803,44,0
2139.52484102078,438.661135364771,44,1
614.57445214054,2634.24621515297,44,0
5346.23516169984,4583.16002851117,44,0
5270.52621741822,4279.06571422839,55,0
5834.39944026081,3514.54457134256,55,0
1902.27705651542,5370.04431626011,55,0
2468.7552734684,6005.1011996863,44,1
2351.52646654777,4836.13580971668,44,0
4859.80781624513,5183.69745620044,55,0
5565.2685028369,1785.57362797989,55,0
1292.82595381241,1419.22885018575,55,0
3550.67092181485,5270.79006949828,44,0
523.503543809691,2004.35382260123,55,1
440.102520719364,2729.28255841866,44,0
3717.42382289408,676.204754712375,44,0
1576.12955334491,4995.49291099489,44,0
2545.61545618059,5474.12010077658,44,0
883.193120374443,3128.43225470631,44,0
3096.92223653224,545.546582810339,44,0
1412.31428473322,1918.1747959817,44,0
5143.26252932219,3566.24405548887,55,0
5234.0665335822,3253.65084660317,44,0
4623.49963382911,5303.38538450371,44,0
5799.32107146396,2998.10747809807,55,0
2134.10973055547,5535.92848684267,55,0
5342.30932460145,2432.93947728071,55,0
2550.4287665449,824.425194545312,55,0
3632.35556763029,600.35513512019,55,0
5439.23791586066,3860.35004751804,55,0
5335.9133962534,1595.17696416227,55,0
4997.61846538031,1692.3044732147,55,0
2832.77895254778,5254.32625110462,44,0
1543.17016764763,1351.75985097413,44,0
338.425468656159,2570.16830988624,55,1
4481.56399520464,5478.41930246376,55,0
2290.39498426985,511.617172770945,55,0
1461.58371165495,5160.12721728948,55,0
5543.23491540841,2603.65062705124,55,0
5104.14606856118,2237.47278583855,44,0
3118.12124620154,5501.25004442588,55,0
2834.91350467291,5119.63170870417,44,0
4383.60048228595,4673.60193468291,55,0
489.379605418696,3029.89299337892,44,0
5730.56328754309,2775.27935170466,55,0
1499.45715470817,1434.60170975605,44,0
1210.55119058769,4816.22938964407,44,0
5908.70661136952,2349.02665926743,55,0
2195.00664075258,5798.71786534742,55,0
1226.66489442746,1323.0819649388,44,0
629.418722133109,2854.56199858176,44,0
5828.1144373947,2225.30726356702,44,0
701.528788501502,2344.42818290618,55,0
3112.93031902996,986.509653804682,44,0
3593.66879007758,1470.75577418113,44,0
2942.92684081854,5841.6183896239,55,0
4195.66275593173,5898.95171749578,44,1
3525.28327658855,5925.58548316877,44,0
3969.70987971552,377.035138565027,55,1
5484.37600405128,4300.10295593271,55,0
1553.9888340202,1539.61178851715,44,0
2943.16638726382,361.158203793088,44,0
4787.13803854425,5081.66100214913,55,0
5672.6571399311,3013.40685436783,55,0
3359.65709398909,1081.26608741801,44,0
5779.94584591361,3991.98382793176,55,0
2997.63421880336,5595.61370992165,55,0
580.532782088895,4495.89410186949,44,1
838.451309879961,3682.52707340139,44,0
487.920207971181,2197.72624033808,55,0
4595.24069272857,1112.23628742487,55,0
2715.46365944237,5534.68334623619,44,0
1707.82713810078,4850.58616917136,44,0
1748.86623265453,1078.72825493444,44,0
4794.44312889519,1621.50734763781,44,0
5281.93161194795,2927.99625267083,44,0
4994.41079934563,3426.74138609984,44,0
2744.99852657311,280.547184563186,44,1
5157.463661799,1980.39131190577,55,0
577.73410081549,2113.05847111905,55,0
5736.10591964984,2167.94537746423,55,0
1108.67349841293,2357.13864866918,44,0
4020.91797044662,531.810696603746,55,0
3839.86783167596,5645.67559763645,55,0
5602.24969579409,3232.03130743412,55,0
434.303021855874,2634.45851668187,44,0
1749.15215678365,5133.21376190402,55,0
2329.30829464312,5050.84592100318,44,0
697.070309718516,3553.93525232224,44,0
4126.69626414082,5177.00550410996,55,0
5318.40452726169,4860.15377280018,44,0
639.642157280188,2000.72720710641,44,0
1035.50746666862,2290.54883139519,44,0
5233.65632068428,3646.01987984727,55,0
5166.47148267498,1840.63158355251,55,0
911.072240586817,4500.79614294027,44,0
5188.68130501305,2787.6851807185,44,0
2539.71323573258,316.88430597559,44,1
5294.26307466279,3463.12777141095,44,0
5557.1935820734,3017.4904986723,44,0
2471.95900740025,5123.34408686372,44,0
3926.88732463538,484.952959791668,44,0
1554.55110110427,1176.56889254066,44,0
1856.94523670191,894.473378134636,55,0
483.817214271496,3124.01749395227,44,0
5207.00146146084,2071.74551919599,44,0
1873.30125529087,4958.27971454629,44,0
1795.36063254744,5328.45971934102,55,0
1167.92064379119,4732.02579210713,44,0
4535.85385312516,1606.45623168135,44,0
1653.62596964069,1183.33547746555,44,0
648.755492603688,4163.08194818611,44,0
3080.73070848385,5293.97992414524,44,0
4863.89270941321,4046.09406086041,44,0
2860.81577937762,844.156900588462,44,0
4571.03287088308,5713.02020556398,55,1
1252.95578486239,1708.34572667337,55,0
3006.66499675857,5471.87962971128,55,0
2166.37747511387,1130.77614352056,44,0
4896.3709602476,1266.10676594255,55,0
5444.03086642423,4177.83284011665,55,0
977.863161193915,2682.4408604233,44,0
5261.82875553068,3749.00960631555,44,0
1316.5943889809,4784.91604559232,55,0
2845.16129603348,5767.42386454435,55,0
733.059938525283,3026.30344697985,44,0
1181.69330248624,1916.66162519412,44,0
4976.05293762844,3524.59455404528,55,0
5609.96750649009,2915.35733346102,55,0
3238.13393698292,5852.54587994352,55,0
5628.70473983835,2475.41698337684,55,0
2951.7108544317,4981.42012180385,44,0
4417.27954582254,4947.75588691938,55,0
4031.39579273124,685.476077013241,55,0
4720.48825684652,1083.12181403053,55,0
5121.50197595789,5172.26251240306,55,0
3163.46384092693,873.953117216461,55,0
5495.24568362833,2100.84377851836,55,0
5074.20703841722,3483.15451185917,44,0
5058.14622038864,4333.46101053996,55,0
5304.4004632607,3371.56289351376,44,0
1377.89354800128,5078.7692936485,55,0
5367.11230051171,1916.50181183553,55,0
1070.10407589145,4024.92867921336,44,0
3204.44335909655,5673.06930837243,44,0
5014.4743026938,1084.8708655511,55,0
981.140883799996,4425.79920304051,44,0
4592.03661938049,1412.68942015792,44,0
2255.98540267765,1206.85987737698,55,0
5658.72743777522,3983.13699106081,55,0
4845.16195757661,1498.69307066046,44,0
1455.98226767155,1520.87902360884,44,0
3265.22456145852,5367.92322476476,44,0
4274.28403808153,5723.55014547041,55,0
4535.07704275414,5592.32083135092,55,0
5448.71229929214,4893.21493366505,55,0
5129.73203621252,2326.4522512924,44,0
3375.04596262991,5414.93990009544,44,0
1443.71107486271,4574.14296607758,44,0
1835.51529178345,1020.09394692521,55,0
3561.3381120648,294.033153525254,55,1
4186.81369209821,5366.59493563044,55,0
4320.37597799901,4983.19029812361,44,0
1060.81074011767,4120.34798471003,44,0
445.492497167075,2843.26428694381,44,0
1003.77398468799,2774.98532490329,44,0
5607.17645841325,2157.7120315614,55,0
2905.38813024201,666.705220607917,44,0
1708.4327895892,5671.92499164083,55,1
5071.87023460983,4454.85382117965,55,0
4198.98650566352,4590.78553180676,44,0
4636.13634084672,4918.38849657518,44,0
3930.27483097514,5271.15927801219,55,0
4848.18557804575,1795.59202863613,44,0
4118.07576536892,597.184787656041,55,0
2047.03558182101,4970.6408040008,44,0
5008.67291183792,4815.33676548082,55,0
631.567706651488,2729.35477331675,44,0
2905.85694677269,552.107418278396,55,0
4562.32560447712,1806.44359574346,55,0
2784.06864704823,512.308893888532,55,0
3100.00384550714,649.014580877339,44,0
4617.48896450754,2083.54059943801,44,0
3711.78855578793,5120.71257393335,44,0
1912.97787158912,1327.63813479778,44,0
4737.30370408783,1534.02534753371,55,0
3504.94774902593,5684.1738784134,55,0
3912.82001315605,5454.38675972077,55,0
3886.5197282256,4974.54178710551,44,0
3819.26629427108,5523.32434388277,55,0
2047.06679993662,4475.61569196375,44,0
4624.55865334814,5193.45911571492,55,0
5539.88801034922,3815.94547222608,44,0
335.032738344867,2466.54561114816,44,1
524.976202577309,2582.53451979228,44,0
1870.453870419,775.94362186511,55,0
1957.90858089207,860.607753855136,55,0
5988.87939492483,3572.36888234283,55,0
4732.64259400071,5491.5364779536,55,0
4526.08778858752,5245.71326990915,55,0
4670.33900929659,1197.09453822785,55,0
5098.00646108809,3395.24094166009,44,0
4167.83961446508,5069.00544134147,55,0
3801.15295391164,1250.24472033793,55,0
1033.95754241048,5172.829067544,44,1
4138.22437205688,4866.75907175843,44,0
1532.91854899512,1077.05209396055,44,0
2153.44171206215,1228.15049737654,44,0
1161.79035168668,3752.17754765778,44,0
5305.47116216124,4166.25824581993,55,0
4747.90138352404,945.002497283299,55,0
4230.92117800604,626.520036479945,55,0
930.58736376436,3552.10220951863,44,0
2092.46247388114,5231.65763927093,44,0
313.179051845415,3480.56554947644,44,0
1701.06542809285,1487.26040070356,55,0
4675.87223048259,4533.86096833814,55,0
5214.69869994135,2252.19145270148,55,0
1486.5866811334,5493.04150189796,55,0
2045.88421850281,5631.09939442649,55,0
836.923993501203,3589.21667532415,44,0
3108.52482411966,5629.5298656375,55,0
5568.0785802439,4170.94092933784,55,0
2915.12364609167,5190.06360271589,55,0
5044.49061751051,3611.08675976801,44,0
5218.58633268744,1635.68971448399,55,0
3563.12249786732,518.301982789856,44,0
2693.12826952979,5864.93995997447,55,0
4945.77238197439,1793.45775272523,44,0
1583.14057598718,5379.40598851917,55,0
3257.99522125568,5267.197007502,44,0
5414.35714263374,1794.05305143456,55,0
4725.18866641429,2044.5993602267,44,0
2164.7322460817,655.196116401586,44,0
5463.27371567787,3634.01267884962,55,0
2091.29286968221,5426.49180184931,55,0
1283.95072402742,3993.72454711642,44,0
4895.34649425028,4159.66044730838,44,0
1312.40546572353,5297.54882538688,55,0
5412.66515463172,3968.50118313405,55,0
4244.36507774751,1238.5098953788,55,0
987.949395483695,1934.32018922233,44,0
4305.22351153955,4586.42774639521,55,0
2940.19532373302,257.188828117522,44,1
3954.04694265365,5835.41113981324,55,0
5391.07883790354,4459.80353445502,55,0
2184.2686446098,543.83631785554,55,0
2828.84768434314,747.854164125317,44,0
1261.20942259447,4691.34909343431,44,0
3822.17316105128,738.006504288345,55,0
4747.24765654231,4447.1319450083,55,0
3200.68814457671,615.994595232533,44,0
5290.07912544175,3981.02486295965,55,0
4544.80775821102,4035.54842392501,44,0
812.961941710804,4479.3488489981,44,0
1554.62691776691,4592.24984869564,44,0
3560.38793672381,823.623430588181,55,0
5666.30659202532,2583.3272849211,55,0
2981.62491517565,6065.06837764506,55,1
1192.99296555546,3839.40034685829,44,0
2923.06074643403,767.634386696059,44,0
4932.03360419395,1985.1402702456,55,0
4186.90773895969,829.302746181331,55,0
839.882754826787,2646.06025895612,55,0
585.440705990998,3143.48238507475,44,0
3924.40367281496,588.997329106535,44,0
5412.83831064692,2640.64319589301,55,0
5453.78732627912,3745.10581910441,55,0
1432.47203960856,4756.33815557256,44,0
5572.62521892468,2279.58548061072,55,0
559.000539890128,4004.83477778239,44,0
5335.38019705386,2254.82795531589,55,0
4692.83566682118,1940.20953174436,55,0
4952.68932564992,4964.30168683464,55,0
1935.84573981756,1222.96024289676,55,0
2617.05733290125,915.598834560134,44,0
4697.13953666584,1429.96973043106,55,0
1835.82017694651,5204.45927396908,55,0
5502.70977406493,2703.34369524942,44,0
4044.68761932614,4844.20166900186,44,0
2549.20812564587,5607.91508754724,44,0
753.560630882283,4379.1520014702,44,0
4121.29894590545,4749.93917554738,55,0
1440.01557095313,1817.69675460865,55,0
1207.0427726152,2848.94764580196,44,0
3958.52466354582,1225.30194773277,44,0
5844.2177365158,2674.68132028844,55,0
928.130514330541,3210.14624467611,44,0
1101.63865991353,4336.87626540594,44,0
612.49401747301,3609.96030854387,44,0
5737.50541559719,3587.75939853823,55,0
4185.4771044396,1137.0430225614,55,0
3937.9005283211,1132.2605914923,44,0
2887.45344917158,1122.58331391252,44,0
507.405352677257,3477.94984653607,44,0
3630.62341807205,5805.28451050133,55,0
5849.5265656919,2804.70373013056,55,0
2076.57839114961,586.904344141372,55,0
515.994787434348,3574.60419468102,44,0
3198.25720965897,1184.11430473892,44,0
4855.05620280775,4448.72823414799,44,0
4845.0429741466,3186.59195627807,44,0
727.835089807924,2887.59422407312,44,0
4877.03970514116,2808.33673986367,44,0
1379.37033907874,1223.6608570263,55,0
847.189467076296,4917.49260141561,44,1
4411.85851822295,588.388142301615,55,0
1812.76856790415,5434.69889988988,44,0
4021.82510724098,5620.95847713573,55,0
5154.79458090255,5291.28924331732,55,1
5250.48608345214,1517.02129507131,55,0
1958.79569545228,1106.44373411458,55,0
658.475881312647,3337.6217988526,44,0
3734.82413526774,5219.91442910295,44,0
3822.56842272511,4793.99955677038,44,0
4023.90060583797,5493.36415150129,55,0
5382.39228858376,2867.41168261967,55,0
3411.57378287113,5751.04097079476,55,0
2930.20158600788,5080.32399472347,44,0
5117.21250300852,1581.9393868641,55,0
5735.54076133344,2889.55548207361,55,0
4428.79454828606,1629.4892782359,55,0
3479.41299787279,456.562888891399,55,0
4947.04803501411,946.83169685911,55,0
369.899569586554,3769.28785589627,44,0
1071.84942558575,1634.6623654039,44,0
2520.07605627986,5329.15059797991,55,0
826.465461096905,2390.12583053983,55,0
5950.45410633739,3463.32173307113,55,0
2248.03663163871,4884.29502253313,44,0
5036.59533156091,3703.47875478361,44,0
4002.18499882802,5370.66067557353,55,0
1910.95124157901,4743.42680685075,44,0
3807.15530993599,1358.46170397496,44,0
2806.27807380511,5887.38861503195,55,0
3831.43268012727,4891.69866598251,44,0
2421.50212362504,764.648294219098,55,0
4317.54855008274,534.367627099882,55,0
276.69007160699,3204.80542377101,55,1
1662.59454424005,5059.85916509288,55,0
2158.0170654784,5658.01333104481,55,0
646.651935375282,2956.0315735024,55,0
1154.65836514133,3106.20545160018,44,0
5386.31592428153,3102.07408980072,55,0
1413.92882627381,3964.81394243169,44,0
5006.86101765833,5375.78486358711,55,0
2554.07628391338,4991.81758208693,44,0
2055.09595988228,960.857019080475,55,0
3663.29067641394,479.81941947316,55,0
5255.62820468589,2517.07589295776,55,0
3369.8069193694,5527.42561250452,55,0
1464.20700769716,5363.54067954721,55,0
5365.23279113722,1468.87945360978,55,0
1591.74353063958,1661.36196083895,55,0
3149.7012192772,5772.60997855718,55,0
3394.70968274226,690.064410188305,55,0
2582.15951665675,1170.29433479451,44,0
984.946813029013,1560.23732791471,55,0
950.649310975787,4969.84283667999,55,0
3006.16610290633,697.172427071024,55,0
1752.56361146338,745.685572313159,55,0
3526.58396411948,5170.33820296911,44,0
1638.38969090849,4785.45293182043,44,0
2666.20835405235,519.125398453572,55,0
4171.02279789809,1322.28512349068,44,0
863.445744668946,1564.46508077153,55,0
4792.09776946516,4558.42825933677,55,0
3736.54658509507,1058.09909626599,55,0
4291.60269515787,4720.95994098625,44,0
5405.64885584955,3473.24281896049,55,0
4625.66789832404,3963.36292730332,55,0
4811.43892472204,1997.3328257925,44,0
4798.54900491265,4779.57389598857,55,0
1093.57839878778,4442.3874241269,55,0
4125.90509575312,5690.77138049442,55,0
4519.47762190682,643.883693815107,55,0
2907.70252945745,5414.44448402002,55,0
1204.84403389149,2333.28716597492,44,0
4671.52821550486,2159.26333969256,44,0
468.325147274949,2388.59399074619,55,0
1132.07084016347,2266.22567805106,44,0
5365.78706501607,5062.04434991748,55,1
5263.09843059681,2352.08020496228,55,0
4539.66789389563,1008.48678980476,55,0
833.425879826976,1673.62679121192,55,0
1009.5269785077,4519.27625789068,44,0
2672.08241469893,1000.79605283935,44,0
662.429009119006,3692.53425269207,44,0
3744.81552973481,561.37549055621,55,0
4480.19938604239,1920.80954644769,44,0
646.091280096584,2534.49973620515,55,0
2350.52743940774,5636.15455340263,55,0
906.335248077469,2299.49222872175,44,0
688.965254821781,3458.43272113841,44,0
3872.56328604963,858.725366570813,44,0
4583.25290769537,4815.1259113054,55,0
1080.57104348383,2718.94793906259,44,0
4389.79039929999,1420.58929749349,55,0
5085.53586739212,4007.19156472675,55,0
4975.97437400763,2087.68525670465,55,0
539.722777393805,2784.75165936134,55,0
4909.31963609401,4584.01171157558,55,0
940.904179918213,2586.20520418608,55,0
3265.17539295131,5479.54857592929,55,0
4368.1728150475,1745.90521960222,55,0
983.249979735405,2378.66192028793,55,0
5288.15215008604,3034.3059594292,55,0
5244.94243567064,5061.09199884207,55,0
795.519147221148,2288.33510272566,44,0
4699.97647804535,4727.30296657273,44,0
2599.03970044481,618.056317945807,55,0
5348.03502973164,3685.96787169439,55,0
4806.95001670621,3876.75900919242,44,0
1435.04597907731,1333.68260961353,55,0
4825.65575769546,3653.70760373712,55,0
1911.60027282232,1437.07366275424,55,0
558.70042664297,4103.66647622956,44,0
5485.77759978141,2920.91479544238,55,0
4615.78462902363,2347.30993554131,44,0
5565.67071271922,3700.57637567428,55,0
4884.63229685484,4358.65651606045,44,0
1257.41473458369,3305.37901051543,44,0
4907.13342200502,5071.30831821129,55,0
5182.84407878008,3461.16488668393,55,0
856.317654259057,3288.56558848059,55,0
1388.75785761228,1639.47216118741,55,0
2883.08416308656,440.992511136931,44,0
5509.88074079784,3415.15075062263,55,0
2140.67703982121,1033.72934579944,44,0
4595.06762626496,1693.51423036886,55,0
5194.02297573864,2976.04593964556,44,0
5111.69937402314,1141.95271851811,55,0
5934.33354093787,3331.82974325638,55,0
2675.79396840685,837.43705171968,44,0
1747.13532419106,877.312786609956,44,0
4680.93049609169,1804.93013854457,55,0
1558.23253431649,1812.48612903059,55,0
3298.97916523953,5728.0530323315,55,0
1193.0165056462,5303.14856235275,55,1
3209.99765816873,975.006975618531,44,0
2597.11225609125,1055.636341036,44,0
981.883790124458,2029.96546422029,44,0
3630.49645958839,5183.72953396787,55,0
830.816507682113,3046.08957173382,44,0
891.30676005042,4279.13707361358,44,0
5501.56861715323,3104.84226356085,44,0
4665.02437696346,1316.98437285386,55,0
4416.90335305936,5575.49444852542,55,0
4699.6541068079,4834.76642546821,55,0
4145.65357490259,717.615060582824,55,0
5285.03287348872,3161.30217584973,55,0
3732.45150361482,5684.20855826095,55,0
5508.65665480579,2808.94367115862,55,0
993.895668150458,3126.47417110725,55,0
5612.76295863682,3111.58205177628,55,0
4155.96490440856,1822.56418630542,44,0
1773.12493277223,4602.41161350752,55,0
5631.77516061943,3389.7457883042,55,0
5095.96001558158,4742.75783929404,55,0
1146.47752075543,1723.21655983933,44,0
1248.73427917544,3584.50667979596,44,0
5316.261404073,4682.53219664214,55,0
3867.60199802514,5921.02265561929,55,0
3647.03056210657,1144.8484977071,44,0
5173.07913231274,2432.12355300838,55,0
3111.9025013277,4727.14824088223,44,-1
3280.87878848405,689.6576425392,55,0
4023.58737254893,1296.64292416028,44,0
4779.70160760223,3972.44338201163,55,0
4487.91866418472,4372.89412817313,55,0
2513.20679337177,1098.64200485792,44,0
3996.03827005708,1038.64287253173,55,0
1949.11265876798,4642.58048357459,44,0
6064.38958640201,2954.41010813412,55,1
5288.3667882635,2723.07079761595,55,0
1306.83178611701,3225.07205578603,44,0
4529.15750531322,890.335421787608,44,0
2233.45065793923,407.875528539744,44,1
4575.72810042951,1909.38254060969,44,0
1400.97767074054,1433.49005486359,44,0
2185.67174968204,767.125375371731,55,0
4944.09355561333,2659.15920911318,44,0
354.892766707104,2373.63662043992,44,1
2179.61950425719,4817.88156287285,44,0
4744.93553214564,5203.29758469662,55,0
1947.85881213935,5031.09999898069,55,0
2739.61526700717,1220.03794930545,44,0
1019.45432614982,2517.01905375694,44,0
3572.16031199572,5379.76419248382,55,0
1092.70525911429,1841.74276354777,55,0
4747.26682180871,2443.42069730895,44,0
3450.13906920276,1099.57703681972,44,0
5533.4948625336,3949.00780289741,55,0
1856.13129840101,4666.9218029564,44,0
723.688139307402,2192.44238518273,55,0
2371.16502847785,5959.80011441597,55,1
5359.0316280053,3573.89087407331,55,0
3370.54438838521,913.518428260692,55,0
3212.31921396101,5980.04014798032,55,0
4577.41697829507,4323.7867087869,44,0
4304.11703997781,5375.24114449877,55,0
4199.53988472702,4687.72382211136,44,0
3495.85340654183,712.440755105491,44,0
3243.81120531534,284.570125656479,55,1
1437.51957979719,1012.23040104813,55,0
1384.47709194044,2009.58048732473,44,0
5133.74070425842,2581.98033987443,55,0
578.167694915424,2340.14480949265,55,0
5053.05257856008,1811.10982903148,55,0
1478.81261756886,1989.08275650463,44,0
4951.94104749994,4270.30839304622,55,0
3685.02779894994,5402.88859968538,55,0
3076.68631156617,5193.87913179095,44,0
1323.67117503873,4359.45780790442,55,0
2752.19808900155,5187.66275700959,55,0
1658.99199579654,4614.69705249826,55,0
3520.76751758955,1008.38957692537,44,0
2669.28199820208,5642.5344594211,55,0
3369.27590749957,4861.11732538447,44,0
3889.21464087503,1412.31278623424,55,0
3991.768360398,1390.70926670524,44,0
1056.47946510308,2197.75932722581,44,0
4936.03753888278,2382.59118410496,44,0
4702.36012887045,4040.98829584912,44,0
1704.34057612687,5449.79435740617,55,0
1296.19514144056,4462.69155242976,44,0
2137.89411838395,5034.50292290596,44,0
745.410868729674,3285.19265511575,44,0
3944.20201309018,5709.83456890291,55,0
1084.26885984775,1501.38395997023,55,0
250.561300138867,3404.94209475425,44,1
5713.0758977665,2053.02411097203,55,0
789.754999967237,4288.45241034422,44,0
2071.39709393762,4860.57987405147,44,0
3013.59226490802,5120.81125059435,44,0
2588.63832897391,419.762364222613,55,0
5116.95564040235,1703.57817283783,55,0
4559.19073946812,4466.89363289369,55,0
2148.06607070954,881.271258841761,55,0
4777.47844236444,2137.66876041872,55,0
897.986473514346,1881.59786117018,44,0
3740.41949943594,4912.41285227867,44,0
4388.9209235257,4230.73649615992,55,0
5000.03405581821,3937.32877039692,44,0
2055.44829748169,820.515258168351,44,0
2319.5638627712,1500.19023846561,44,0
1351.07483840707,1526.95171202963,55,0
1082.33502497016,2444.45357334498,44,0
5006.8472166566,2197.18976949745,55,0
5162.50888046774,3753.83897531437,44,0
4853.68444410792,2463.93604254038,55,0
5456.31820827953,1564.76949573879,55,0
4216.52398544141,4957.19808826467,55,0
4003.93452484929,1703.45513225661,55,0
1636.48991456709,962.571418330872,44,0
4352.04059917815,1550.4035737182,55,0
2224.75759535582,5284.20496702688,44,0
2104.62047758877,1505.70224528052,55,0
2334.59083491576,1343.81636344347,55,0
4108.52792325375,1051.32445523146,55,0
1590.67870054007,4702.42347094583,44,0
2246.08585115546,1080.07400006564,44,0
2762.40811427554,4961.71067314135,44,0
5925.52541515188,3701.77651107643,55,0
2112.23264397591,1324.67765971747,55,0
4099.1097136638,4967.60712623251,55,0
2006.80994745923,1307.85911922948,44,0
4603.16734628092,4710.25167191665,44,0
5176.35426826729,2686.12717581365,55,0
3430.73100749616,571.77436502602,55,0
4369.49528202355,4779.33079147676,44,0
3250.10000127913,5103.54063360405,55,0
4835.36674702471,4670.98236494509,55,0
1562.7177585149,873.115962194271,55,0
1371.85368989554,4675.30940499367,55,0
897.8879147759,2929.21496625424,44,0
5022.38934264303,3334.25483668909,44,0
2650.25941333665,5140.59052125273,55,0
5023.41784941252,2311.9536155267,55,0
435.677617788274,4208.50829178952,44,1
4265.99257883938,1356.9884416952,55,0
1209.71650870785,1812.85218459822,55,0
746.540607121657,3635.24471282586,44,0
3788.88136121327,930.603093024371,55,0
5167.73456986821,1242.13412435216,55,0
3635.59235082664,4740.60443581894,44,0
2962.78083827415,1065.9715124391,44,0
441.105950388136,4100.96387603566,55,1
4292.85167193624,5846.20597929457,55,1
1422.06615460569,4267.82198747379,44,0
2407.17836150437,503.31613398924,55,0
2430.74349315925,5028.09587297395,55,0
3336.86244128975,796.575782158514,55,0
3361.34657457526,476.695291235731,55,0
1991.15154887238,1524.77067590059,55,0
4451.68342554417,1213.83622988284,55,0
2206.60532783792,5395.38752309815,55,0
2080.69248020155,5759.66225718038,55,0
1778.06084604169,5014.05625677359,55,0
3188.62068440542,6094.36074188208,44,1
2269.35732953771,4789.5550440569,44,0
1387.92393764349,2452.17665336118,44,0
1944.53483332129,981.492288982828,55,0
1493.94792951879,2475.0281813867,55,0
345.383663667794,2789.92852451196,55,0
3669.3386758314,351.814262279629,55,0
4505.93148705587,5028.93661701411,55,0
2866.70256691559,1024.52361347961,44,0
2834.59966951129,335.660466063648,55,0
1931.25722802698,5139.6553632171,44,0
1887.59070644547,4562.66462170338,55,0
832.195063933539,1791.04349453259,55,0
1102.05067360755,3472.08085570479,44,0
2993.50214169709,468.554767682684,55,0
4296.69576931993,944.359810548644,55,0
2424.57061328386,964.368401496637,44,0
3323.5464390091,5949.87906135861,55,0
904.870756407287,4108.94777141757,55,0
2745.80023781243,5417.11353669301,44,0
1213.48856193003,4589.75399331211,55,0
1804.95307423129,1460.49370876304,44,0
3687.86065520959,961.779240188961,44,0
3293.42477278912,6070.21117734713,55,1
1491.52794616577,1611.54799824227,44,0
485.916756794578,3792.6289325441,55,0
4038.48544494979,1147.73542646006,55,0
799.146903195411,2956.22778553571,44,0
1366.48932337494,3887.18495308226,44,0
5197.05188555878,2880.70913005792,44,0
1171.54190829086,1428.42511294163,55,0
1736.30204869534,1387.17392695284,44,0
3958.89502366515,920.77268710194,55,0
2822.44322075238,934.745055436342,44,0
4300.62279685682,1657.86315623736,55,0
2426.9702088816,1304.49378830178,44,0
2644.54779974859,1258.46090949353,55,0
3439.45050722376,1198.77387910453,44,0
1092.33998070643,3824.01738769136,44,0
980.846422912151,4852.75051429467,55,0
4701.31378860632,2728.36731371439,55,0
5092.99667560661,3019.56179596163,55,0
1038.29899466147,1735.29653949434,55,0
3797.41807479539,1616.42495949727,55,0
1280.74943305594,2670.48661059396,44,0
2261.69075717409,1421.85050307041,44,0
4747.33535980173,3567.22087586139,55,0
1106.01782518354,4647.69950585899,55,0
4597.65599276326,785.955431636844,55,0
4976.24990387202,4395.76067893438,44,0
710.588098839183,2673.12920173783,44,0
2424.52714800624,1064.02311099679,44,0
5252.01073833761,3545.66322992442,44,0
4496.34708360348,4549.90033128725,44,0
4498.33773818039,4233.90936492784,44,0
4972.24513593911,4038.77468171359,55,0
962.598831289651,2220.72259160911,44,0
4106.8908009279,5941.98226050328,44,1
1638.70833278102,1073.06618553454,55,0
1715.11414231865,1278.61845056684,55,0
1582.65554456664,2025.53887672136,55,0
1177.2001207287,2428.40992512972,44,0
4182.86166577303,951.879700978115,55,0
4836.97429000314,3276.82342757402,44,0
745.376249711641,2474.91269914701,55,0
793.923870115727,3192.71844720283,55,0
2198.65828454373,4716.27558484239,44,0
5055.21570161957,2679.83573166468,55,0
5271.13402722367,4395.67373562928,55,0
1488.92951487626,1718.11799190805,55,0
3134.23465678741,4934.3159880806,55,0
4091.82833077474,1756.39500856327,44,0
3424.69018436549,1006.47472752017,44,0
1294.6576959431,2040.52447074865,44,0
1595.47188273113,4888.88242812747,55,0
4642.86067671212,4121.25059641838,55,0
3451.19781817039,814.336056414281,55,0
3179.75650908991,5194.09681466846,55,0
3378.35262865312,5639.49223543044,44,0
5313.82487473306,5155.15383554372,44,1
827.587476365777,2842.06531967136,55,0
986.274779856892,4628.0108265286,55,0
4941.27385897362,3748.70424629428,55,0
1882.69371198177,1800.21340863685,44,0
4477.74542981688,1519.98067255561,55,0
723.74158382973,4692.39222991499,55,1
2804.05142022576,635.726292956128,55,0
4797.77772065923,2248.1165641368,55,0
3521.94523676559,5071.46714027122,44,0
3458.37076190114,5353.99458939799,55,0
3328.67430462646,5187.69981900854,55,0
2504.56265852427,5891.05077939055,55,0
2557.39129769419,5720.60241030424,55,0
2927.06093930113,933.879376355579,55,0
4864.7149720804,2072.08943636839,44,0
3353.38608783174,5305.01678809169,55,0
1065.38207216124,3040.63382820337,55,0
2895.61675429078,5962.042584582,55,0
2739.67394654741,394.651905833087,55,0
1304.41660621493,2872.24042483818,44,0
4863.91539678435,1897.97254751676,55,0
5185.62176531029,3092.39126298072,55,0
4228.31420345012,4800.67166626513,55,0
2077.48196109588,712.045704066989,55,0
4069.81028741587,941.544894280356,55,0
3443.25472300496,5233.24551446701,55,0
2355.66568067637,1238.88562676231,44,0
4890.07309000348,3950.34076638733,55,0
953.250960591663,3653.40268372862,55,0
2734.47695356585,5745.44668785009,55,0
4089.84127056119,5293.22627889041,55,0
3808.9343972281,6019.21932346067,44,1
3295.17727439101,1011.55407324567,44,0
1799.59638344573,4789.07596247776,55,0
4996.21802392834,3846.45068445494,44,0
694.972144559739,4478.44326158204,55,0
1320.81224344208,2244.08688893588,55,0
1978.62622155195,5831.15905471892,44,1
4511.09021374425,5365.76810437255,55,0
2406.54027783379,5234.98757080413,55,0
3988.87377001546,4936.68559542726,55,0
5689.25357659137,1796.28273031854,55,0
1213.83543764979,2217.89002242133,44,0
4000.06864688909,5950.429392057,55,1
5016.96539137881,2578.28732454203,55,0
3872.63960753081,1687.16915961227,44,0
2951.28852314817,5714.19816104133,55,0
3169.93969206144,1076.52410668217,55,0
3589.60185778342,1360.28876550128,55,0
5736.54035138116,3109.47076608192,55,0
751.331474367293,4573.77308797206,55,0
531.162578526233,3223.81016825061,44,0
3836.71927688792,1127.73234696732,55,0
1942.13393374483,5251.05174221469,55,0
2724.34930797292,5306.36673961234,55,0
1355.84115911805,2540.10549179982,44,0
5126.11818245662,3667.24900052377,44,0
3804.12066726498,5156.8082375026,44,0
4335.02274526766,5158.93449025111,55,0
4398.25747890967,5826.64566051067,44,1
3063.86684637917,1072.58465220208,44,0
944.444222852405,3368.77735801615,55,0
4784.1914074412,4112.31573569397,55,0
3513.26995789038,5811.95959988134,55,0
4825.01350054418,3763.79726770893,55,0
2343.09677896864,5512.26195400069,55,0
2654.29890922564,5444.39197419711,44,0
1772.98166062596,1584.5475894032,55,0
3587.13940748444,935.400413443023,44,0
313.422696597646,3316.90889818836,55,0
3737.63799572487,1164.91715198112,44,0
668.814958979171,3949.89569773787,44,0
1827.95230588255,1256.57236269446,55,0
5939.84747153847,3025.85739546236,55,0
2301.51886594853,757.977868826334,55,0
956.980385613279,3839.3243041802,55,0
1992.74938612384,4814.73495747722,44,0
2377.56043505246,5131.3684202367,44,0
2526.76839234943,967.54778620464,55,0
1845.67089455955,1141.44273336584,55,0
4889.23602110062,2170.89716801959,55,0
646.275589292081,3234.02018453385,55,0
2081.46025585692,4639.850136115,55,0
1380.27262440715,4174.82053625559,55,0
970.480841967953,4201.1886785524,55,0
4670.70066297778,4314.73624807895,44,0
1322.3052193257,3523.36180390522,44,0
1237.07857964308,2938.31596058768,44,0
5046.41593652769,4222.18197481024,44,0
835.237888242765,3834.09226715743,55,0
3136.56606756904,5084.97107554957,55,0
4268.03046219532,1473.65081201895,55,0
3064.44174769018,899.111886672096,44,0
1717.23727260059,4707.74646126884,55,0
2450.34640799001,5570.50229167044,55,0
696.696272710027,3124.75084993833,55,0
3248.92160108177,512.124086557418,55,0
1164.06917684771,4155.56389241705,44,0
4200.62803969681,1699.74676094396,44,0
1624.68217722806,4517.88709049433,44,0
4772.99763506479,1726.50801988911,55,0
442.269451510238,2503.22867857006,55,0
2917.62799418722,5527.61983292912,44,0
1281.39327424355,2462.95288025351,55,0
4006.91664421028,4743.10128854889,55,0
2943.1836802249,4870.91489671196,55,0
899.759470942323,3463.71427769829,44,0
1267.74248023305,3898.60974922832,44,0
2012.18258067609,4564.36875636141,44,0
3963.79413338743,796.600787877312,55,0
2211.33453802182,4612.43866583261,55,0
2517.90135469845,521.634363227567,55,0
3613.44828639875,5494.87493375619,55,0
5107.64597558226,3290.66105256109,44,0
4020.84116942325,4586.07329308332,55,0
1017.91898105639,4737.01707917848,55,0
3917.64440257847,4841.16862581558,55,0
2129.93790469323,4532.44420333029,55,0
2231.18242474123,5097.58279233607,55,0
1427.62949039857,2231.00360339951,44,0
1783.44111078319,2106.84032821638,44,0
4969.02461244296,2746.57365313213,44,0
4477.81065454987,4641.61438462142,44,0
977.887094893621,5083.6326222476,55,1
1454.89363923681,4364.32793237978,55,0
942.019407921551,3025.30483592422,55,0
1533.59812805022,4288.60426617395,44,0
851.090583353493,2200.68278327105,55,0
2532.79557050512,5209.05674188171,55,0
5746.62392965083,3801.45422116993,55,0
4117.15708748711,4639.78400734023,44,0
4483.39691958082,1730.82212979124,55,0
2043.18292197535,1662.59386692032,55,0
4489.0451397785,5780.40341834569,44,1
1519.85043162211,1908.83190280355,44,0
4899.04194572729,3844.83995541629,44,0
4201.21762366661,4464.98020923652,55,0
2266.20089268272,636.070184744806,55,0
1077.91869714643,2045.46324024085,44,0
260.414426051542,3092.6972892628,55,1
4045.19599407833,1587.34433396036,55,0
4711.71303823524,2356.83479688586,44,0
793.535622531889,3496.55596799102,55,0
4074.95013472983,820.640450095083,55,0
1664.60803939273,1773.35878699977,55,0
2517.29096806447,702.140843174756,55,0
547.212195658773,4223.31816895624,55,0
4675.03884772161,5678.95604324021,44,1
2223.63483346431,1315.0628104253,55,0
4681.54994966121,2260.88599937724,55,0
4798.03677028206,3373.43637222225,55,0
4909.54561171531,2280.5623128278,55,0
4819.10388809676,2357.91643236799,55,0
2627.31812402608,738.027887918475,55,0
2264.87535253373,5947.87594458788,44,1
2561.43182617068,5089.28542544215,44,0
1082.24162624611,4233.86045905582,55,0
2859.9300338679,4795.17982794531,55,0
1188.17897931905,4055.5626488037,55,0
3011.76872851262,4789.30439032489,44,0
3886.23518313256,1015.55239954419,55,0
1248.4452416406,2134.69370546078,44,0
3924.55458697512,4618.81854720743,44,0
1814.09831205608,4492.64836501465,44,0
4778.25461850314,4341.5019338119,55,0
1608.97476050857,2301.84747170816,44,0
3483.06774247774,1372.02684960512,44,0
4526.27995981516,4140.10769976206,55,0
1937.73317447107,4352.03979847212,44,0
292.792784643984,3707.86299797218,44,1
2756.95487026882,1454.99103124049,44,0
2355.51370855273,4464.62128769253,55,-1
2701.51551348924,1362.09214193738,55,0
3754.73173738689,5805.85173795284,55,0
4991.36474331253,4140.42456686386,44,0
4112.44654567239,1236.95895157836,55,0
399.192991973784,3663.63193532208,55,0
1529.8919298787,4797.98692943678,55,0
1197.38086136241,4377.87494881192,55,0
2444.90138568422,1177.35017369136,55,0
420.338220462193,3254.82317653678,55,0
3344.1208193477,4958.81125279126,44,0
2874.34824776411,6075.63453979688,44,1
5196.60597370043,3348.88299847051,55,0
1869.34579422083,1535.73182626464,44,0
1255.70265272905,2570.9567589458,55,0
667.709911968767,4057.91067347097,55,0
1411.43888107518,4864.15902904298,55,0
2845.55805633404,4903.11490867781,44,0
1498.08396830714,4202.49571265911,44,0
3909.44240753458,5150.72051288148,55,0
2329.92134613622,4941.50763691913,55,0
1278.43707422941,3127.99178702949,55,0
4838.73530606123,4242.01367308224,55,0
2290.38113793301,5193.79228671428,55,0
1148.627198484,3290.01192371068,55,0
4280.15564949248,1983.57764444459,44,0
5971.0110459051,2831.61504085213,55,0
868.382727414222,4607.6073595488,55,0
4723.56757566997,4206.05104678414,55,0
1401.63143705314,2329.7158223176,55,0
895.04413009233,2749.63714218772,55,0
2233.69099622182,4984.65804790997,44,0
5073.63771790703,3792.76429709341,44,0
2987.45345661875,841.511543687481,44,0
4607.27600116646,4227.96245262982,55,0
3474.15664276179,4861.99904795095,55,0
3647.42798943815,4630.1868685885,55,-1
2976.56807314948,1175.86805571135,55,0
1720.03913583601,4516.42648767103,44,0
3085.36429419583,6092.28235145033,44,1
2069.63868789025,5874.12426533827,44,1
3896.3070889368,4725.37413944385,55,0
784.168465881783,3381.50553313072,55,0
4546.1808160576,2011.49503055123,55,0
3945.15533000021,1623.13556035529,44,0
2022.33217031955,1416.14380178568,55,0
2746.490896732,5070.68375167312,55,0
4931.54496323583,3253.46522301784,44,0
776.002509613863,4110.67680447865,55,0
4970.63183984841,2476.5163624803,55,0
527.938683450239,2930.64148158293,55,0
874.07594105967,4385.12093506549,55,0
958.654237385405,4006.02213706528,55,0
2048.77775853097,1209.41533258897,55,0
1353.14883691899,3609.99915909998,44,0
1012.98576314032,3273.82017277959,55,0
3595.72158588176,1240.94467383098,55,0
4412.36323463224,910.237877232707,55,0
1289.88116349504,4253.63938220834,55,0
915.85716651619,2473.14700939483,55,0
5096.31773926461,4121.72284328041,55,0
4898.46755478778,2567.75207048909,55,0
1455.14522929602,2576.05314290865,55,0
2021.88720937197,4384.41225536478,44,0
4451.84243015765,1834.23662690067,44,0
2157.66698821569,1677.81309729387,55,0
1625.6020475651,1921.24404404014,55,0
3095.89686564031,4829.54284231992,44,0
3620.07473567408,1042.44886976533,55,0
3081.264306234,788.850114287253,55,0
4723.00526832559,3806.9603957104,55,0
3536.61114283227,4964.61177997724,55,0
4317.86030736421,4878.55265055279,55,0
2167.36265613374,1420.86896818584,44,0
1639.7219759791,1363.32336168113,44,0
1703.90159469435,2025.69850946415,55,0
4478.27008019091,4748.50161603785,55,0
1891.87342621144,4851.01748217872,55,0
4986.8313470588,2960.69847658403,55,0
1093.20732555923,3192.14746409032,55,0
4917.61532789735,3354.79629772009,55,0
3543.60128038871,1136.58062728295,55,0
4310.18522599691,4441.52520301526,55,0
4426.12692623248,4465.53576016032,55,0
2333.31655643318,1010.2331159378,55,0
3541.53335635914,4769.87565708352,55,0
4861.79729375486,3548.84882671773,55,0
993.774391636213,4320.19692090556,55,0
2436.43589492824,4905.11252646669,55,0
1188.51727190895,2029.9289160338,55,0
3190.12559661312,401.109112263976,55,0
1141.61187167401,2135.91190595638,55,0
4710.74560549084,3670.43449660371,55,0
1058.31976639216,2614.12045708578,55,0
2529.87270337696,1260.77379314378,55,0
410.259651013562,3537.76131013036,55,0
3529.18343575934,615.347394030045,44,0
4532.29710867763,4916.87771099341,55,0
2396.3502018511,4748.70215118017,44,0
465.731768022711,4299.18836614186,44,1
2763.78296567416,1015.21894532427,44,0
3151.96895978926,1278.06976903632,55,0
377.173158284129,3050.09408526042,55,0
1785.30057588234,5741.39033248246,44,1
3239.4957890472,4982.9509436434,55,0
2730.60161199146,919.975304921227,44,0
4338.44504672873,2071.98615856811,44,0
2353.53672399353,879.592996484241,55,0
2818.82843413878,5495.12619726393,55,0
1588.45582796057,4091.2656012054,55,0
874.514892297791,1997.05409372532,55,0
3702.63038698876,1361.99344035104,55,0
4822.5563430903,2727.29263556247,55,0
1408.22096723931,4473.86618859279,55,0
1198.21886663776,3023.1047444904,44,0
1364.78488430476,4061.26034822522,55,0
4257.72185741605,1786.83928723203,55,0
785.581517121271,2737.3271993926,44,0
2852.24347737369,5013.18263170978,55,0
4066.17724429214,1889.71383425513,55,-1
2767.72713009485,4847.98321341239,44,0
2913.8454338684,1279.26605327966,44,0
3732.14086471713,4814.02602582488,44,0
614.98910881134,3789.41116323272,55,0
524.098217943768,3681.01512928209,55,0
5089.15528855554,2903.20317903513,55,0
2676.9932467434,4833.7259142421,44,0
4441.55000963782,2066.93505369233,55,0
2164.37625920843,5913.03079294916,44,1
5147.52092730692,3200.78117956097,44,0
543.63382601027,3328.8381733686,55,0
1140.09119227666,2534.18583125537,55,0
4669.87913085602,3436.31208582112,44,-1
4383.73811308622,1968.34100922043,55,0
4941.53332368698,3634.75054783923,55,0
3749.35423564182,5021.17445483645,55,0
2564.87383738045,6029.75364059607,44,1
2249.47060728746,1628.72355367098,55,0
1777.22498965019,1784.01649553884,55,0
4748.12584069598,3224.84415824644,55,0
4639.22513328695,3594.03173547168,44,-1
2806.60255750339,1536.67212740687,44,0
3497.74787596911,1273.93002234653,44,0
749.356415386989,3753.48814831772,55,0
1845.55131285555,1695.47422186188,55,0
3017.90565848353,985.647257310852,44,0
2043.31710773972,475.935851370443,44,1
3948.67971390507,1514.16770433179,55,0
304.728710916222,2680.12760953138,55,1
1209.41545352928,3201.32993605411,44,0
4588.01279194697,4602.42945045762,55,0
2297.40222898069,4680.26099970604,55,0
1039.01863506924,3568.14386495083,55,0
3038.21593761975,4908.11235932861,44,0
1696.33627489033,4308.68138077,55,0
1304.58558783641,3802.09678648741,55,0
3804.06245830867,1496.61661339529,55,0
1171.06371721094,2655.24999134432,55,0
1526.60697211857,3999.70764128075,55,0
2576.57815361781,4685.41016489615,44,0
3282.64706511653,4884.11337180059,44,0
3472.07747963058,920.533435643656,44,0
2347.53858698459,1593.97214647576,44,0
3260.64843035984,1277.74619295971,49,0
1356.69262063193,2143.63325063355,55,0
1127.99203649325,2943.6304774706,55,0
1248.26119009043,3686.79797343767,55,0
1799.85356091526,1968.76119814843,44,0
1271.64912373011,4131.16922639342,55,0
3214.29358102489,1489.33373956195,44,0
4810.73728470614,3003.78102003892,55,0
1771.06307838044,4217.84863179847,55,0
1170.87063215312,2757.57378464136,44,0
1418.19566511877,3803.31366003735,44,0
1568.48266552417,4385.64926450681,55,0
2800.72715824133,1309.37637026105,55,0
275.488360567233,2886.06010542749,55,1
2219.14250362303,1515.34437233555,55,0
2388.59106615075,1439.27079290802,44,0
1461.88415562285,3645.25330787133,44,0
1005.27011545244,2933.19795797128,55,0
1966.56846658991,1739.31339119192,55,0
4036.84038725117,4470.13998636919,55,-1
3731.29844450019,4707.16433016584,55,0
1679.29135815284,4422.00925438428,55,0
1835.63504893941,1876.6230117176,44,0
1216.60231197102,3491.75303086563,44,0
2149.26079937007,4927.41960007123,55,0
1934.94334021686,1623.32952936727,55,0
2403.76582301196,4643.97279903874,55,0
2341.43169701434,1133.02489747199,55,0
2671.95784811953,1127.17925433665,55,0
2503.32335465096,4809.50168454094,55,0
4990.74925430947,3063.43474469455,44,0
3387.29444678797,1292.75889439007,55,0
4977.71932911945,2848.83128985093,55,0
3434.09664449929,5013.74084026526,55,0
4437.81773718695,4063.24036862522,55,-1
1602.91437867298,4203.58208931203,55,0
2586.26952659302,4886.41165647601,55,0
2121.49171839421,4354.08175584762,55,0
3314.62169507565,1491.02315273721,55,0
380.269637642313,4000.35585132487,55,1
4879.92064630791,2910.87086622566,55,0
1736.11235418072,1879.78730533132,55,0
4160.44834310185,4324.88111989862,44,-1
2098.82241911542,4755.85406214654,55,0
3815.70827790186,4652.31266444005,44,0
3740.38994441331,4590.16802085077,44,-1
3045.91507454891,5017.59021343773,55,0
3088.55540628563,1178.16056654589,55,0
4469.24864074288,3972.98828470231,44,-1
4223.61578419359,1896.22153367223,55,0
1998.99508879173,4197.67372423103,55,-1
2592.73546399833,1361.96946380025,55,0
399.165226068582,2941.29421790085,55,0
571.212319223907,3895.91056666015,55,0
4508.61712444089,2375.84316401356,55,-1
1166.70811737889,3942.73777318044,55,0
1520.73262049252,4496.2191776331,55,0
4639.66244697132,3743.18814647142,44,0
4947.59282735891,3150.78580683352,55,0
2898.60266504392,1497.61739864771,55,0
2938.15484073365,1384.6582105085,55,0
4273.00267069496,4224.07002861036,44,-1
3694.16641489722,1480.33562695664,55,0
1066.86030777665,3376.26071073768,55,0
2784.25650676698,1122.76258837534,55,0
4349.05299701201,1861.94835529039,55,0
2241.13037803784,4505.94309917079,44,0
1574.82645988872,2400.44974767072,55,0
2611.05313355506,1575.80228168781,44,0
4704.26276236467,3119.56999778417,55,-1
894.078142014146,3925.44519785184,44,0
3695.64143683165,1256.46484101673,44,0
2429.71721316724,1539.37870958954,55,0
1048.16070058916,3925.31045676733,55,0
1474.15850862554,4101.9731785149,55,0
4709.98607500092,2910.10227643569,55,-1
2842.27029832668,1213.36572499275,44,0
1110.31163153033,3661.41992735503,55,0
5080.97735791775,2789.53773766011,55,0
2839.08290886994,1411.98512784719,44,0
2223.11444556226,972.860275756894,55,0
1025.81001830828,3744.42152893095,55,0
4056.66984286733,1470.40231576147,55,0
1365.96588392646,3335.43181099814,55,0
4932.08009971325,5503.80744661215,44,1
4124.39274267383,4526.20626542763,44,0
3437.301008366,5120.16709511756,44,0
446.92687267922,3901.23082390239,44,0
2068.89603702271,1768.36788180147,44,0
4373.61463986026,4342.89481156086,55,0
3339.53306133022,1188.464663801,55,0
4542.98574899336,2154.62539059877,55,0
2181.04486094189,4437.78495579833,44,0
3980.18917560467,1822.71597119401,55,-1
1942.56641926358,4456.51528959968,55,0
2664.8926130504,4704.85904042813,44,0
1368.52629522283,2631.80748862745,44,0
2673.34235052896,4930.43133145787,44,0
1302.32733476933,2361.70542284132,44,0
1273.19761567166,2777.85534055312,55,0
2938.9708193255,4727.75667104385,44,-1
4698.47139514596,2629.061947782,44,0
4553.89133603831,2270.60613128628,55,0
4087.39739389522,4382.68311766656,44,-1
1403.97737968318,2886.19093755481,44,0
5068.56355288244,3132.02757288472,55,0
4788.84769463626,2595.14802179139,44,0
1372.96435524651,3709.67006462701,55,0
1696.50547264441,4135.34021054879,55,0
297.479618940686,3600.53421955544,55,1
4559.65263546186,3791.55288783596,44,-1
1459.31193260603,2090.36011290133,55,0
4361.58388132126,2169.10996297473,55,-1
335.391512332678,3905.45861814131,44,1
1151.84808368006,3562.69042213001,44,0
4759.2483189958,3464.36297465751,44,0
2602.28764962784,4778.1167158322,44,0
1331.43366305329,4567.45707388427,55,0
4630.84968147069,3854.99887400059,44,0
2317.42658200114,4570.21158023692,55,0
1929.19447114774,1888.21410300533,44,0
3304.81944055346,4787.90794405419,44,0
2485.19102993102,1398.01143489875,55,0
1396.27213774164,3462.32695247214,44,0
4358.54696572239,4130.36195626459,55,-1
1860.40975361157,4284.34677867585,55,0
1297.70096839897,3428.05683353344,55,0
3546.41515316932,4650.15961712676,44,-1
1560.99110972623,3542.13924486298,44,0
3257.91252705992,1393.52603346443,55,0
4684.34358674913,2526.72754623168,55,0
4262.37623226811,4336.14363461337,55,0
3004.79125515424,1476.46092742595,55,0
2847.54686485885,4668.18068278244,44,-1
4893.73166941688,3060.9326567612,44,0
4650.96476673086,2433.01111146301,44,0
3194.52097457398,4830.16955694208,55,0
780.762497431809,3937.77758625782,55,0
1506.63434283996,2314.47079515026,44,0
1811.4502465658,4389.00744321349,55,0
1569.95831471534,2138.82375804397,55,0
1555.675821223,3900.2671419323,44,0
1961.7401492906,1980.04229120779,44,0
1866.25731299551,2055.01923409989,55,0
1096.80999073557,2834.25209382634,55,0
4572.42110375918,2502.31087939638,55,-1
4533.54584194599,3894.49085510588,55,-1
3632.46479785241,1676.48245986855,55,-1
3060.55292920573,1358.41019960925,44,0
1181.26036358493,3397.41721953522,55,0
678.872755925408,4308.13841849104,55,0
1305.74314206778,3018.97784389949,55,0
1889.91241667267,4171.35487918142,55,0
1529.64027797377,3813.65563366862,44,0
2534.77783066699,1506.57120884345,55,0
3438.66628742151,1460.15368979733,44,0
4804.38810534106,3102.25135922305,44,0
434.19336958963,3387.49627846237,55,0
4694.69499986006,3010.08968878959,55,-1
1956.9784230635,2124.71256692663,55,0
2435.96962839661,1653.03136538098,55,0
3023.78930736081,4690.41337133482,44,-1
4140.26231037245,1962.0482397804,44,-1
3833.81013031771,4553.2773649876,55,-1
2528.81509066571,1619.90283226104,44,0
1863.88570063032,2163.58191077055,44,0
4697.13670735536,3323.6109150405,55,-1
2242.92927936051,1739.18016268681,44,0
1424.79408518113,3020.24232569939,55,0
3225.94926413148,1588.77878115049,44,-1
4437.68013757141,2280.5134227061,55,-1
2486.61370657149,4703.82290056351,44,0
4245.94032026978,2072.42764350921,44,-1
2417.71901779527,4537.90893427367,44,-1
1538.36213090156,2650.22243229206,44,0
2647.51167837232,1464.82164312167,55,0
2711.30859737306,1561.2651310707,55,0
3004.41343376366,1282.5913744499,44,0
1857.17514712568,2288.06464141884,55,-1
2763.30880370449,4743.07698076945,55,0
2009.74810176268,1838.52834703352,44,0
2739.02957517274,4639.77840545131,44,-1
2951.4782513613,1603.24398352782,55,-1
3736.69517927676,1711.99703168813,55,-1
1655.92723842488,3588.08882795488,55,-1
3214.66340990645,4713.38865656445,55,-1
1775.23215864249,2208.42944383933,55,0
1588.28301598687,3728.3400775048,55,0
2101.36082984862,1892.96463594605,55,0
1812.3873221105,3946.91501881565,55,-1
1657.35201446569,2738.79676925352,55,-1
1699.89931882528,3915.71856458934,55,0
1464.12242425246,3882.01689120508,44,0
1105.25260223991,1123.70375573803,44,1
3151.98306788915,1394.84019292156,55,0
1559.80304921532,2559.83464468394,44,0
2278.26828542115,4383.85862802966,44,-1
1717.67899552004,2311.80276503212,55,0
1485.22754954664,3731.39058560724,44,0
2043.50200535838,4292.4900787896,44,0
3458.21227604989,4694.42979217633,55,-1
3373.11317301814,1403.1609834223,44,0
3501.93613075377,1540.35480704276,55,0
1620.5570293767,3007.48213528087,55,-1
1516.72400509847,2222.94994959446,44,0
3116.54827281559,1505.29408765239,55,0
1453.44172034572,3544.83651828868,55,0
1731.60781831761,4025.0283773799,55,0
1801.5892428286,4115.86655301738,44,0
3327.01943592893,1610.27446329504,55,-1
1612.90910635029,2900.56677222606,55,-1
3927.87042665209,4502.66459010235,55,-1
1420.95624017344,3237.13265578309,55,0
1643.81698615439,2500.97278001553,55,0
2492.15853620282,1772.64231757907,44,-1
2653.40053664822,1672.72775726665,55,-1
2026.50723204191,2050.20986255012,44,0
1466.64308531486,3387.58256009571,55,0
1682.27888700805,2408.09728954569,44,0
1395.44044795063,2774.19604936744,55,0
1633.19389146089,3996.33185844671,44,0
1560.0406964594,3633.3375136242,44,0
2507.52258619937,4557.54050903316,55,-1
1658.90728355541,2216.82962832025,55,0
2339.25118051991,1707.11978643162,55,0
2397.49657858257,1811.16034701863,55,-1
1393.97638816827,3129.12724122448,55,0
2182.68063148854,1964.65653755992,44,-1
1551.13941232979,3439.36047558082,55,0
2163.40848996317,1804.01727316194,44,0
1938.35585515001,2230.36291460945,44,-1
2589.49857745508,4588.16002667313,44,-1
1640.73067427158,3830.80238822418,55,0
3819.32208039859,1769.91640321183,44,-1
2294.34536327706,1818.27207854929,44,0
1493.04450227294,2839.46977044313,55,0
2561.22890649371,1712.65779958802,44,-1
3687.66196481068,1586.73185916563,44,0
1462.69179987411,2693.01360757373,44,0
1808.31992608423,2383.20254584042,55,-1
1533.94854324611,3238.48370588255,55,0
1752.77257334555,3812.53105681018,55,-1
3395.51722172224,1550.22381103813,44,0
3526.44585379896,1653.93564030544,55,-1
1559.33791071755,2764.5561998329,55,0
1759.46468920987,2484.51472103426,55,-1
1703.70560461715,3668.32290719077,55,-1
1510.30350573253,2949.07767553589,55,0
2117.74734928591,2020.24802219882,55,-1
1889.88429612087,4060.37987509821,55,-1
2230.95460648628,1878.58199961486,44,0
1535.44436565438,3044.00784813438,49,0
3437.04380914519,1634.27579330005,44,-1
1692.66544658304,2834.19666996929,44,-1
1621.89879449725,3276.88431307997,55,-1
2862.6582169065,1653.80696877642,55,-1
2763.7899554992,1666.65522104738,55,-1
3049.3569334772,1603.27811828625,44,-1
3135.66969823722,1610.07400281328,44,-1
1680.82525551789,2124.71742402368,44,0
1640.17023784883,2620.99441727897,49,0
1558.41786294259,3131.75729267775,55,0
865.5470560975,1377.73757474938,44,1
3600.57361141222,1584.00489767974,44,0
