5220.45715687008,1102.99431572295,44,1
5811.47699271961,1953.52864991235,44,1
5493.5632556631,1421.51114674223,44,1
5142.22514059494,1030.98892049626,44,1
5764.82007195222,1868.55701638021,44,1
5187.57116689028,4475.04994960286,44,0
5056.17281405884,967.432659530007,44,1
5721.83569205218,3485.43628883051,44,0
5727.48176729603,4552.26735106624,44,1
5164.29992025062,4970.75508493916,44,0
5928.95279832645,2245.17319052501,44,1
6012.51006937744,2546.48099160104,44,1
6014.81878383017,3776.72515722312,44,1
4287.97224972792,1133.63636062459,44,0
5092.00143644312,4894.79628043107,44,0
1247.36045311624,980.053014160456,44,1
5131.4883357259,5060.77748413622,44,0
6047.53214663059,3281.7441325234,44,1
5893.40325299369,2145.96386650226,44,1
5235.56767743929,5217.73609515938,44,1
5487.38898202418,4408.76549183915,44,0
5195.49567808624,1348.53794897029,44,0
1247.08822728244,5201.63747009983,44,0
5551.74938086643,2383.59469385172,44,0
3424.66767350763,5899.78791283087,44,0
4192.00831682119,5790.44933925861,44,0
4483.45128035121,786.8496982886,44,0
6038.06506099259,3376.96561144717,44,1
5589.0053255131,4277.5302202453,44,0
5086.50696244693,2091.83368838906,44,0
5692.75515222089,3303.97478988996,44,0
5408.083218775,1667.79553484561,44,0
5738.23422622763,2500.1195241416,44,0
4174.08356520147,5489.9004910559,44,0
2260.7993430051,5703.13859064536,44,0
1210.50999306306,5110.95863369715,44,0
6064.62718054482,3471.29870882442,44,1
1067.26730061999,5013.69079100164,44,0
1597.0306788305,5488.0442948899,44,0
5804.37323690132,3708.55899322211,44,0
3855.16974786484,5785.07309893459,44,0
6034.59986420515,3672.11053616149,44,1
638.09296689884,4575.30635111017,44,1
5871.414857234,4185.79329659882,44,1
3342.9343742025,5832.3909244239,44,0
940.789058107961,1653.80461986568,44,0
1357.9377921877,5393.81883622519,44,0
1668.59879288043,669.300847989192,44,1
5550.98598272492,1498.38263080325,44,1
4656.74027558361,5400.33881100414,44,0
5298.56446702152,1795.9431324734,44,0
726.838358896303,1737.87931532492,44,0
5044.82730661161,1473.35270121901,44,0
5941.08218090934,3227.81418799874,44,0
2442.90773337237,5684.14615517836,44,0
3136.57059108817,5887.45044736621,44,0
5799.48668749945,2316.84665772175,44,0
2385.23240613957,5841.2814186152,44,0
4817.91734447315,1027.75210711955,44,0
4943.96213068232,1486.96087600255,44,0
1325.27220052199,1317.58826688135,44,0
3108.77725006834,5988.03243081655,44,0
4766.39017258334,1858.33026833008,44,0
5333.36514277761,3886.51852460358,44,0
5528.9607467127,4620.24752469529,44,0
4836.09461753137,5302.08919050979,44,0
1455.79377568543,1131.10877678931,44,0
1132.88882146266,1276.51071247071,44,0
4488.00306364187,1111.08760221826,44,0
2316.01345465717,5302.96485589161,44,0
4213.58734168093,512.213607760774,44,0
4909.35953640049,1054.86010188818,44,0
5686.95513520028,2382.58260992158,44,0
835.915602327273,4713.00342471953,44,0
2309.47595251175,5403.70999839376,44,0
2794.61844150838,6018.35535542326,44,0
4983.85749937615,1192.03467404051,44,0
4729.43311709275,707.812331398706,44,1
5382.31656043106,4353.1475418842,44,0
5615.1327591034,4078.88189063381,44,0
5444.1434989556,4559.07743058917,44,0
5269.83222681792,1409.3806964388,44,0
4043.43996476735,5755.75402365192,44,0
680.722170996293,1913.15143681593,44,0
4466.61748978804,5676.49728094218,44,0
5648.06051425098,4481.37366882809,44,0
2290.03645491238,5843.02068160366,44,0
4241.17168714675,1043.56970727645,44,0
1336.01328069674,1039.0403641935,44,0
1193.57001793355,4484.5245926847,44,0
1620.98932662475,5270.14090434602,44,0
4794.96036266114,4886.49017021045,44,0
5850.456162244,3618.42973856029,44,0
3052.9749369188,5727.06604087843,44,0
5061.32511853962,4983.98785713386,44,0
1849.10445199101,5088.03749085144,44,0
5537.70656199661,3315.99172014663,44,0
5821.98796079135,4369.32126423266,44,1
3096.20135198747,442.124418741306,44,0
1941.3911784176,547.715373384397,44,1
4410.42834562431,5387.37876278823,44,0
1607.85822855346,1270.1099108257,44,0
2817.16602459642,5354.83370071171,44,0
4337.74406550286,1044.08621203013,44,0
3081.43970541511,5395.89817539395,44,0
4893.98944651257,1155.73170105203,44,0
1980.05089645801,752.309325894129,44,0
5787.34130269622,2412.48724206303,44,0
5306.78239126908,2069.48274247348,44,0
4930.95469787354,5278.98989730963,44,0
6051.16548112962,2751.25785500319,44,1
713.496155788647,1622.54704743745,55,1
5458.73312491072,2427.16458421667,44,0
1646.19171706225,1575.3955103939,44,0
2593.50533341938,5826.19279627063,44,0
5947.62607846008,3131.65777028764,44,0
4586.57652393853,5467.17817832662,44,0
4805.95368901758,5411.63374538724,44,0
1111.25555309272,5099.25508862329,44,0
6015.60968741025,2649.26110790245,55,1
5607.59497602168,4725.09631978772,55,1
4813.44731328662,763.078196986483,44,1
1618.14211041836,5170.72213039408,44,0
1686.63440213429,5337.92033273542,44,0
5350.32236907353,4935.51076008329,44,0
5755.58282508254,4450.65941831911,55,1
1074.88446600959,4913.33636318755,44,0
4901.61593621993,5400.6054404029,44,0
4909.63036296899,4749.33639029114,44,0
4894.03754047212,3453.27413685035,44,0
4313.39704818271,5597.46452855322,44,0
2884.91440748327,5624.01432893676,44,0
5261.36450664361,1887.67483496473,44,0
4423.17396876572,705.313343934013,44,0
5077.281493989,1913.67881877287,44,0
5822.73653878136,3896.13417521686,44,0
4897.21763429387,4853.78780385647,55,0
5918.12313523146,2592.29090209211,44,0
4120.79900937029,482.824423289362,44,0
2131.76595094037,5317.76474522083,44,0
644.328745872903,2430.47316859104,44,0
402.057116706055,2278.41082038107,55,1
5259.49852943571,2155.36827301663,44,0
5071.18972519745,4628.19834632884,44,0
3569.40474895615,5597.7571892103,44,0
1283.28437839137,1607.03188618229,44,0
1913.90465106853,5506.08350806384,44,0
5283.78214423259,1185.79816368618,55,1
3461.71545589016,263.476972252064,44,1
5265.66861508321,1984.22721057917,44,0
5780.57002003446,2586.38263168085,44,0
4388.16870344103,1124.43339355735,44,0
2372.11041277703,659.793905452834,44,0
1988.65481269777,642.924416437902,44,0
5841.0200511962,2054.32414308412,55,1
4529.08266456773,5135.41926021379,44,0
4253.11821827168,737.986414247398,44,0
1489.71320607257,4936.3550751696,44,0
4637.63328886981,1586.91680606747,44,0
3926.29508764199,486.105905210576,44,0
5411.9778792318,1351.98908415358,55,1
3659.33395563803,867.232341008595,44,0
1883.98621541248,5729.32202766153,44,0
970.907606267198,1276.95597476604,55,1
283.875165050255,2987.82925725186,44,1
965.175086946392,1388.7996572816,44,0
5347.42856427283,4581.41997498918,44,0
5174.92293340274,4845.17458202689,44,0
4979.80806520496,1325.32038485516,44,0
5717.51226287275,3900.44298169213,44,0
5246.72490360119,4922.7815784412,44,0
5937.59484397488,2731.10526137652,44,0
5038.94201567913,5263.90014890941,55,0
528.714591177688,2681.92275524837,44,0
3135.63826867506,300.211033109969,44,0
4084.10625283039,1364.02640429703,44,0
1427.53123592841,856.116909939362,55,1
5487.1325000433,3199.02658774473,44,0
465.425663339631,2090.33148057648,44,1
4893.58383580646,1264.56514635528,55,0
4441.61086407572,5171.32526988714,44,0
929.417180754189,1748.54527020058,44,0
1291.05138899511,1136.9767050988,55,0
5048.15941067772,2007.29606122118,44,0
2232.94521848896,5499.90186186721,44,0
889.978094872041,2099.69787193453,44,0
909.149535982173,3746.08843663714,44,0
3861.19485850786,5353.41966848392,44,0
3199.85306653965,5570.01291603763,44,0
1281.24668732129,1939.39273529731,44,0
3638.3357388389,5920.67806238606,44,0
5085.65253041434,3899.00027890796,44,0
5128.84421762865,4548.29201836278,44,0
5543.25215176608,4514.60908298351,55,0
1814.12072847313,5638.61496857967,44,0
5620.79545926594,2811.568892162,44,0
1728.65618486061,5243.32939810498,44,0
3762.57556316434,5924.00060296666,44,0
550.395864864157,2467.05562849337,44,0
4269.72440261782,5500.73608040381,44,0
487.238128330623,2196.66784461212,55,0
5748.48234236516,4104.28000412215,55,0
1182.61584373238,4914.67568029587,44,0
905.646829581749,2298.21580452873,44,0
5354.02736047328,3790.89347196392,44,0
4432.93020541214,1031.72492638047,44,0
2112.83045507415,5129.86287114439,44,0
5516.87772511154,2501.21100879198,44,0
5410.52646516684,2022.45046686626,55,0
5618.94676320665,3496.36830197501,44,0
5651.40429327088,1685.09682066812,55,1
3715.59946521485,5512.17653454638,44,0
2454.73527650285,610.148588718165,44,0
4613.19385451876,5008.65093729503,44,0
1339.2611130219,927.088208328596,55,1
2700.32094414093,633.641593085014,44,0
590.975566009217,3422.45156627734,44,0
5518.81176086288,4800.47364324308,55,0
1722.94377537265,5558.66602392135,44,0
556.371457099618,1891.89225961296,55,1
1766.48137452147,624.043760111488,55,1
1543.14080731629,979.74816416859,44,0
3621.74886030625,5688.18967525904,44,0
788.640205826449,2109.28375195943,44,0
5503.85195476888,1699.03621425776,44,0
6062.44059864288,3054.540777787,55,1
5807.55127719988,3308.8726207603,55,0
4308.80761927165,5261.74422144558,44,0
1483.14352193049,5038.44841017961,44,0
4557.6374508526,1216.80373679326,44,0
1811.93354529691,5433.10629903247,44,0
2040.82037755749,5067.77531312923,44,0
5640.34110642453,4614.12794928568,55,0
5311.70136836042,1698.43591770473,44,0
2539.04465695403,318.909483902079,44,1
3053.25140390043,5832.17123814793,44,0
2992.10203120403,5253.50987284496,44,0
5130.68983907586,2328.08293958207,44,0
1521.3405050516,5247.47562224139,44,0
5264.12972606712,2620.50979295658,44,0
5406.9644498099,2528.6712526031,55,0
5329.43223732679,3281.4451225887,44,0
1444.52353958667,4566.89788211667,44,0
1421.76332010628,5263.75102288765,44,0
1293.94609027966,4898.90861612642,55,0
2646.79531477348,317.285037595485,55,1
4072.33500177973,397.427631729569,44,1
1279.76174910019,5018.27263941387,55,0
3922.01151551912,5570.40498150836,44,0
5438.14791425526,4675.76332609218,55,0
5975.97708889308,3874.82945490291,55,1
1239.50706680982,1517.37263668436,44,0
5157.05797434879,1981.89519347863,55,0
5375.1406942288,4254.79862111139,44,0
1965.78094621153,4915.09025114064,44,0
1170.04337235547,5012.22893353805,44,0
4846.86887541385,1796.35150448839,44,0
1101.38921442585,4814.98742011509,44,0
5304.89638389497,1304.3218583844,55,0
4389.54609147569,803.910225651616,44,0
842.357405294876,4019.64921800671,44,0
733.602857111016,1833.22313346163,44,0
5797.50699346407,2999.10603595602,55,0
3265.76199140072,889.876193091227,44,0
3831.85126411552,624.790887482932,44,0
2343.04919227442,5749.86837761507,44,0
5468.61747126279,2218.44628740864,55,0
4718.29266838567,4631.19444166904,44,0
5187.46935031506,3859.69612449055,55,0
1702.47367001841,1658.89881702248,44,0
3753.27039058052,418.639795606443,44,0
1780.79575452428,4903.37471101087,44,0
5026.09288491745,5088.6700913943,55,0
1750.90782509154,1178.04112351917,44,0
5846.81564133983,3405.72786787769,44,0
3288.71067364314,5599.57155484948,44,0
3562.65516268469,519.847908907298,44,0
2181.78471328539,5196.42386396084,44,0
4098.97773525107,5420.19898006891,44,0
3107.03876394785,5627.23397717337,55,0
3346.25692154029,5078.23902519254,44,0
1075.0950258439,1189.75063174774,44,0
3363.70405438682,5416.50973324778,44,0
4997.34934047677,1694.93918332049,55,0
5834.52520972857,3511.40292417582,55,0
1818.39126516431,5534.91707681308,44,0
2253.18736199198,5599.83677150448,44,0
1547.81328123658,1353.50261010431,44,0
4585.98763163494,1507.70111201937,44,0
5974.25506157332,2448.58543707537,55,1
1359.20984489284,1742.42483856904,44,0
4964.02607968725,5169.83581396044,44,0
4836.17284190854,5542.75924974477,44,1
3005.21999689019,582.60142448421,44,0
711.437391582512,2794.36655375775,44,0
4111.41255850865,5562.473288649,44,0
5439.92069029929,3281.51782924192,44,0
1533.07268944312,1078.78516443137,44,0
1580.12895937116,720.886884917801,44,1
1558.75331860215,5095.92845277744,44,0
5712.9483152661,3211.92084088862,44,0
3204.17592874994,5673.02497222077,44,0
5215.81031134793,1742.93192185819,44,0
4730.8289567633,5323.83558298396,55,0
3823.55093162505,5257.7030487484,44,0
1325.57851801422,1845.36322572361,55,0
1498.02693109461,777.808876266833,44,1
4382.49795581887,5722.32231711978,44,0
5800.36561233708,4264.52974987582,55,0
2831.15787075702,749.212580001168,44,0
3257.13787499305,5365.06295856949,44,0
5487.58662360391,1880.86922739801,55,0
2604.90912794292,5928.65426328545,44,0
610.02676553072,2229.23400418702,55,0
812.228609403726,1444.12502890126,44,1
4110.13877696754,5838.00226798213,44,0
4402.53511731956,4570.86315913821,44,0
5006.18653890079,4817.07152856768,55,0
1616.17634348696,5600.34888142876,55,1
2468.80331841727,5783.6674434843,44,0
5008.35120174024,5376.81644303214,55,0
4695.28411120641,4725.17650884913,44,0
5615.57990377084,3598.79477731868,55,0
5378.04951148694,2146.36355909408,55,0
2617.98922268386,5349.16126096092,44,0
2638.89735994986,5249.13535743159,44,0
4701.59864987498,1654.21416471748,44,0
1553.36886711274,1540.09863242747,44,0
5695.60432869892,2277.90417045344,55,0
1137.50679103259,5203.96921236015,55,0
5395.35074474645,4780.98470233527,55,0
619.650908550044,4404.83742347823,44,0
5525.18058636945,1982.32182899687,44,0
5700.81908663187,1947.88124196511,44,0
489.324352167427,3027.26689144552,44,0
1750.25983786807,1078.28260018087,44,0
4754.84641444313,5602.30443454989,44,1
4884.17649463457,1694.91487186299,44,0
3575.86804168062,411.353079827272,44,0
5376.0860069198,4075.75074463321,55,0
1060.57171676693,4116.66488585849,44,0
5317.11815128757,4681.67316270549,55,0
5442.37298705494,3861.95928629141,55,0
4594.89458808683,1409.33156047539,44,0
1185.7382021845,1186.55550440217,55,0
1481.08572718582,4658.9950483013,44,0
3717.88152787428,677.188862857917,44,0
4994.64469723451,3425.64825988906,44,0
1983.39691400252,5427.90080273488,44,0
3172.32025509892,713.714322589363,44,0
4363.42529364911,5472.2906119569,44,0
4273.82120831975,5064.48731051672,44,0
3328.38698909854,588.839811021678,44,0
981.398104508951,4424.15020923377,44,0
2995.32229655115,5357.45314760963,44,0
4156.82844727946,1538.82895746577,44,0
5594.98070332279,4383.66670336288,55,0
5406.18015791048,3368.73453310411,44,0
1794.08991620976,5324.17081410795,55,0
338.44186437053,2570.00113487308,55,1
2061.07271732359,1083.96469419983,44,0
3925.32613553895,693.638701861805,44,0
1884.10264716636,653.488019951187,55,0
2909.39075189586,5301.48436032696,44,0
3168.35038916546,5305.74929305242,44,0
5728.17053497747,2670.43882540584,44,0
1091.65104760031,1948.80676440971,44,0
4865.96968851063,4049.23344293559,44,0
3305.58869098136,377.839380996418,44,0
5057.06498851866,1253.77270889126,44,0
4974.41542365104,4667.67458536089,55,0
5909.74720171884,3970.28699595706,55,0
5849.44112364356,3090.93425967299,44,0
5231.71799977547,4760.9070593589,55,0
2453.59366307712,5453.22935945537,44,0
4213.41543739769,5260.71409668016,44,0
4846.4305178746,1495.96014828875,44,0
813.223591655358,4478.2104281459,44,0
5384.01995098076,3203.34900362086,44,0
2690.95662947672,5997.50777112515,55,0
5619.91250634903,2704.85904827714,55,0
1734.41094801565,975.949098449078,44,0
696.568994459164,3551.63064643614,44,0
1499.87646384899,1433.90313693207,44,0
5744.91153374933,3393.5343746488,44,0
5573.30141716769,2277.36513050214,55,0
4499.17809530239,1409.88684954919,44,0
2864.50109599261,845.533195933418,44,0
2925.1305107185,768.177316534036,44,0
5457.17865304686,3022.98904107352,44,0
5165.99403364598,4665.92805173435,44,0
4332.82546787973,671.672356366549,44,0
639.602439513889,1999.82071845571,44,0
5263.5008439756,2350.97977387608,55,0
800.410818270549,1912.66291990086,44,0
5393.67260084298,4457.76066978744,55,0
3075.4791910797,5293.5270227499,44,0
585.076520715239,3141.38034903136,44,0
5074.58303475272,3485.80704645028,44,0
1000.85865233915,3458.37600117953,44,0
633.697269275739,2730.34394406948,44,0
4747.88304801228,946.604081479581,55,0
631.401357402857,2850.5389699342,44,0
2458.8611868926,870.745780219981,44,0
1033.7334028112,5173.03559336684,44,1
4242.36915579899,1578.98572555391,44,0
3852.82867768357,375.259005820405,55,0
5158.02564905179,2157.30217509379,44,0
1068.11724477024,1358.29008962229,55,0
581.977009191073,4494.96023862695,44,1
1438.69393090591,1012.69238901463,55,0
5081.96370861849,2496.31175292762,44,0
4150.07984484784,1636.35156863683,44,0
2544.21251663616,5606.61793524977,44,0
2445.045310743,363.133324382233,55,1
1929.68235195604,5136.5764324398,44,0
2023.98772819724,5518.75988622192,44,0
912.11758080806,4772.68919046504,44,0
1353.10420062807,5189.94962161312,44,0
5180.92832088744,3962.4798823762,44,0
3174.22354134379,5409.93722361991,44,0
3561.97987578734,294.860495525721,55,1
4230.93202195368,5161.56240275707,44,0
4635.04021709504,664.102022416842,55,1
3479.18978179286,5567.1879352664,44,0
687.442309054981,3456.58440554341,44,0
3589.88660301423,709.185969247298,44,0
1508.50886846151,1258.08557902655,44,0
4414.40840054205,5276.69120177028,55,0
5424.49370868839,2330.47616482343,55,0
5634.91938866771,3788.41587989435,44,0
1261.87014419251,4687.34933999848,44,0
5571.08496942391,1601.9196657584,55,0
2779.74780314942,5624.94042394549,55,0
1064.86189998558,4021.41197996672,44,0
5828.08701014144,2223.05969754475,44,0
1185.296558386,1063.67005773463,55,1
615.157438525063,2634.25744121868,44,0
5067.43759601608,2403.56631088384,44,0
4450.1569920194,4842.55805868207,44,0
1999.7440341638,4715.79207350929,44,0
1170.08072163823,4733.6347764404,44,0
5288.33276104107,3032.99175464854,55,0
1087.84606972265,3823.4203321353,44,0
5449.29342236256,4893.48949555204,55,0
5162.93754575873,4379.17266641674,44,0
3954.93799977886,5050.02342328036,44,0
5565.77828893081,1786.2052315887,55,0
1428.38548631225,4753.44814001433,44,0
3685.50185828339,5403.54037890855,55,0
2905.74210230507,667.50717540504,44,0
2714.38573770888,5536.05435714546,44,0
4402.81492010453,5066.0312891368,55,0
4793.77242419653,1619.93110165182,44,0
833.60683445335,4196.82688224441,44,0
755.700713713481,1523.50409947872,44,1
2165.15087945651,656.990991058139,44,0
2405.16426845537,5355.61557242122,55,0
4599.20838248512,4707.01794767202,44,0
2944.22998083991,362.760696324168,44,0
4541.08771376185,1008.39901073499,55,0
1677.55175247894,4945.53941336144,44,0
4779.70583351348,1304.37164080998,55,0
1962.29146826118,860.928466971026,55,0
2091.59334715139,5229.60528273837,44,0
4861.97210850412,858.681588952481,55,0
4905.12312100914,1397.64541187299,44,0
1706.99236404668,5673.20511813605,55,1
1312.56620756455,5297.78175015325,55,0
2735.98019850814,730.440386343192,44,0
2744.31387688824,280.097265854366,44,1
2917.67793333922,5078.23111952499,44,0
4887.71117857979,1582.38306777578,44,0
5366.93813245021,1917.58129757011,55,0
2066.20066882315,4859.10163518724,44,0
4556.40692169114,1318.97532924176,44,0
941.736470198706,2845.68631848379,44,0
733.900261299558,4211.3444539003,44,0
5305.4794886199,4164.79363985354,55,0
5690.1942582123,3693.95288889042,55,0
5873.6242290978,3801.87306457123,55,0
5597.69264666281,2051.85453513097,44,0
2351.82283719774,5633.84395044921,55,0
2019.99173232713,5168.26184612535,44,0
2692.40983641597,5864.94073531776,55,0
6048.5632823997,3176.98886086792,44,1
4460.20151284343,1322.99863607731,44,0
1034.63778942596,2289.89062990022,44,0
688.617058867107,2087.86995255547,44,0
4533.77287356413,5593.34386457466,55,0
5098.8639627356,3393.66969122589,44,0
1172.62389820441,1598.3208158495,55,0
5513.99425683578,3528.23259942224,55,0
3012.06810796142,5940.18517172915,55,0
5082.4637448792,1362.09868018316,55,0
5629.11278380537,2475.80474114954,55,0
1901.96139293734,5363.57112015878,55,0
3249.69916131025,5258.44599853542,44,0
5728.95614171314,2776.12062949456,55,0
620.775808878547,1798.11741970429,55,1
4787.92279494888,5083.95877683063,55,0
5615.76391066714,3883.26545648683,44,0
435.165190218418,2634.79729928556,44,0
913.719613676375,1470.22192982312,44,0
5608.78394838206,1891.20327551571,55,0
3453.64328318364,5466.43325287659,44,0
4835.40895271242,4666.36689954156,55,0
4217.60922573992,4957.04648630565,55,0
4842.61831816334,4976.06626332231,44,0
1111.15182244449,2354.44892434237,44,0
1574.68916046737,4996.10119098849,44,0
5542.99538189837,2603.95911601441,55,0
4326.08155023641,4983.20796418614,44,0
3834.09936944315,4893.39990490953,44,0
5361.68382989363,5045.28674764455,55,1
3004.9787795061,5473.60923092753,55,0
1917.79331583039,1327.07782219301,44,0
950.767512362852,4969.98315485948,55,0
5117.98639082963,1582.45761019523,55,0
4229.46801062559,626.878090304663,55,0
4623.28263657454,5303.26579922339,44,0
592.199396431486,3047.21738335014,44,0
3753.22753957284,828.309123228389,44,0
5871.32938271317,4082.81717224793,55,0
2089.46673793203,5423.56420448859,55,0
3649.39960501627,5296.3681278973,44,0
3045.39800840593,253.143664916423,44,1
5885.60485225872,2914.956210149,55,0
5154.46409475225,1452.59851049035,55,0
3891.56922309097,1301.53724063544,44,0
5194.95689911733,2884.2109088419,44,0
439.336990185062,2729.64491793857,44,0
981.310158680951,2680.48068873217,44,0
702.798516266776,3853.35975528802,44,0
5989.81180728823,3570.7291378449,55,0
2832.74077801438,5118.26613948115,44,0
4722.2312207133,811.576352998537,44,0
4346.02547355185,1219.10581531962,44,0
1400.52839369556,1431.48085508817,44,0
5736.43494670009,2167.76571103567,55,0
4671.06473942985,1196.10847929361,55,0
5281.39047523032,2928.98743307348,44,0
4995.72922958998,1573.25831188191,55,0
1208.43755509186,1813.462410925,55,0
4779.41925472499,3979.03967091883,55,0
5656.62513917686,3982.95234314784,55,0
5383.47561552139,3102.45010035445,55,0
3819.869354443,5523.99863420779,55,0
601.718579754458,3515.17534331394,44,0
5606.68619344315,2156.40970515499,55,0
1703.72465791431,4848.18424883774,44,0
892.279586997856,4277.41011669793,44,0
4122.91946856592,4750.63625576651,55,0
4647.08316470279,5568.06477543403,55,0
5233.39204956501,3253.92919364246,44,0
2192.63200755202,5798.17002492655,55,0
5289.83247937503,4497.53207611999,44,0
2371.67026688828,5955.3697717731,55,1
4646.12019049083,1008.28161684918,44,0
3823.8538595134,4795.57296502666,44,0
5194.40824995442,2977.842738923,44,0
1056.97059940198,2198.1942268599,44,0
3523.15030136676,5926.8673698397,44,0
1870.45240242567,4954.99209675426,44,0
989.153555384013,2123.59135021329,44,0
3827.75597900073,491.775832258815,44,0
313.39047601649,3481.52178232626,44,0
4946.6717858079,1795.58070940883,44,0
4736.97420542661,4972.49438517723,55,0
3702.02493435105,6016.55712979223,55,1
3668.25774676802,765.826054393504,44,0
2043.19576521629,4967.6237115734,44,0
5223.6025713626,4071.23570644558,55,0
1831.91476642321,1364.72460138617,44,0
523.944607671055,2003.35144892396,55,1
864.22398206359,1561.22457745018,55,0
2771.28423046488,825.96593592057,44,0
4414.38350461105,592.044109498918,55,0
5307.94710822576,4844.6598913946,44,0
3587.12225538444,936.244615390851,44,0
5406.62189478898,2754.20802940169,55,0
1548.90260590851,4583.85992109254,44,0
4786.96028567878,1185.66050307812,55,0
5829.91641062974,3192.85020271131,55,0
657.616474680172,3335.55283617047,44,0
5689.0064699047,4204.22634206487,55,0
3587.08580692028,6023.78414552371,55,1
3788.48912539283,5413.98546323861,44,0
4933.21622513044,2384.88910964749,44,0
5366.32137025792,1470.23831881348,55,0
5119.80295975259,5171.42560923973,55,0
4020.56801369876,1294.85799787141,44,0
4937.15627046784,4473.58761971348,44,0
3264.89512353565,5477.41327912284,55,0
2545.78013810403,5472.95443076462,44,0
2337.43442297474,396.266072068011,55,1
1869.75118538372,777.081480448023,55,0
649.380951086032,4161.68854549586,44,0
4891.60011203298,4142.16946922672,44,0
4042.33908494721,4841.78621695233,44,0
2996.11027485577,5595.52833801797,55,0
3960.24553464087,1225.91079365208,44,0
2904.69399057535,555.003835818042,55,0
1558.56012264176,1175.8922981755,44,0
5167.74802494814,1242.14503719979,55,0
5488.11095674356,2923.50371373857,55,0
1212.65396470396,4816.68744252928,44,0
5294.48577320926,3463.40815398187,44,0
5411.27577249324,1794.35718828491,55,0
4525.16705410873,5248.14068007738,55,0
5163.44425225816,3755.22405632201,44,0
558.721853060249,4004.78166160408,44,0
5014.02045803211,1082.70833954082,55,0
1921.80339349558,5619.27341485611,55,0
3995.59444161399,1036.52384250622,55,0
4107.16155253603,1049.88643286078,55,0
3404.4106579199,6041.28665807157,55,1
839.171306316637,3681.128616358,44,0
929.753581585567,3209.32560803532,44,0
1848.6836567669,4663.52739209096,44,0
1776.93061413967,5014.48627369784,55,0
5738.38051334651,3588.8620145495,55,0
5147.02494209683,4264.55373144926,55,0
486.084749714348,3790.82477829546,55,0
5456.35397346007,1563.67725569038,55,0
2547.15259349037,4989.13258688144,44,0
3202.58890492225,614.54097574367,44,0
3003.45071846096,5118.52195488074,44,0
1980.79068361583,5724.59118000861,44,0
4128.09650056814,5180.47672242677,55,0
2882.07553415445,441.456699149469,44,0
4806.59103525526,1409.33051699128,44,0
2749.53162200617,4961.340756803,44,0
5058.54262241729,4334.63306930589,55,0
5908.47272434224,2348.16239293461,55,0
5236.82317538172,4588.24540201712,55,0
3663.55594798707,5597.03678404831,44,0
3211.59536008099,5980.10758778308,55,0
5933.68000006487,3331.04151476695,55,0
4538.82749696522,1603.58257049592,44,0
1959.57641409288,1102.76170991225,55,0
756.122698725648,4381.94489516981,44,0
1426.50924547189,2227.10968624675,44,0
1071.22344174003,1634.3217967524,44,0
3240.33841914583,283.703642781345,55,1
1383.77410174694,4966.70227619203,44,0
2022.93959877302,5323.27470287479,55,0
5207.76364640571,2072.62836925963,44,0
3421.223411657,361.255887414303,44,0
1227.33596574999,1322.60077462168,44,0
4240.68718786275,1237.40823853253,55,0
4858.21475303217,5187.39511646835,55,0
4967.94004734353,2747.4043763527,44,0
4625.52411862056,5192.08629681825,55,0
5357.79709830318,3573.25692529712,55,0
5732.89227371797,2886.36076840274,55,0
4642.81933919608,897.130633896153,55,0
3065.99726218825,5190.7100713032,44,0
3968.02234282911,376.971962227168,55,1
3496.98825569911,714.633484931331,44,0
3867.5360688602,5920.97113271609,55,0
730.588019457783,2886.39971845555,44,0
1703.73410788067,5450.67495962645,55,0
1318.24413828971,4780.34011860488,55,0
5501.28638564766,3106.09659436584,44,0
5567.40802618876,3702.69794306408,55,0
2635.3207373833,5025.95864043612,44,0
1456.04340866114,1518.8942997897,44,0
1655.42243357362,1184.17242892589,44,0
5511.45459060576,3414.08643096955,55,0
4977.47494221585,2090.03247877078,55,0
1836.02862295238,1019.67776170904,55,0
4210.48924184286,1707.15526504644,44,0
4170.26682726162,5068.50984309359,55,0
2248.76717564244,863.067265138432,44,0
4593.70625429333,1109.70083181073,55,0
1019.99301707167,2515.03805553906,44,0
3040.62979490521,357.804930522914,44,0
4543.17135039706,4037.00196239961,44,0
579.067545220812,2114.08783989998,55,0
1434.84165974716,1331.20560666542,55,0
1440.44527744677,1818.59072406908,55,0
5036.3262189399,3702.04589064537,44,0
1997.72906502959,1521.25940967672,55,0
4551.79046081316,4460.13772017415,55,0
3356.53521919614,273.223727141572,55,1
4017.43341206026,5197.56395546812,55,0
4795.22555671654,4773.84532047185,55,0
5249.26079926028,1517.35963643477,55,0
3872.5979526679,859.503606257845,44,0
646.998639450942,2954.00339299314,55,0
1206.10647062755,2331.91574937864,44,0
884.214180487901,3127.14543471138,44,0
4579.54784523516,4812.32734497478,55,0
4906.69008874624,5071.29199677448,55,0
1589.64494661284,1664.97130717824,55,0
5336.33258552135,1592.42869186085,55,0
790.295966574695,4288.95202058511,44,0
5103.04193599073,2239.46849846454,44,0
1944.43793490611,5026.78455480439,55,0
5333.57978929409,2254.51211622161,55,0
4421.24280326147,4944.19263651136,55,0
4133.988916482,4867.63776562565,44,0
3846.94244185093,5061.551083365,44,0
4970.24393810848,1886.5050577408,44,0
3115.57217735268,5502.9247317075,55,0
2939.53543034804,4979.18603284294,44,0
4292.40583085662,832.394120203641,44,0
1252.87886809704,1707.25466100023,55,0
3449.32755681524,812.986862461203,55,0
2056.60020629276,957.334252145042,55,0
5696.92703050767,4324.52629482343,55,0
4517.44874303472,643.273848788003,55,0
2675.13067509372,1001.62698648165,44,0
4812.88749424655,1999.06950622423,44,0
2942.82550839132,5841.12778345296,55,0
5406.23800408634,3473.10962956284,55,0
836.821598189208,2541.59207857536,44,0
910.997014995429,4501.2641056466,44,0
929.456693985399,3548.68613951715,44,0
4020.48206195209,533.078760439973,55,0
5781.83570832874,3993.61877098364,55,0
983.874718322613,1837.42347460392,44,0
2804.46034872094,5888.24512685064,55,0
4187.72263665808,828.309987076338,55,0
3004.95337288125,696.411948534256,55,0
1635.34634159683,962.090521313737,44,0
1633.20332567795,4784.71310875867,44,0
3237.85352657387,5856.15428175999,55,0
3113.60482684565,988.134718149517,44,0
1588.07829742098,2019.47928435386,55,0
4866.28954653059,2073.22847762235,44,0
5748.56714600103,3798.26734047549,55,0
4370.54394598816,4780.90739688455,44,0
2139.35245226172,1031.51460339035,44,0
5166.34511373376,1843.24140307087,55,0
4511.06516273096,5363.44941935377,55,0
564.693210553992,4325.15811004965,44,0
2470.76000906794,5118.94935100439,44,0
5498.41056537122,4070.80826121367,55,0
4170.62512959988,1322.20715991033,44,0
988.466089510183,1934.78238260223,44,0
5414.53647736558,2640.77756299912,55,0
2596.88593662635,621.221949625781,55,0
2076.48731433899,586.40921618871,55,0
2845.51598155272,5767.7694770063,55,0
1746.04268626452,5132.36857813689,55,0
753.132015802684,2006.29223557536,55,0
3164.73239355287,873.669065065039,55,0
2913.74825795666,5527.33645522275,44,0
5494.61408246176,2102.01295963623,55,0
1943.14577576833,4641.21783011272,44,0
1378.06608433394,5079.96323269616,55,0
4943.63766003521,2658.81425150801,44,0
1754.22959641855,748.052936428626,55,0
794.194472997735,4821.07305395476,55,1
1380.35554618133,1223.36442888478,55,0
3095.26684610832,545.917440970282,44,0
1081.22768721772,2443.42485475312,44,0
2130.04919371861,5535.79517738873,55,0
3291.5774048545,6067.74367927605,55,1
4636.70787541939,4401.33870827301,44,0
2176.36425178765,4814.1089085286,44,0
4680.80545391932,5089.36203790824,44,0
2733.9873931576,920.659815141365,44,0
1486.37888271118,5492.04696704916,55,0
1847.56008799791,1140.58906985015,55,0
747.649279221473,2582.2760622835,44,0
2827.31225032854,5254.14433034792,44,0
1109.54910291374,4542.04656736565,44,0
1085.98645868389,1500.12751656854,55,0
3768.37662037576,315.975971990844,44,1
5687.80497941281,1796.4254525851,55,0
3935.40238400874,1129.77304872271,44,0
3528.43632911374,5281.62843211996,44,0
4700.17021092992,1425.9737449147,55,0
4118.25942600976,595.726431836486,55,0
4315.1231993202,534.644833270262,55,0
2154.98034960748,1225.70635823558,44,0
5044.86389435542,3610.71541565109,44,0
1834.49648744917,5202.07986480798,55,0
5279.22881124775,2828.02573318244,44,0
5466.55388920089,3631.41658797408,55,0
5028.30350049737,3232.68969872219,44,0
2244.46326489146,4879.34417081645,44,0
5713.02948732573,2053.76378924656,55,0
5412.65259070684,3970.12029851823,55,0
3808.0939404134,1355.9268546501,44,0
1201.89800462677,4378.72903996791,55,0
5256.1530953103,2516.27902207604,55,0
2910.89718899627,5188.21437614154,55,0
3805.15589136679,5155.27443572926,44,0
5502.93529642202,2704.0193428268,44,0
5217.4838898961,1634.02411138174,55,0
5195.92415236524,4172.63448615902,44,0
5566.08501939389,4173.19469906634,55,0
1145.7325257165,1722.54186149596,44,0
731.965953758,3025.27634297279,44,0
896.749942606743,2929.03785158242,44,0
726.357607894006,2191.44593203735,55,0
5849.98991961396,2805.2967047348,55,0
897.328402557073,1882.99834780009,44,0
4198.40956268343,4462.561598472,55,0
5173.63100476596,2432.51937442759,55,0
3410.05343982334,5747.71581333989,55,0
1656.34379448941,808.106154163264,55,0
5611.62145727836,2914.6688712295,55,0
5348.63576396365,3688.30140933434,55,0
5673.83357636639,3013.84588122298,55,0
1189.15645207828,3832.23461401602,44,0
1080.69062492413,2716.64543031947,44,0
4124.32034341431,5691.18062154045,55,0
1103.99014451622,3472.68676796822,44,0
507.054089310033,3477.01199384895,44,0
4808.2718004005,3881.58088690464,44,0
4733.43852894842,5490.51847901466,55,0
796.132081124289,2288.94677424824,44,0
3561.96772597701,825.088459314369,55,0
1275.89312583145,3990.70049687412,44,0
4873.71026738821,2811.98053978777,44,0
2518.62857423552,5328.16290945426,55,0
1173.49249124404,1425.41768408428,55,0
2598.43815089968,1055.9869230032,44,0
5345.58154725888,2432.28006646375,55,0
4995.62956949274,3845.74888164006,44,0
3167.17284539401,5190.62921172656,55,0
4292.13179103286,4721.79708623144,44,0
5738.52239864538,3110.38407855846,55,0
1010.54475521855,4518.95267343076,44,0
1582.15012271835,5378.4026837859,55,0
532.764239873819,3223.44503178068,44,0
668.381563705035,3950.81351408067,44,0
4796.33340779036,2249.98313002814,55,0
5129.09348090718,3667.35673231084,44,0
4195.45861577688,5898.66960957449,44,1
2621.74104980351,5540.56883378719,44,0
5304.57572863682,3370.82716287058,44,0
835.410263920372,3587.91988555238,44,0
1293.24411446552,1417.39632882949,55,0
2666.52066360698,518.953407274251,55,0
5144.90197188256,3565.65913683881,55,0
833.342739144978,1673.0237074017,55,0
646.610447181737,2535.49105619344,55,0
4382.89129685672,4674.6457010544,55,0
2741.69541288964,5416.68212516708,44,0
1463.12879776871,5158.32288348965,55,0
2890.9576692285,1124.34055448587,44,0
4951.17840016748,4967.49593825328,55,0
3437.97797989294,1200.69100364175,44,0
1939.57299131016,5247.16906751704,55,0
983.109725890831,2375.65927217684,55,0
5115.22206990733,1704.84163892136,55,0
746.766512529842,3634.56108097416,44,0
5557.61674526667,3015.83075803334,44,0
2745.33424548621,1221.28297206733,44,0
5372.31060901584,2968.33610962466,44,0
2291.73361175325,510.799575844741,55,0
5262.24489232247,3749.32390525415,44,0
1870.16548307357,1540.39552505081,44,0
2621.50057623204,915.27620785825,44,0
832.248329343303,3045.38720685878,44,0
482.049213309858,3121.18109355306,44,0
4698.35227275912,4832.83395003594,55,0
3297.61947145064,5729.39714385641,55,0
3367.28498767141,5528.21995462132,55,0
1828.71636419225,1256.82520279323,55,0
3821.53932687982,738.588470763366,55,0
383.605456986941,3156.05116653892,44,0
2505.57117351594,5890.74608946512,55,0
2747.28159207144,5187.63127625191,55,0
5000.59539101513,4552.40923787541,44,0
4022.70221444163,5621.97694524062,55,0
2581.05018817111,1172.03924873373,44,0
1180.02991057839,4277.09588286653,44,0
694.386757215223,4477.81478077843,55,0
2469.09503431416,6005.28008303547,44,1
5444.97502829065,4177.91730426487,55,0
5269.26148569584,4277.72083747965,55,0
1102.54168268873,4337.83872596354,44,0
1182.74396056224,1916.16078754008,44,0
5291.03172424671,3982.44062918477,55,0
1037.62073144604,1730.12249819927,55,0
5534.95167322378,3949.88723690216,55,0
3843.61560272889,5645.7959701995,55,0
4945.60029224203,946.035350904075,55,0
2195.67743194732,4716.72918441324,44,0
1256.0160780599,3578.02945336357,44,0
3734.94048873912,5682.73853905902,55,0
2038.70116535909,4472.05722670975,44,0
4000.60619889022,5370.66210153078,55,0
4482.64106754494,5476.34160022748,55,0
3293.35312768369,1015.68704759778,44,0
4694.20001749788,1940.65457223583,55,0
5108.11228158387,3290.26903213512,44,0
5021.58110066997,2314.2626767287,55,0
4163.87564081944,1430.16609751221,55,0
3505.06404173201,5685.70028405537,55,0
4451.67917713877,1214.37791664972,55,0
1561.18233401942,873.183927932357,55,0
2189.45988154307,768.041212995789,55,0
5188.22990075428,2790.11076194239,44,0
984.70984875958,1559.98253252189,55,0
5453.54803146065,3747.46144731153,55,0
5242.14359903417,5062.1434959271,55,0
4188.90074338135,5367.26092846698,55,0
3913.17329125462,5455.58482080596,55,0
4209.11573957965,5612.50043244257,55,0
3126.87990756564,4938.79200644606,55,0
744.944425084567,3283.57874246876,44,0
4778.04942975517,2136.41427824482,55,0
3268.30779472956,1111.50715398198,44,0
5604.22272389943,3231.9941040924,55,0
4783.33053046584,4541.2669284081,55,0
4336.39857994533,5157.20136352866,55,0
4364.23856372001,1314.11613207063,44,0
526.439089719954,2581.80255621169,44,0
846.217726501152,4918.26739342036,55,1
3519.61008983914,1009.79548468242,44,0
433.638277416562,4209.08314683407,44,1
4572.34807646159,5711.69258163442,55,1
1131.58356563793,2265.41196214224,44,0
2154.93125261602,5656.41805480188,55,0
3447.04094451848,5354.94582304295,55,0
1094.53978376096,1841.74186715932,55,0
3375.66156308933,5639.54104975148,44,0
2731.07762772,5741.42558209209,55,0
4201.49314839366,4687.29849802878,44,0
852.362678499308,2203.21336204014,55,0
4719.08183535736,1082.94746188134,55,0
4900.74759700401,4572.74370548451,55,0
1935.63955934473,1222.77239763804,55,0
841.309053844589,2643.75037794473,55,0
4665.66779182067,4524.01091655352,55,0
3634.69380832324,602.897667369066,55,0
800.788366706738,2955.4308143265,44,0
2805.23572871454,639.153794716549,55,0
2353.59404583132,879.397975264331,55,0
1003.56427407701,2773.70845246393,44,0
2183.11090795315,545.936796883389,55,0
5113.09998303975,1142.95180726838,55,0
4058.61421525998,5080.56621124952,55,0
3715.21918952103,5121.99041832173,44,0
4526.34067311747,887.005864913299,55,0
3927.74154754405,5270.9382708511,55,0
3234.91646765843,791.260530784197,44,0
2339.12489619897,1344.68668804924,55,0
1465.2132613694,5364.244202239,55,0
4227.84084595041,4803.78410417551,55,0
3596.99779437056,1471.69181258807,44,0
4775.61340756649,1726.13754409257,55,0
3520.40621386972,5180.61449456271,44,0
1596.6899308325,1456.50500244924,44,0
1215.48273928024,2215.73265737469,44,0
3065.3020754348,1075.6007020001,44,0
3889.04938836795,4975.27223099953,44,0
514.643481574471,3576.92602607592,44,0
832.766003813353,1789.63123377707,55,0
3017.55917688633,4789.7540309965,44,0
2416.38813227264,763.902390575565,55,0
1492.30068950535,1611.92392967963,44,0
3104.05133405502,4725.12181584425,44,-1
4021.79321565635,1701.88269762435,55,0
3477.57809436655,455.174198787995,55,0
4825.60193141271,3656.04893756909,55,0
5055.29189683443,1810.7832024315,55,0
4728.81240734359,2050.0318930641,44,0
4275.65259026683,5721.74733059866,55,0
753.274069548155,4575.57685192511,55,0
978.469648956152,5083.7658612019,55,1
1523.80495386404,4797.80315359287,55,0
647.460852680826,3230.07321941057,55,0
2325.59439954914,5049.40996404467,44,0
577.426941539785,2339.34960929617,55,0
276.213184590925,3205.29643294188,55,1
748.047020978751,2473.84208644568,55,0
1910.27719453054,1442.11522152524,55,0
1700.70006557906,1486.57437792349,55,0
1409.95405615663,1918.49401170149,44,0
5842.97117345501,2673.64509342119,55,0
3473.39993117615,923.008380652762,44,0
1371.66838346009,4668.50337643491,55,0
4680.14400929028,1801.88380569614,55,0
4493.44999064801,4543.51105714218,44,0
2259.34466431419,1203.92009906239,55,0
4879.73212094552,4342.08449150659,44,0
5147.955977433,3201.64898967273,44,0
963.385630093709,2220.4656455923,44,0
4480.45620817072,1516.9798974493,55,0
4415.85627929924,5575.37683894225,55,0
5856.61135455298,2504.9936017152,55,0
3988.64444432761,4935.69602638159,55,0
3953.08807427151,5835.98539550306,55,0
4739.84706181637,4431.24678749183,55,0
5383.75487771872,2864.17343556901,55,0
5923.69810023844,3701.10375956937,55,0
1718.01891564228,1278.16264183209,55,0
3280.19322526923,688.523027975956,55,0
3800.65510058207,1246.47922423793,55,0
2353.93280277194,1590.64155222025,44,0
356.962839134538,2376.41840728813,44,1
2139.6908462153,439.352619000148,44,1
4862.91935663958,3550.75493253641,55,0
4582.84509841726,1904.10449689504,44,0
5095.15705015207,4741.5503752154,55,0
5234.61748734427,3645.58762874655,55,0
2941.69388441924,259.30564532432,44,1
3789.52978949415,932.819755670288,55,0
4181.80551553529,952.985552198965,55,0
3626.04655374075,5063.23029630289,55,0
5973.22488018124,2830.58969913112,55,0
3832.41519605094,1126.62181558016,55,0
1715.36063359113,4508.77910298198,44,0
4845.40261438855,3188.9257780391,44,0
3808.14378078001,6018.78198217969,44,1
2345.22993196488,4834.20922223087,44,0
2246.22917698443,1081.32155069678,44,0
981.189372305909,2030.51344473567,44,0
1256.21754842659,3305.00671787606,44,0
2929.89953746462,934.900196784944,55,0
2980.61048221061,6065.42982160213,55,1
3148.36688136608,5773.09247720874,55,0
4291.50190690744,1994.21167724271,44,0
5665.86117674051,2582.03471044447,55,0
1093.05066348392,4441.42994906781,55,0
558.573444230352,4101.32407739152,44,0
4749.08827800843,3569.24003516435,55,0
4574.5644759591,4323.71049040075,44,0
538.168467304387,2785.33595188708,55,0
1651.25416777924,4613.0267721027,55,0
4091.0970049245,5293.2852866975,55,0
2228.88401004233,4983.00502612962,44,0
2647.79991154246,1258.80705711475,55,0
2224.62910653794,5283.39140776562,44,0
1306.03374776522,3224.32474679147,44,0
1350.13191659475,1526.38567117653,55,0
1110.23375237903,4648.90895381173,55,0
2009.65166329004,1306.24568409541,44,0
2625.44504463071,737.743920711562,44,0
2426.034744365,1063.90427250203,44,0
3524.37076508038,5081.64936386527,44,0
958.182244087843,3837.31436833758,55,0
3358.06349603049,1085.1114689773,44,0
3007.37311316569,1283.60827335723,44,0
1021.00791988865,4737.50690040238,55,0
3962.76030220698,796.641706730704,55,0
5482.32495216371,4301.50123970679,55,0
1208.49272236461,2849.43904772227,44,0
370.243115890241,3770.1781165372,44,0
611.782428158986,3609.22580418924,44,0
3347.83165147117,5305.06628205176,55,0
2520.73801237577,524.472598382259,55,0
2133.30300932005,5032.17772103181,44,0
5540.55974863385,3816.68717476111,44,0
1982.35668607474,5828.64214009994,44,1
3633.3519807053,5804.72117531842,55,0
3745.39715880317,562.906144017889,55,0
2676.67749021703,838.103348696431,44,0
5087.64482902393,4002.98807665365,55,0
5282.91828015228,3162.04709991515,55,0
1904.97702503572,4737.99345467096,44,0
1330.70252354139,3515.50751274343,44,0
791.03012817219,3493.17855755319,55,0
4638.83509740845,2084.83410666925,44,0
2551.83417834913,824.817943387063,55,0
3880.74310891857,1012.71760400066,55,0
2839.07465784084,5010.84970560756,55,0
2964.98524331215,1069.09214395297,44,0
5064.08524878908,4455.71577937526,55,0
1477.74812201187,1988.24618019534,44,0
4483.55384227528,1722.51500122383,55,0
3957.46752603404,919.14413025007,55,0
5287.62116927818,2722.04544884206,55,0
3545.37274385317,1136.54827699685,55,0
4485.57912699235,1915.74905066247,44,0
3750.29290103365,5320.23388946868,44,0
5135.12571842215,2586.29018486653,55,0
4143.29661110441,715.982210658668,55,0
711.533834489192,2671.12967909848,44,0
4980.08820241552,3525.46009555086,55,0
3529.93924023127,617.105890065846,44,0
1486.94974014124,1714.71308802452,55,0
5021.26844092824,3335.90779561616,44,0
4372.03761708342,1750.1641033577,55,0
3208.22332914483,974.352995690772,44,0
3892.79304812573,1695.87718113237,44,0
2529.80985287955,966.108922369867,55,0
2646.78415456125,5139.36331584424,55,0
792.50607723424,3192.75879457135,55,0
4847.40977026988,4430.26195543129,44,0
1786.62328654545,5739.5278378807,44,1
4162.16463389304,1836.88755479679,44,0
4617.07433654622,2356.91956632454,44,0
2517.00096136541,705.545337872969,55,0
939.437366276821,2584.19637361294,55,0
3394.29912375,691.823542983311,55,0
953.140943245729,3649.67021683047,55,0
1260.74520311773,3900.06924636741,44,0
2668.38681287988,5644.03057428219,55,0
4072.92163269489,820.258581056946,55,0
5949.67890145596,3459.19780405895,55,0
4291.7984415427,5847.26480810488,55,1
2723.30618556951,5306.87940832552,55,0
2402.75564076767,5232.92218302365,55,0
3661.76017489577,477.665176789459,55,0
3925.77583227501,4619.6456401759,44,0
443.298780434883,2505.35747648812,55,0
992.926510142177,3125.85194829969,55,0
4062.4501643278,1587.25148180965,55,0
1191.41158723306,5303.7986779224,55,1
3097.63086788394,648.648736470655,44,0
4863.6320405058,1900.70630193898,55,0
2876.22309425341,6077.14957510646,44,1
1643.96082054256,1365.34259390263,44,0
3668.01211107041,351.852442752979,55,0
4783.8384135214,4115.94293949522,55,0
4100.67637648463,4967.87050357533,55,0
2108.96086476008,1500.0516038122,55,0
4033.74779791906,687.597099659984,55,0
2266.26887924565,5946.4358386722,44,1
1519.81061049486,1906.58281445327,44,0
1794.2912236721,4780.39402056629,55,0
2585.3440151669,422.276653775822,55,0
4001.4511968523,5950.24427713234,55,1
3509.32853610163,5811.30978646253,55,0
2302.28467600704,756.69277195854,55,0
4944.29088364296,4257.2970666624,55,0
828.396527272929,2388.40495933591,55,0
4391.35676883164,1416.93484384702,55,0
703.02388702156,2343.34096349137,55,0
3752.6733142031,5808.31416276306,55,0
1662.09834253134,5057.03702163076,55,0
445.362506387463,2844.81894042382,44,0
2403.74525962673,507.016414120861,55,0
4625.31663331481,3966.1034021101,55,0
5212.70230612483,2252.27180812934,55,0
4304.71520375689,5373.22141315588,55,0
3925.02830188427,590.516150812951,44,0
3736.32380924144,1166.11063277407,44,0
4975.34143700164,4037.46581836615,55,0
2167.32366247563,1129.24123106267,44,0
1160.62910415507,4154.46275677089,44,0
1374.01810257703,2637.84881952381,44,0
4183.18993484282,1137.89015842787,55,0
4746.95220603733,5207.50663653312,55,0
3365.69820962763,914.933690800251,55,0
869.675113571421,4605.0215599787,55,0
2761.63412625195,1452.99461733341,44,0
1150.03980923618,3744.29109996203,44,0
3284.07475062058,4894.43918301021,44,0
1147.76129428356,3290.26025272288,55,0
5630.45089160356,3390.18748079292,55,0
4428.16142280986,1626.27012758056,55,0
2530.26122547545,5205.45714588227,55,0
3388.83901081917,1296.04546702463,55,0
4596.70061030485,1687.81492140531,55,0
2267.10760638478,635.049166910774,55,0
4970.75998498951,2478.4592388533,55,0
3946.11573698882,5707.79110249671,55,0
2077.98554007624,713.091766049852,55,0
4196.93542560436,4592.82316705385,44,0
4410.98104358775,908.764880446697,55,0
2782.67599297365,514.736760032489,55,0
2662.71289917943,4929.84157391317,44,0
5045.35185444918,4224.05969950484,44,0
5183.71565730795,3462.33860453166,55,0
2203.90181772546,5393.74156615658,55,0
4510.66890675571,5026.67305654806,55,0
1249.65379096598,2129.86027470578,44,0
1708.51479761957,4704.54010201242,55,0
901.213500863631,4108.81712725089,55,0
2558.74068446756,5720.86603030306,55,0
4108.9404269414,1235.41538964366,55,0
4303.04015007403,4585.58263157406,55,0
1741.34743775372,1387.86190261259,44,0
2232.99534568728,407.892714619626,44,1
2572.92112929212,4882.6813745334,55,0
2804.63276644394,1309.69117781153,55,0
2069.64205588971,5874.05160016861,44,1
2650.08257786786,5442.21038178096,44,0
838.774716956278,3831.07956839836,55,0
4803.23749068303,3106.23753966534,44,0
3743.08758046906,4912.99602892032,44,0
1387.88432674924,1642.8206478526,55,0
1883.10505982569,1789.59678923443,44,0
1181.7192301635,4050.43409137272,55,0
3629.87140050105,5185.27706276743,55,0
2056.28340865519,821.656964749981,44,0
468.746284158389,2391.24542299127,55,0
4393.7077634173,4226.80068629376,55,0
1765.85246968098,4597.6729958894,55,0
4836.63347245752,3278.56446859584,44,0
2048.19156660358,1662.47118018726,55,0
4637.77725889933,4917.41401087128,44,0
2988.41551897367,842.981715012301,44,0
5937.6263138374,3029.13560085092,55,0
1832.98883950544,1867.51248924061,44,0
3432.89542962419,5234.06458129408,55,0
3561.52946371711,5388.23776884174,55,0
2516.66982069377,1098.34120505214,44,0
249.245677963333,3404.12911318924,44,1
2042.06166319613,474.539459856213,44,1
2992.18863366592,470.659213789446,55,0
3361.13274841881,477.560244550193,55,0
4456.92293507421,1827.33876010123,44,0
3990.30577153394,1391.46456990471,44,0
2949.91797554109,5714.17090639459,55,0
5155.71595849995,5287.59273792608,55,1
1294.35696743292,4458.00736143006,44,0
5072.85981893307,3792.02787619528,44,0
5614.22644651408,3113.92710671,55,0
4850.87775829135,2466.51970053015,55,0
1882.03701533897,4560.87465704951,55,0
2113.500890804,1323.18600346099,55,0
5185.688275649,3094.01101758708,55,0
2426.86263000977,964.595044914561,44,0
4562.60278032828,1800.58383017876,55,0
1941.73002852258,1617.73231142762,55,0
1363.45339299714,4051.95585575568,55,0
1611.3542784449,2295.77143393368,44,0
5197.81671302598,3350.39251686483,55,0
6065.42052201582,2951.17781965639,55,1
3430.98289341104,5124.37174229171,44,0
3735.60923084278,5221.58612846718,44,0
2529.98014031862,1262.97447156762,55,0
3908.43697792106,5151.90362916429,55,0
302.984509435535,2676.99727209177,55,1
1625.30259572224,1913.20278333223,55,0
1558.62172029441,1814.82093701306,55,0
2433.55212018867,4903.61008123278,55,0
1237.97300897502,2937.14908126523,44,0
892.077457806838,3921.3480353304,44,0
4673.9914517677,2170.66552187559,44,0
379.368202790934,4003.76388786409,55,1
4480.48322594033,4365.74489468781,55,0
3960.085883621,1623.46546753878,44,0
5095.60690420086,4122.23451141592,55,0
2813.65518386854,5494.67265312729,55,0
2377.14145597174,5129.17912826894,44,0
1322.28591667821,4354.30052612454,55,0
4998.78021441843,3937.62944615074,44,0
728.520422787437,4695.45010047086,55,0
896.216765543992,2747.10968497145,55,0
782.563829423615,3379.8424671205,55,0
3381.56377604125,4862.53706602426,44,0
1748.11157622939,876.604741496094,44,0
1642.51781388706,1074.00973238579,55,0
4989.77003238489,4142.73931143823,44,0
5509.37935890078,2811.3308715659,55,0
4971.00139846018,4388.83295075804,44,0
1854.12028795042,895.585811187215,55,0
2903.99382697704,5415.34675685975,55,0
3063.69807636139,901.523068287863,44,0
5274.17635717623,4391.50855578599,55,0
2044.65770234122,5628.18882372382,55,0
2081.80405660257,5759.99842190409,55,0
2170.33295644097,1418.28722793967,44,0
2869.10593900545,1026.37943597379,44,0
4739.44032851346,1532.13459721617,55,0
2427.06582646178,5022.69080240683,55,0
4488.74777338629,5780.91766270137,44,1
3946.96134535232,1516.93811017716,55,0
4745.42265381023,3233.55098634466,55,0
2710.6746683623,1360.20080620835,55,0
1772.70193865786,1584.93680993781,55,0
1530.89157334731,4277.03919292525,44,0
5175.67043816224,2688.19222889455,55,0
4264.83615774467,1351.62643064363,55,0
1589.6085074075,4888.25710707382,55,0
4634.09145286939,4117.40841167159,55,0
3641.76071438682,4841.27712670884,44,0
4476.59313170676,4636.74851544432,44,0
857.714789059785,3287.49739812827,55,0
985.217261389434,4854.19339029907,55,0
3737.09982844343,1056.01408274404,55,0
2449.62873700805,5567.59901813615,55,0
4296.68786668665,942.377922217127,55,0
4891.76512240845,3952.26316701273,55,0
3126.28296725243,5080.99204876002,55,0
2738.43315910552,5069.73960799885,55,0
1284.25029457862,2458.90979460575,55,0
4890.79466278929,2173.35693094523,55,0
1153.37938337854,3105.87096420323,44,0
3448.38010359839,1102.30947215359,44,0
4908.56934313015,2282.82213561695,55,0
1494.20364549734,4193.26696724121,44,0
3322.09358715465,5948.97776749728,55,0
3434.09631597935,573.380826043671,55,0
1360.5176762458,3881.61829585853,44,0
987.772601240393,4628.83825949816,55,0
3328.31573359811,5186.90874846036,55,0
661.925127656784,3689.90700200387,44,0
345.978440690971,2788.79276182547,55,0
3340.71920446611,4972.04309148456,44,0
1945.65134497437,982.102183817792,55,0
5251.59567793706,3545.08014041363,44,0
1357.12171747033,2134.6084260169,55,0
1178.84214475266,2426.34727254985,44,0
4896.82251034419,3848.94809844329,44,0
4397.98308714869,5827.6181004454,44,1
314.061806166101,3316.19207406629,55,0
3036.39580100578,5012.01880441336,55,0
992.517919072609,4317.77852410475,55,0
4051.94438382492,1471.04069966468,55,0
1921.33694479593,4348.12616765864,44,0
4663.84342762495,1316.22807637797,55,0
4700.81005214683,4045.26202868698,44,0
4023.9785208599,4587.15413027422,55,0
5004.22626203486,2200.43919574737,55,0
2264.82978959749,1419.32505049866,44,0
3647.01054355914,1146.030915735,44,0
4323.21782568736,4874.91514087636,55,0
1214.94283825998,4588.22810764944,55,0
4023.2946432632,5494.78343464485,55,0
2916.6065997183,1281.97414062236,44,0
2325.52278066124,4942.27139237088,55,0
696.123600782383,3124.33942071285,55,0
786.548940315349,2734.95338678758,44,0
3336.69648087254,797.448591827015,55,0
3592.43373742491,1361.14093329002,55,0
876.120945694407,4384.07261713178,55,0
2148.46623554584,881.786816724378,55,0
5090.81517798721,2904.98382810898,55,0
3199.0645660174,1182.78297741465,44,0
2829.65742208586,4901.33238838534,44,0
3617.26704914073,1041.95853069413,55,0
1414.17208029453,4865.19840254354,55,0
1986.02311960426,4811.90489607403,44,0
4533.57380873011,4915.9749052812,55,0
4828.23117304587,4219.5739500535,55,0
4743.10866232158,2451.95683910431,44,0
1283.31532993842,2669.27264930246,44,0
4932.21716999965,5503.34650432225,44,1
1171.91754977809,2757.44752402202,44,0
2844.79246926364,1410.73881744799,44,0
291.360429243886,3706.91439691029,44,1
778.0429157331,4111.72349256244,55,0
4481.71477853121,4741.63041697793,55,0
3593.80368325477,1240.52596317449,55,0
4305.4399536435,1657.10600436077,55,0
3195.27816798594,402.831130469604,55,0
2931.00630907517,4872.24905883338,55,0
4493.91427379431,4238.82945821493,44,0
4596.25063925908,784.67268947371,55,0
2325.02491906864,1498.63117196576,44,0
442.07423738008,4101.78617106662,55,1
2288.10907725305,5190.40804952071,55,0
4898.02626212734,2567.64932210162,55,0
1588.50046834231,4704.13370270695,44,0
1383.66084362082,2010.29722048023,44,0
4105.75147886923,5941.82812567794,44,1
3695.00313083581,1254.91933613209,44,0
544.692607045838,4222.12558704319,55,0
2342.10746311712,5508.77262216605,55,0
4347.99782418599,1546.38547304268,55,0
4035.85512104469,1150.83995621242,55,0
2010.08460926986,4383.01777431149,44,0
941.909193713326,3022.55220394058,55,0
752.392540164213,3750.5870688754,55,0
3615.5121703693,5496.9018764871,55,0
3420.66724858762,1009.30438833691,44,0
4597.68165121471,4225.32891540979,55,0
2836.85092178277,335.939483756731,55,0
2559.51397695359,5085.34331119232,44,0
4934.01407334791,1987.80345860549,55,0
1360.55435053634,2543.50016360927,44,0
5311.6460184303,5155.27734727351,44,1
4231.35104446247,1906.87610643358,55,0
4266.5516777937,1472.259282076,55,0
2742.14730261903,394.956390202665,55,0
4520.02486926916,4138.8792060186,55,0
2848.21015678344,1213.4110398342,44,0
3248.78930144716,5104.16252324003,55,0
1787.77318971886,2097.48545605627,44,0
1198.77785873909,3022.78354001546,44,0
3078.75616574077,790.422587322845,55,0
3687.44074616358,962.764427420607,44,0
1105.10791957036,3653.11077397133,55,0
3019.89033853623,989.8428225759,44,0
4070.01350284449,1887.87001989739,55,-1
2121.84276004856,4533.35999454554,55,0
572.141776530985,3899.56999769296,55,0
1375.72489752967,4165.13859799453,55,0
916.921785522423,2474.03352842753,55,0
1065.80509837935,3373.57980839366,55,0
1059.3315806537,2613.68901853216,55,0
2145.00469172711,4923.49272685655,55,0
1551.95622955052,3890.7802136746,44,0
898.487701127012,3459.50261342547,44,0
828.476062892055,2839.35063195631,55,0
1084.17333486123,4234.44381757804,55,0
2677.44149333862,1128.45143323692,55,0
335.888352483931,2469.26519642216,44,1
4774.06412491241,4322.11449757798,55,0
1402.37297443533,2326.13679847078,55,0
4423.40654371901,4462.11088403895,55,0
2814.38141747573,1534.21801368284,44,0
2050.39054631805,1208.86176674694,55,0
2093.78096269016,4753.06285703253,55,0
3100.78435160553,4832.96651422574,44,0
2450.45241145434,1177.21502570477,55,0
1129.47214023699,2940.40610199501,55,0
943.567220978601,3367.51382770489,55,0
2570.09551820203,4682.60523147071,44,0
1275.34467562621,3127.8429074126,55,0
1220.82306394558,3490.64970549706,44,0
1173.52156519344,2655.96191402517,55,0
1809.94848807334,4487.40416646586,44,0
522.208515949374,3681.80893072803,55,0
1844.70193828728,1682.79615323636,55,0
4083.874090442,4385.4191848369,44,-1
2825.41654894803,937.286187294424,44,0
3889.37203716688,1418.29239397493,55,0
2265.16338153248,4783.36837177138,44,0
1294.93177736973,2038.46797961672,44,0
2896.86674102042,5959.50230391016,55,0
2259.53862016645,1625.95610525199,55,0
2664.85546293383,4832.1678712856,44,0
2199.69345158552,4609.78240700118,55,0
2295.7626190101,4678.56230586921,55,0
2165.8357345932,5910.86256194512,44,1
4564.74156037287,3794.99524761892,44,-1
1390.40871676615,2450.68882933064,44,0
543.996935679188,3327.03000286953,55,0
3490.41919076574,1373.92411059573,44,0
1306.47626691629,2869.47341737933,44,0
4010.43829452819,4736.17060024408,55,0
4068.29502909148,940.880869367277,44,0
2226.92254912478,5093.93086013345,55,0
2073.06063391961,1765.89003580867,44,0
3172.29186272284,1077.74663746396,55,0
1351.77206114086,3603.8421546934,44,0
4975.84866797559,2851.14398842918,55,0
1152.07921812315,3556.0687745031,44,0
263.707608023277,3092.19961521031,55,1
5057.62001538561,2682.27521630787,55,0
525.350600707842,2928.70850646317,55,0
5016.88908997623,2580.04992828081,55,0
2344.31224158509,1131.62921624235,55,0
3650.3649966272,4950.9759514354,55,0
1661.34113612254,1768.58136096956,55,0
5079.34735512172,2793.06005347476,55,0
1207.75975282446,3201.45266787337,44,0
2109.73891808439,4349.34546808278,55,0
1452.41878646337,4356.38965972411,55,0
1777.5163537497,1772.81358026187,55,0
3643.18344427333,4632.7275691529,55,-1
1302.12076072415,2357.04088142751,44,0
3086.37775083207,6092.3789570016,44,1
3222.22174658295,1495.46120852177,44,0
379.719752270365,3050.6796706693,55,0
1461.64054642715,2582.7014856897,55,0
2337.30089789529,4454.44509743054,55,-1
276.656110252124,2885.10292415886,55,1
2396.46949793514,1438.37569119153,44,0
4122.78526154802,4529.18357245015,44,0
2595.33249440335,1362.63093691789,55,0
3270.68023686404,1401.30997414292,55,0
401.651923174395,2940.62982172266,55,0
2394.51550225665,4748.90275735746,44,0
3632.45762970378,4745.13779843538,44,0
2766.06165354477,1016.78229246654,44,0
4673.77729555464,5679.62337141563,44,1
873.256425572874,1995.19859004348,55,0
3496.81860653955,1276.22283094923,44,0
4826.57483499336,3766.42277886718,55,0
3225.4965514485,4986.31788327991,55,0
3089.51777206542,1183.25136623438,55,0
4759.53576510637,3465.81050727378,44,0
1142.84818675912,2533.03006130462,55,0
4942.11343063019,3635.74638625555,55,0
1293.37747062661,3801.50877302313,55,0
2355.74148611273,1239.22320229689,44,0
4712.61382688773,4206.97019902824,55,0
4667.89951500106,3443.37452377143,44,-1
409.377407146834,3537.75725199581,55,0
1564.61917075566,4374.50759854511,55,0
2432.33208290164,1303.62578715909,44,0
4916.51227328631,3356.32252764556,55,0
1704.18938613867,2024.36399691581,55,0
1972.12461431448,1736.71810500196,55,0
615.474239288736,3787.6137577541,55,0
1006.67077696979,2931.228439573,55,0
2563.4776780109,6027.74365353303,44,1
4931.6973537591,3254.31881569998,44,0
4584.23194000976,4599.25312736368,55,0
2003.3009631734,4562.88001845888,44,0
4695.32156257777,2737.49899869643,55,0
2225.96937980765,1313.87091301813,55,0
2334.01371473997,1010.87322848394,55,0
1186.13154954649,2030.0469708634,55,0
467.615489983847,4299.18171641459,44,1
2851.79191706812,4796.74006797633,55,0
2077.39415086491,4641.53055764128,55,0
4709.38342177484,2921.31737990247,55,-1
3537.20010017403,4766.45308441254,55,0
1256.45069842696,2569.55553883209,55,0
4097.75647545691,1771.42994648229,55,0
1404.22926005053,4462.750974825,55,0
5070.17505608763,3132.62812145051,55,0
1287.71777128378,4246.79028761887,55,0
3030.42743628566,4903.5112015617,44,0
1334.54109664413,4559.94397617763,55,0
1159.43130162965,3937.78027749625,55,0
2224.31182287918,1514.38979279677,55,0
1065.40983843609,3038.9177161526,55,0
4712.44327883423,2368.59515056496,44,0
4713.66991463678,3672.62274265195,55,0
1014.0608154542,3275.61036846422,55,0
3340.60147132846,1193.2457488409,55,0
4939.77307433662,3746.90125225558,55,0
1519.32056293768,3989.26852140766,55,0
3251.95432624281,511.053505215358,55,0
421.259610655466,3253.59622477795,55,0
1410.57695056192,3955.57814316376,44,0
3153.8439641491,1281.75341428836,55,0
4819.3601651882,2363.6593584079,55,0
1140.13353081744,2136.41486479341,55,0
3541.15656574399,4973.84144799283,55,0
4799.92293714575,3373.51841779615,55,0
4035.0677238505,4475.11901130411,55,-1
2166.22008174717,1679.4162601265,55,0
3435.649260694,5019.34335346375,55,0
1418.92710434106,4257.47947362592,44,0
3187.38681023633,6095.40046906077,44,1
4272.79584722135,4223.16724029757,44,-1
4879.42956570456,2915.08525591409,55,0
970.974598169152,4196.87841363746,55,0
1319.44418253805,2242.17837313776,55,0
2226.39532690204,971.282410109193,55,0
4814.20059177043,2729.72872970811,55,0
3812.31432787205,1619.45670842472,55,0
1731.18044788308,1873.22026684527,55,0
2787.57988539871,1122.31899903739,55,0
1473.46332505494,3724.40489258981,44,0
5094.1625661499,3019.84443024577,55,0
4667.1181548473,4309.33703755445,44,0
3732.87913702503,4815.25095781334,44,0
4117.39403506422,4639.88781246774,44,0
4682.30413456251,2534.54907543402,55,0
3322.7871985973,1500.92666297742,55,0
1097.4017797759,2832.11664464046,55,0
4811.46243855487,3005.85256030997,55,0
4259.63942084554,1793.77175345213,55,0
1275.47502988576,2772.33507220044,55,0
2477.32884458155,4695.82101200227,44,0
4947.32617110445,3152.56889609795,55,0
1598.79425077745,4193.57396244669,55,0
1585.28159576513,4080.69152897317,55,0
2399.2894947259,4635.00081274224,55,0
1082.33136734218,2042.66502103729,44,0
2658.37415826064,4706.57654057128,44,0
2616.95792472774,1573.07883980868,44,0
1267.26933315007,4124.01670111456,55,0
1040.09229052117,3917.66918327395,55,0
448.023655657242,3904.31857008019,44,0
4564.53147891696,2273.55699836693,55,0
2979.88725101514,1177.59820017007,55,0
1521.81872699418,4483.71436621291,55,0
2757.90538769987,4841.16894284881,44,0
3918.3473359789,4838.96633459013,55,0
2944.32734956795,1385.69329039305,55,0
1470.90545143853,4093.2640147444,55,0
1236.04097613876,3680.10959248279,55,0
1408.24043203097,3796.90384389271,44,0
4310.5841392446,4435.11895109306,55,0
1803.2200455732,1466.50443196729,44,0
3698.20182200936,1481.72872532729,55,0
952.353076724595,4004.76450614768,55,0
3199.36244415035,4832.69086907211,55,0
4258.03228660274,4330.13945203124,55,0
4356.51449988846,1864.67937093751,55,0
1927.12428306884,4453.56940797188,55,0
4726.8014581165,3811.79517530097,55,0
4702.44636728482,3129.07899596231,55,-1
1621.42230671051,4512.70427711719,44,0
3751.28252358589,5022.22006760377,55,0
1848.49738952676,4275.86221325199,55,0
2438.69209259533,1538.6174085257,55,0
1459.51644703144,2090.01191364715,55,0
3011.71188975624,1472.63015002508,55,0
3706.20609305931,1364.72818137181,55,0
2027.61310024775,1413.93319085268,55,0
2938.8548251748,4740.7503963667,44,0
4681.84165824106,2270.03990472423,55,0
667.802638391206,4057.77615547859,55,0
3897.18762786339,4724.2133820145,55,0
2309.63472013701,4564.71358516587,55,0
1928.14029661598,1877.57924169268,44,0
1025.7746303191,3738.37427416445,55,0
1884.59260635004,4847.17056766239,55,0
1573.46247358532,2133.06487695866,55,0
1496.96120222231,2467.67165938871,55,0
4475.37704863501,2071.00613343139,55,0
1039.77603093627,3559.58736135543,55,0
2495.67602852886,4803.70686560114,55,0
3808.38073285008,1502.99272006343,55,0
4696.10659192076,3330.80269339186,55,-1
3485.19632800818,4867.66901545151,55,0
1305.49306453162,3018.60180962671,55,0
2032.26076072159,4289.99496034276,44,0
4987.84056338157,2961.56382606632,55,0
1094.49483069105,3191.06436940942,55,0
4534.04060092461,3892.44408905516,55,-1
295.240572782415,3596.95813791117,55,1
1578.3741981515,2393.96092479888,55,0
396.946755521315,3662.05975177211,55,0
4394.5146529113,1968.39672910989,55,0
3265.64435972853,1286.44755413864,44,0
4640.05390795226,3596.00436402377,44,-1
4643.45255363164,3746.24547746125,44,0
1761.30707455638,4209.77519724589,55,0
2486.88162381705,1396.77069826763,55,0
4471.92440322986,3970.06077024163,44,-1
1868.03528113944,2152.83314447122,44,0
4574.25682778635,2008.26912963891,55,0
2541.96199650175,1502.56131491342,55,0
2232.98789036222,4500.34849000194,44,0
2656.42353063265,1462.99451891453,55,0
3816.25010443138,4655.20249981553,44,0
4506.34799982418,2369.67447471327,55,-1
1961.17100416574,1968.70048167077,44,0
1457.15949089509,3874.11335213411,44,0
4351.70490597068,4126.34275577701,44,-1
3017.41314820838,4692.57529021827,44,-1
1466.17773236162,3375.31954375221,44,0
1691.49411368524,4120.62398907894,55,0
2014.51470823305,1833.03679726067,44,0
436.236135415603,3386.75345426332,55,0
4369.15472869491,4334.24533589728,55,0
3202.99805096294,4716.49781044369,55,-1
335.328580308662,3906.80697350123,44,1
1696.57961716669,3900.40141402935,55,0
3981.71604151827,1826.43863931055,55,-1
1180.15021400344,3394.52212193746,55,0
1364.26617230891,3706.63154283069,55,0
3545.14332903575,4650.99515870953,44,-1
4790.05681075356,2601.85723968287,44,0
4450.71955741029,2275.68662560661,55,-1
2168.64957452022,4434.30933373604,44,0
1398.54442650784,3449.12608020806,44,0
4156.80066711986,4327.05171559983,44,-1
4989.69066752644,3061.89545350378,44,0
2405.75479722673,4526.60683096696,44,-1
1808.21148992714,4381.78071377083,55,0
1392.73796778971,3120.57118415856,55,0
2905.34806772542,1496.02794822613,55,0
4429.22681308719,4063.878294322,55,-1
3118.66105248029,1508.2369612485,55,0
1994.74784225344,4193.5042835087,55,-1
4558.8591784086,2155.53173843141,55,0
2591.06631779359,4775.3276493713,44,0
4255.1629708486,2082.00215710834,44,-1
1555.39968985722,3531.15794934803,44,0
4369.38536065753,2074.57241192412,44,0
2758.13874898357,4735.36016549013,55,0
1414.77526050626,3226.69672989416,55,0
1367.1109122625,3328.32337007912,55,0
1801.70229574817,1953.46414215932,44,0
3751.97815805488,1719.45158611638,55,-1
3239.23459964884,1589.59090963761,44,-1
3375.50927122136,1407.58565765792,44,0
4631.04460077937,3859.42300133106,44,0
3069.92403182788,1358.498856752,44,0
4704.84554830835,2637.18464253518,44,0
677.779239659944,4309.0238359756,55,0
4365.1396049178,2173.19719673314,55,-1
2718.39740165082,1559.2007144001,55,0
2536.46018777904,1618.61178737167,44,0
1447.75252608228,3637.39314588809,44,0
1448.32945244941,3536.26615573954,55,0
4892.15505601289,3065.66882002953,44,0
780.887198973313,3936.36324871751,55,0
2444.15955598595,1650.39772138041,55,0
3646.05342740124,1682.11709525302,55,-1
1688.5153696141,4302.11311552537,55,0
1661.02890311119,2719.26361084961,55,-1
3726.56771884322,4710.83410380568,55,0
1869.32533180655,2270.97024487827,55,-1
1519.72517397529,2221.25027238953,44,0
1885.38466346195,4165.7745592771,55,0
1645.52384337963,3581.86888096703,55,-1
3448.92156108508,1463.9587485895,44,0
2961.71976663009,1598.59045800485,55,0
3514.02035013107,1545.03473638997,55,0
1296.95256040036,3416.95008080819,55,0
4571.78494944134,2513.49561178896,55,-1
1626.53109959048,3983.86625455772,44,0
1509.02767388348,2307.52912540976,44,0
1640.63169190942,2488.94399610625,55,0
3315.33819537206,4791.10193776313,44,0
1673.25682362078,4418.14175960578,55,0
1405.66943373557,2871.41057159456,44,0
1722.34310677322,4010.11781256898,55,0
1395.64593905721,2760.05454340016,55,0
2263.57303427884,4376.08804418272,44,-1
1782.71427876139,2195.81228061447,44,0
2846.44987946775,4666.66041569309,44,-1
1522.29569824623,3803.75581657996,44,0
1681.96149934565,2401.50890555758,44,0
1797.2780135412,4111.36712576216,44,0
1959.7188144608,2110.51420689223,55,0
2104.41160884619,1889.0883104826,55,0
2666.88571360289,1671.45098388478,55,-1
1601.57149160947,2881.47923992765,55,0
3335.20949157454,1615.56765532967,55,-1
2723.00916036675,4636.17004036557,44,-1
3159.74117043018,1396.33623167729,55,0
1423.23910068538,3013.96642773099,55,0
1720.75187234573,2307.12702033972,55,0
1545.58006031141,3620.76862984989,44,0
4669.60660609401,2838.62479233112,55,-1
2495.43153290598,4551.31345349426,44,-1
3738.4765040666,4591.47105586447,44,-1
2250.72853601214,1738.14061872934,44,0
2579.9564511592,4584.84120139524,44,-1
1559.34964859461,2550.79479784603,44,0
4647.74200431857,2442.85343144488,44,0
3925.25224430099,4509.22838845314,55,-1
3830.19745846558,4556.98438677497,55,-1
2346.1354635048,1702.86268659789,55,0
4140.93144027839,1959.52746240203,55,-1
2499.8093584735,1770.30852920009,55,-1
2030.37001060059,2036.2634477902,44,0
1948.85349734841,2210.37718591842,44,-1
1866.59761024468,2042.80254574813,55,0
2409.49509645668,1806.75226421265,55,-1
3833.02309115301,1776.19556651551,44,-1
1466.45121188626,2686.01671309781,44,0
2170.71471387924,1797.36489589096,55,0
2121.70696977526,2019.8449088529,44,-1
1803.96756519733,3931.19881764847,55,-1
4697.74842032247,3020.04437218534,55,-1
1580.44254479674,3716.47889194992,55,0
3691.89235631098,1585.08529552854,44,0
1500.01929909726,2929.66333879033,55,0
2237.74332934205,1874.66350873468,44,0
1532.74728327803,3221.36085382179,55,0
1663.30341773448,2209.44261327407,55,0
1623.84894865261,2989.51736893707,55,-1
2189.60961461504,1961.16799885909,44,-1
3538.72923310751,1658.80060337921,55,-1
1495.46371745841,2827.2241009461,44,0
1700.24738424502,3665.00662715097,44,-1
3151.6176363722,1611.38036440656,44,-1
2307.23321627544,1815.39624377154,44,0
1626.48588473479,3813.15960266203,55,0
1886.37997292545,4052.66301705635,55,-1
3457.41439173089,4687.28815243225,44,-1
1606.73756092702,3089.29135875549,55,-1
1822.30443605792,2372.75602618449,44,-1
3407.56614981525,1555.23950796366,44,0
1774.2433062281,3828.56003684305,55,-1
2575.36210420022,1702.50543563599,44,-1
1684.19613248687,2818.98838867866,44,-1
1533.37179077282,3030.60487478571,44,0
1554.02722799796,3432.47724668705,55,0
1545.77643707944,3321.41463985455,44,0
1568.3547782537,2748.04613776288,55,0
1552.86368492493,2646.97330373367,44,0
1768.6670854056,2485.10333324142,55,-1
3451.58641003744,1639.49483274551,44,-1
3065.07349957549,1614.8286972964,44,-1
1621.0488676011,3256.03960353684,55,-1
2777.04130693917,1663.25074549341,55,-1
3169.00131079734,519.309467026181,44,0
1645.4834506776,2605.21967362433,49,0
2876.60170216585,1648.4897153366,55,-1
862.364120592952,1377.27731593944,44,1
3570.29160577333,4866.2637466438,44,0
4446.33927463288,2176.68040467106,44,0
