5766.40331680016,1867.1036511807,44,1
6015.51712952163,3776.49096136703,44,1
5493.77459376458,1421.15714625025,44,1
2385.83949092733,5843.17401583345,44,0
5166.30554803535,4969.65126044924,44,0
5927.38580707785,2242.15260878996,44,1
5054.77978410278,967.684807556835,44,1
5811.82539403661,1953.56131939566,44,1
5196.98652809171,1348.18023478201,44,0
5089.0920683857,2091.17949200488,44,0
5894.00634173058,2147.1359515004,44,1
1067.07167579875,5013.86925254496,44,0
5143.51452166467,1031.63662181336,44,1
5219.14763581462,1103.21579300149,44,1
5132.06038736919,5060.21949483561,44,0
5728.40536688514,4553.2471404391,44,1
4944.28095943159,1486.31835521755,44,0
5850.12981623423,3618.46438849833,44,0
6048.53658565107,3283.38475844058,44,1
4483.95574808908,785.868244165291,44,0
3754.89097927648,417.777662580799,44,0
5044.49296095316,1472.91957014946,44,0
5619.62356295487,3495.02585987546,44,0
4836.02455862837,5303.2854692739,44,0
5092.43945478776,4893.61516194582,44,0
965.985958959122,1389.99407111774,44,0
5872.46279482696,4187.22209881668,44,1
4410.24463214738,5388.36454098194,44,0
5385.62141120463,3203.49715672643,44,0
5693.43330978316,3303.9264191812,44,0
465.003366318897,2087.15846127757,44,1
6038.56715826975,3378.61150559816,44,1
5723.1238449605,3486.06161843826,44,0
3097.03265685657,443.099493420685,44,0
5383.76040205474,4353.37318737999,44,0
1247.44457486248,5202.0478435795,44,0
1247.77726901469,980.187430012006,44,1
6013.75071933448,2545.72933447952,44,1
2132.44389616804,5319.07727472209,44,0
3461.25119589561,262.958813951912,44,1
1940.7891505675,547.583914546274,44,1
5504.78903732472,1698.86622802996,44,0
2605.68159666967,5932.3383725381,44,0
5687.40106256542,2382.21373978237,44,0
3823.57244183374,5256.20016469845,44,0
5718.0618731957,3899.83999762786,44,0
4174.01734230694,5490.52956381046,44,0
5527.85007737552,4622.56083003449,44,0
712.669060101924,1620.42141283788,55,1
4613.4567315319,5010.74798728568,44,0
4655.72622032249,5402.05868466195,44,0
6034.67507897351,3670.37722871041,44,1
5755.53756355928,4452.49863426501,55,1
3424.93479603326,5900.5364695681,44,0
6049.02907059178,3177.35177561795,44,1
4950.80571254936,4484.31920848068,44,0
5062.09713180288,4983.2548964759,44,0
4110.55186616474,5838.88320926592,44,0
5648.48025762308,4482.88285023998,44,0
1335.34691356859,1039.10750080524,44,0
726.794283986994,1735.52413843454,44,0
1506.29443629825,1257.6103104415,44,0
4339.43911282004,1042.72134462125,44,0
4289.67335212367,1132.45811217647,44,0
3137.33976463849,5887.47363720276,44,0
4314.09605925278,5598.20837717091,44,0
5309.76307522474,2068.94551706378,44,0
3342.52592449057,5834.28264575831,44,0
1208.2930812787,5114.15618175314,44,0
5739.15269403678,2500.71482556386,44,0
1356.92957891924,5394.75301855889,44,0
4730.99642304933,709.460373494543,44,1
5787.49728900438,2413.03711619342,44,0
4214.05893516038,513.076790757859,44,0
4808.22119346824,5413.08988965415,44,0
5942.08151627215,3226.54590226739,44,0
5799.5929272173,2315.4035724836,44,0
5553.49004283868,1499.32351317447,44,1
5409.25306337682,1667.54748214201,44,0
5805.41783310847,3707.61907192341,44,0
4469.49217046578,5677.4059945362,44,0
4622.77642894114,5305.00364808823,44,0
4818.52031140772,1026.55857329578,44,0
5235.54901105282,5218.2692742295,44,1
4984.83371145556,1192.90946614751,44,0
2288.55081851333,5843.74586765516,44,0
6065.76266349343,3471.75341978609,44,1
1883.678118968,5730.7986521661,44,0
5781.93947658059,2588.86810712096,44,0
4907.92815678338,1398.42800268398,44,0
5185.371631948,4862.93281100497,44,0
3006.26464957782,582.539316723661,44,0
968.092250053281,1279.36811707922,55,1
4896.63895495469,1156.85426183313,44,0
1669.0666882538,667.259525940492,44,1
5282.52938508946,1186.1693865405,55,1
834.911591460883,4712.64272877675,44,0
3108.43661364161,5988.92187690431,44,0
4680.57173486573,5088.77565289992,44,0
636.565408219384,4574.06445701034,44,1
5458.84275192565,2428.74996320621,44,0
5258.54012785405,4938.52855980264,44,0
4270.68946435783,5500.52436520721,44,0
5362.06530967733,4954.13442811434,44,0
5486.16055617422,4407.50704588978,44,0
527.575206783078,2682.45926000093,44,0
5346.22399904396,4584.06940393758,44,0
929.182402632488,1747.85740664721,44,0
4902.78037003458,5401.3204160564,44,0
5592.20222779573,4278.02323339125,44,0
4213.89895731366,5260.74834945125,44,0
2317.53097232719,5304.82039786581,44,0
4292.05922362372,831.60603058384,44,0
5086.53159837687,3898.96851210787,44,0
3289.59149636809,5601.79112902041,44,0
1132.52262277933,1276.47669346989,44,0
4435.12593461159,1031.1366395773,44,0
5076.86813084697,1911.81712325998,44,0
5606.41585567604,4728.14477446539,55,1
4766.97088492858,1858.72422322831,44,0
1458.25648999261,1130.15758158509,44,0
3855.32325982226,5784.82120628865,44,0
1597.26839160471,5488.78120743882,44,0
5553.45968917781,2384.49806875408,44,0
5412.39178354,1352.5577025596,55,1
1110.40672936339,5101.45506246689,44,0
5188.9143131798,4473.58478183832,44,0
1620.17870121963,5269.87262269495,44,0
4587.06135680082,5467.61257363236,44,0
5615.09417817766,4079.80464767453,44,0
1184.6973622318,1187.80173588025,55,0
4701.02204795733,1653.38557448587,44,0
1767.78627905907,626.16703530888,55,1
2887.13513430359,5625.82313234028,44,0
4098.63010605432,5421.28347049037,44,0
1729.65887624896,5244.58833598483,44,0
1421.04018603177,5265.81248558757,44,0
3570.66924408769,5597.51967347168,44,0
1607.03969999736,1267.12738766587,44,0
6018.15377679552,2650.47778556365,55,1
1497.35945032372,777.932740616491,44,1
579.729827097615,4495.65025601839,44,1
2042.11563907527,5068.36063029992,44,0
3622.1240354633,5688.07045557159,44,0
1558.83769627373,5097.78569465482,44,0
4932.79354985444,5278.45840494336,44,0
5261.84389987318,1887.64696361518,44,0
680.976306421411,1912.98092464278,44,0
4911.3830975217,1056.60146381614,44,0
3171.99959100279,714.803693623003,44,0
2796.19184775821,6019.43735194692,44,0
5848.47294675827,3408.01280315746,44,0
4322.10173436298,4983.89813215142,44,0
1901.38053679795,5366.47221821204,55,0
3053.98881598752,5832.43268057863,44,0
1542.71761217149,979.401395398028,44,0
2253.30470308632,5600.70341193924,44,0
4043.12485531233,5756.42689551651,44,0
4390.01874172478,1123.97439068927,44,0
4558.00193902293,1217.74417000896,44,0
1533.2661769636,1076.46895236717,44,0
2594.12380405921,5827.91405449819,44,0
5379.76197393388,2146.31005737696,55,0
5329.9140381702,3282.16774545193,44,0
1704.76993977855,4848.93795135859,44,0
5938.52764617306,2731.66935673067,44,0
5377.47441418863,4256.85949892842,44,0
3664.55534526672,5597.19381963085,44,0
1850.86362069683,5089.32285955321,44,0
4193.21662811271,5790.2488056835,44,0
1100.41628975539,4815.81390975166,44,0
5750.99699060841,4105.28894803426,55,0
732.530293107048,3026.23600458267,44,0
4122.4946020455,482.166023694399,44,0
5698.82732334864,2279.40576782356,55,0
5487.74784141567,3198.24723903616,44,0
5216.17423257645,1740.12921885576,44,0
982.942108062085,1838.43980824797,44,0
2454.46047296285,608.478505895493,44,0
939.957440278239,2845.5905805699,44,0
2113.4030122694,5132.26821142269,44,0
2819.65980873512,5353.9760177222,44,0
4383.28957267187,5721.24987913053,44,0
1811.8091638925,5433.19480357922,44,0
2310.30755787772,5404.78733983622,44,0
3053.71934508829,5727.7016652388,44,0
4813.36243273899,763.606684575474,44,1
5978.03063621119,3873.65111768321,55,1
5059.4880653023,1255.64909255086,44,0
5300.76566374144,1795.99374670093,44,0
1979.58136679858,751.091903243435,44,0
2699.93798412184,631.928226633762,44,0
5918.19376393994,2592.40723823925,44,0
1980.36521911713,5725.84056428782,44,0
4421.76149547065,704.722446423567,44,0
4888.7977523262,1580.70523056308,44,0
2643.65985314832,315.090828915311,55,1
5261.12596566067,2157.57408060329,44,0
1279.76187380618,1939.62684762669,44,0
4915.94398995957,4747.37025388327,44,0
2736.99852494323,731.152157836166,44,0
5029.47730230054,5085.48471313701,55,0
5822.69766438453,3895.83151872522,44,0
618.125096895248,4406.10478077365,44,0
2539.78914422583,317.060306736403,44,1
1984.54913344355,5430.96077774486,44,0
6051.44307493551,2751.14233660332,44,1
5514.33279599969,3530.54679082124,55,0
1075.32325978408,4914.36340576345,44,0
4586.77006049793,1508.32016196868,44,0
284.303651101052,2988.01854553086,44,1
3590.45279182653,709.42521025448,44,0
3305.86146572226,376.670072390515,44,0
5745.89777706828,3394.11922711479,44,0
2770.95473777751,826.419677188559,44,0
4979.79298871886,1325.04915515148,44,0
5599.03967026489,2052.20595533071,44,0
5269.31667977863,1409.54235876924,44,0
584.116041761284,3141.94554808422,44,0
1481.04758795608,4661.32996335059,44,0
3476.78252318608,5569.99193498024,44,0
1137.67052167665,5203.88723289655,55,0
4837.09041106135,5543.82541640899,44,1
1618.35245355702,5172.35891545562,44,0
4073.20284904204,395.77625731942,44,1
5614.7576083393,3883.24355922837,44,0
1340.02873916507,929.71689600748,55,1
1427.18978137048,855.47571608488,55,1
4855.51383465602,4445.94170024598,44,0
4970.5728070673,1884.64005976958,44,0
5518.60757573546,2503.70569775877,44,0
3524.6006175754,5926.69732790625,44,0
3831.75811601097,624.144142919155,44,0
3135.38569631918,300.400844218403,44,0
2344.62202631717,5751.40575171012,44,0
3176.04165241726,5409.43014870411,44,0
1445.09660322392,4570.68107467347,44,0
1193.50376752837,4485.78841762405,44,0
1240.45048845024,1519.70674693196,44,0
2831.12897074897,747.540846549428,44,0
5158.66605339851,2154.73093792895,44,0
3562.36543773304,519.093947092989,44,0
4447.34859410589,4845.48651972251,44,0
3922.98985827921,5571.59371034044,44,0
4111.26918683624,5563.97542770331,44,0
3575.67687035106,410.872590928324,44,0
2060.6392774193,1083.62454659407,44,0
5195.13411040445,2977.2307231852,44,0
643.995003078841,2429.77838675174,44,0
3261.43935549601,5365.7326321257,44,0
1322.51501794294,1318.97360588036,44,0
5873.34183169977,4082.42172462875,55,0
5437.23764280569,4677.61625232347,55,0
1184.72108070889,1063.14011800111,55,1
940.286003443671,1653.42797853073,44,0
2181.66131785484,5196.14486054634,44,0
1720.6199521555,5557.26123040008,44,0
5972.54953731513,2448.91653531273,55,1
5653.29954898337,1686.07292831615,55,1
3081.01672589051,5395.30677805242,44,0
5830.17976883638,2222.76255030825,44,0
2992.91876298306,5254.05971373457,44,0
1796.19468039496,5327.20560882035,55,0
4945.58277662749,1793.79450805924,44,0
1089.88033874727,1949.27925154726,44,0
1545.62160586144,1353.24808720663,44,0
5620.57159106509,2706.92013663675,55,0
5234.08053136115,3253.34986225713,44,0
3715.94377579845,5512.79122518811,44,0
3094.10004004538,545.820471827575,44,0
591.165507383021,3420.87707912079,44,0
5822.05157036828,4370.1960315581,44,1
4488.74184206056,1109.47481438425,44,0
4442.2739863784,5172.27069338284,44,0
812.864080333243,1444.54378929442,44,1
4780.91919432741,1304.19400254368,55,0
5441.8024427379,4559.90349118417,44,0
1522.24735770951,5248.44378508443,44,0
5909.76588620286,2348.95725681577,55,0
1283.13873627693,1608.06992998386,44,0
1814.17992292738,5639.43908351901,44,0
5334.04038501954,3886.80771732127,44,0
5831.62851937892,3194.57120592592,55,0
4363.41711118286,5471.64697249603,44,0
5639.49514128813,4613.20580603746,55,0
1353.62817147969,5189.44664547409,44,0
905.964753408901,2297.7518163563,44,0
3588.10890395655,936.461634150087,44,0
6063.05773451879,3056.83179008214,55,1
889.700886234379,2099.37792687578,44,0
5088.68287816735,4636.57839857868,44,0
434.61396201192,2632.70834564981,44,0
5537.29540215103,3316.77211685235,44,0
5267.74674370819,1984.21919463525,44,0
2021.17208207225,5169.37582827726,44,0
5714.50832345682,3212.35341568433,44,0
382.975555684094,3155.42834924587,44,0
5946.96299363735,3131.2637865647,44,0
5406.42928355013,3369.0584174646,44,0
3422.78809702316,360.670502845626,44,0
756.651502743559,1523.72642386265,44,1
2373.61522761293,658.446272915416,44,0
2995.55275738639,5356.68796955412,44,0
1324.38754293459,1846.0852051485,55,0
1168.48078741947,5013.35879997761,44,0
1034.04739309684,5174.67643277187,44,1
1636.28496303361,960.661304726339,44,0
846.068394441433,4020.33133962318,44,0
3753.39246247232,828.377907720614,44,0
2920.355584144,5078.73844219729,44,0
2261.35064469409,5702.90279867557,44,0
5628.11040576639,2476.08596717315,55,0
1069.19475488852,1357.849170777,55,0
4895.36540551429,1263.96171655951,55,0
4253.0829986974,737.192067266551,44,0
3789.82468772323,5415.02667321086,44,0
733.494970154295,1831.784431989,44,0
5839.93452844057,2055.32444329727,55,1
5910.92169897384,3971.90528656152,55,0
988.523492568327,2125.38421007468,44,0
1688.53829266996,5339.46662177751,44,0
3638.12283444468,5922.51272121808,44,0
2026.28380893333,5324.91403936472,55,0
2691.71715223027,5997.18128845526,55,0
2833.37462209957,5118.80829918655,44,0
1964.73781687877,4914.99219819048,44,0
2445.71469883474,360.453212131316,55,1
4530.02791951212,5135.72661612637,44,0
4864.23571685414,4051.99265246711,44,0
3267.09497539945,889.567332308856,44,0
4787.04551775549,1185.47234351373,55,0
2943.72064362064,362.101182764318,44,0
5457.25750974614,3022.6943725115,44,0
1646.30536434243,1574.04037574522,44,0
5390.89550678741,4784.06711839327,55,0
5611.6846445227,1892.83770030363,55,0
4119.30307396428,596.813297331339,55,0
4646.65248227824,1009.23596304767,44,0
5728.22144193263,2671.38724591778,44,0
2544.42647233528,5473.64356220607,44,0
5407.32476887806,2527.3522475776,55,0
5130.31078032377,2328.04074023568,44,0
4637.67159496134,1586.69737354142,44,0
4719.80953364051,4631.82311262663,44,0
4898.04029711758,4852.62790691631,55,0
4242.41642620178,1042.82195440108,44,0
5006.25403193198,5376.53073656208,55,0
4885.15056316382,1695.40938874593,44,0
1000.52830414667,3457.31040970899,44,0
688.52271737176,2088.82330650088,44,0
490.375606729535,3028.5055766911,44,0
2165.65536108147,654.818504261761,44,0
5182.70905441092,4679.80331633055,44,0
1915.32563128372,1326.80803903037,44,0
4333.24604900894,671.058065297044,44,0
792.36547240597,4818.34643269875,55,1
2923.69966459757,766.39258421775,44,0
3454.00724231003,5468.58273914051,44,0
5181.36745373771,3965.67459174658,44,0
3213.12977150941,5978.98534453501,55,0
4151.89471996691,1539.38032061389,44,0
913.332503860575,1469.74786469917,44,0
3968.74273156099,376.274063413304,55,1
4406.60822267352,4572.55846976533,44,0
4698.29437402761,4726.22375411919,44,0
5157.43218373903,1980.43720107296,55,0
1483.12508318257,5037.16392095308,44,0
4999.74174086367,1695.03725315331,55,0
1289.71484489161,1133.73506670886,55,0
5526.02709647663,1979.28316453732,44,0
4415.04273234401,5277.6081001578,55,0
1498.89655477763,1434.27512817742,44,0
1489.02763365298,4936.54339850143,44,0
550.457375085973,2467.67973863962,44,0
5615.07150807964,3599.87067311838,55,0
5620.79175853048,2810.40424196788,44,0
3328.10607007058,586.922738307061,44,0
3862.05322224019,5352.78144685408,44,0
1914.66818284185,5508.03758437093,44,0
4309.25850041569,5261.97189513967,44,0
2002.87139364224,4717.38606766058,44,0
5083.76123371494,1361.75686851276,55,0
1817.54255731132,5537.40691654327,44,0
1960.77654597451,859.742327771588,55,0
5075.70123765733,3484.31652166194,44,0
746.063626359752,3284.77736751925,44,0
5572.77427426305,2277.93929661944,55,0
2782.06588138027,5624.91654539252,55,0
1780.5669647921,4903.33943903941,44,0
835.828320156324,4196.41662507776,44,0
1261.52135014539,4688.80282328344,44,0
5038.71388920955,5262.29214525951,55,0
1145.25736930093,1722.9999316124,44,0
4719.03590814155,1083.43091095715,55,0
3169.5029361748,5306.81986685087,44,0
1106.81408031463,4542.18099394689,44,0
4755.85205374393,5601.84306204567,44,1
1987.64105538016,641.992024511911,44,0
338.616607807699,2568.65663835167,55,1
5440.42912227953,3281.125094827,44,0
3040.52375923163,357.268855926809,44,0
3847.66550953547,5062.0595919003,44,0
5558.79911226198,3016.57731227367,44,0
5834.41154432979,3512.86204008012,55,0
1209.45943801051,1812.01108274605,55,0
1382.39868012522,4970.40845324511,44,0
3044.09412994629,251.467592268469,44,1
5305.35991016086,1304.53187819129,55,0
4730.92172435196,5324.94750615924,55,0
3703.51075614526,6018.01479275631,55,1
1009.95538227945,4520.7360059677,44,0
1182.43863844048,1915.78205389929,44,0
4807.64482912998,1409.6853159142,44,0
5518.42706148024,4800.44474809727,55,0
2468.70108447707,5784.18556113163,44,0
5543.20252499691,2603.12187013005,55,0
3012.07737101232,5941.60467666705,55,0
5221.36591346706,4070.91049632997,55,0
1180.17935006553,4913.30900554498,44,0
5290.26131125442,4497.89142347415,44,0
3199.36400778804,5569.35476426694,44,0
4644.46300469268,4409.37572697449,44,0
4595.76532326822,1409.51234884718,44,0
4016.23545678686,5198.83934886784,55,0
1702.39977392591,1658.44151821462,44,0
1830.90229030491,1364.92729553807,44,0
747.331412178563,2583.83129192031,44,0
4848.40326467093,1796.14342837751,44,0
5634.85442793104,3788.61281595731,44,0
5544.50101498837,4517.08688858877,55,0
4633.79061041546,663.082992034658,55,1
2964.16160439693,1068.25956050597,44,0
3660.21070032169,866.778340056863,44,0
1211.81136505854,4816.58918907638,44,0
801.118650012834,1912.55152519443,44,0
3761.87532583646,5924.27363391999,44,0
5444.13492094868,4176.86979093709,55,0
1378.84062484799,5079.30255253202,55,0
1749.83861669394,1175.64129524987,44,0
981.488512278069,4425.65751323442,44,0
4274.75788894244,5066.04921696773,44,0
4845.94363822499,1495.64100996567,44,0
3926.58868740925,483.351309684613,44,0
3202.26994906033,615.663821061595,44,0
579.549686713064,2112.90142901493,55,0
3077.13940861079,5293.99406162205,44,0
4556.35846172477,1317.00405557774,44,0
3854.59173346359,375.323388771931,55,0
5701.92216124475,1947.98603154456,44,0
5153.49913645904,1452.54017028136,55,0
2233.47084146518,404.380152461588,44,1
4796.83642649249,4885.35070661656,44,0
620.704258150813,1801.68202526004,55,1
5311.47961123059,1699.16240215085,44,0
5850.25246759227,3091.81736025585,44,0
5413.30306883981,2021.06560721451,55,0
402.858403610321,2278.53551969037,55,1
4401.98940870561,5067.59790748759,55,0
557.340723471534,1893.37072849403,55,1
1616.54371270321,5600.66762549938,55,1
4043.71896849656,4844.20621789772,44,0
5377.96033396726,4078.07154615949,55,0
1679.26221419187,4947.94975930151,44,0
564.82768807142,4326.68425160252,44,0
5782.10207949307,3993.07777394911,55,0
5495.61532246159,2102.20340868132,55,0
5244.48300517585,4774.177962526,55,0
5160.93854246293,4379.01541130928,44,0
5497.68177687901,4069.18012418587,55,0
5486.82959603473,1880.70941124738,55,0
3357.50051889995,273.039792211372,55,1
487.146884969035,2196.50782643334,55,0
526.315025604189,2582.73972925921,44,0
2844.15714919269,5768.77949826748,55,0
1576.40862571639,4997.11753096035,44,0
4991.69713214076,4675.69250210104,55,0
5441.32167742596,3861.5240170214,55,0
3587.45150393002,6022.90211819068,55,1
5067.66585850511,2403.77558846867,44,0
615.021832096145,2635.58445418673,44,0
1455.83483894338,1519.93620766244,44,0
4497.90936206189,1408.77126860472,44,0
1312.11970446448,5298.22249126891,55,0
2443.79600347522,5685.65176077296,44,0
5990.4160778624,3570.91939799829,55,0
4129.83503257326,5180.25781042193,55,0
4388.68056262885,803.78939998808,44,0
4231.06645266089,5163.53425474183,44,0
5195.98719157971,2881.9702625734,44,0
5873.38796906399,3802.82093487681,55,0
647.866778591556,4162.28466101882,44,0
4736.30003251775,4971.03257111295,55,0
3651.22425617583,5296.88331236742,44,0
5566.8052934023,4171.83260961827,55,0
1655.17180013629,1182.69295454862,44,0
2229.77735955811,4983.93871227711,44,0
1556.01809683552,1176.76257293958,44,0
836.266781848064,3587.73029215899,44,0
5386.78768859968,3101.4773273728,55,0
2741.80987882054,5416.08563028936,44,0
5413.52578965457,2641.82455646253,55,0
609.354373266192,2229.94349301489,55,0
1035.48084661997,2289.11402607708,44,0
5482.53039647871,4303.22745835842,55,0
3099.30875815657,649.282484621972,44,0
4420.44088278049,4947.10593267418,55,0
5540.40627570886,3815.59017713395,44,0
633.240157682659,2729.90949211187,44,0
5359.07657311443,3575.61323575813,55,0
2637.53919387813,5250.01661030358,44,0
1882.10299237332,653.747358100571,55,0
929.780773107641,3551.3013018627,44,0
3891.64509282838,1302.01967906649,44,0
5425.83235606545,2328.78435659783,55,0
4366.34395095182,1313.79541790505,44,0
3925.06786770882,693.251495115045,44,0
2090.90825281966,5229.55923267598,44,0
5511.56432450972,3416.37770152083,55,0
1289.4196045477,4899.6240865513,55,0
1317.99951840282,4783.27003839239,55,0
2906.98782704284,667.22313850701,44,0
5355.44835459212,3791.59031067372,44,0
4995.40475478519,3426.56692321478,44,0
507.223460140228,3478.00138920025,44,0
1074.0231279719,1188.95239908247,44,1
3562.58067349611,295.546904117566,55,1
5188.25420090303,3859.85994925336,55,0
2326.38416696647,5051.04940068697,44,0
4160.0317992255,1826.99089181654,44,0
2042.76433106945,4967.8213029713,44,0
910.985902207804,4502.90430643073,44,0
1429.74695273513,4756.15038233169,44,0
5413.7800517769,1795.38465198811,55,0
5692.23557499611,3695.93379409609,55,0
4979.50877655012,2088.81710607542,55,0
2025.49032000561,5519.69047457538,44,0
5393.77651105904,4462.36590835228,55,0
3750.09623271116,5321.00045667142,44,0
639.432281742878,2001.64698274906,44,0
4968.01868507289,2747.80686349336,44,0
5146.84513680551,3567.57698428743,55,0
5175.12267448376,2434.30284149186,55,0
4997.72244563898,1573.58948734626,55,0
3006.30599370225,5472.30595659937,55,0
3830.92032509637,491.574634901458,44,0
1169.37102391844,4733.4298607406,44,0
5104.22225099414,2237.47246214713,44,0
2996.08761505535,5596.00462764683,55,0
2618.98599088286,5349.87549255081,44,0
5468.15080428633,2218.65450315171,55,0
4862.11665641157,857.867632025928,55,0
1871.28317475267,4955.50464006148,44,0
1101.01725361557,4337.06282325578,44,0
3204.07404657428,5673.15291986178,44,0
2692.77949028954,5864.74105849659,55,0
5489.01637138957,2923.00104258356,55,0
5149.89286754288,4266.34085396384,55,0
4843.91441912377,4975.30523659999,44,0
5235.90154081672,4590.42165619475,55,0
1003.83223514658,2774.43533884578,44,0
2351.03981185583,5636.23525929655,55,0
5373.94408381611,2969.0100921782,44,0
4861.06558838633,5185.10571814961,55,0
5167.236402655,1841.77089158062,55,0
4895.685853679,3453.38829278791,44,0
592.44979209962,3045.75078970402,44,0
3405.3369420598,6042.87129357781,55,1
1359.11789827848,1742.89661910186,44,0
5365.78652962302,5064.88160582532,55,1
4540.76011661585,1008.4101553585,55,0
3685.73673413647,5404.36979734036,55,0
3096.5087003715,4834.06333180398,44,0
3953.6213123983,5046.72688020364,44,0
5656.58328203797,3984.7931899768,55,0
1132.24301785808,2265.69653615389,44,0
5597.58786278954,4384.66438469487,55,0
4084.30834304251,1365.54336178789,44,0
4238.13533145596,1577.93135456152,44,0
4909.36002523745,5071.60875326769,55,0
5730.65333468454,2773.61307095556,55,0
5294.08882534311,3462.68926519965,44,0
2909.93566233219,5301.41950682156,44,0
2545.27641304023,5606.94658895856,44,0
3805.9438471466,5156.11340663721,44,0
5801.27613146215,4264.85365732983,55,0
3718.09803928103,676.890692990567,44,0
949.678496012175,4969.93293691609,55,0
5282.74003085371,2929.16434364396,44,0
4965.93383887832,5170.78902036577,44,0
4021.05355593231,5622.57873374339,55,0
5886.10097783083,2915.43431750712,55,0
5798.25437888203,2998.09787319204,55,0
335.195206948074,2466.90252821239,44,1
2622.3835327156,5541.95861558231,44,0
4909.15608474309,4585.85436151241,55,0
1090.51491075157,3821.97864198686,44,0
2597.20142156633,1055.35820539008,44,0
2377.81706459564,5131.92338589717,44,0
3929.57316539543,5271.51462496547,55,0
896.515565597715,1882.05249114778,44,0
2178.24144585485,4816.05386594175,44,0
687.68868356003,3456.17139987783,44,0
4534.67493761658,5594.87148882275,55,0
5349.49925606761,3686.50129847656,55,0
5266.11117187701,2622.01772629072,44,0
3346.43128691728,5078.83079264862,44,0
524.930994336459,2003.72946699396,55,1
908.257990694044,3747.30907974762,44,0
3767.82760240456,313.888211269796,44,1
1836.03337919335,5203.15526039243,55,0
4483.09199644995,5478.02586845715,55,0
2404.01643934131,5356.14250892873,55,0
1172.73998594686,1596.64635547617,55,0
5097.64356512925,3394.73495101944,44,0
4315.09523001905,533.983454127466,55,0
3537.33662071842,5277.52042461753,44,0
5319.40985865301,4862.38909783614,44,0
1103.47580617235,3472.95827471636,44,0
4676.35302036752,4530.60543047139,55,0
5209.36273752184,2072.08179044525,44,0
2235.23804799138,5501.02237585014,44,0
5195.10840955941,4172.80504761505,44,0
1734.6862118041,974.480973281321,44,0
5129.0879927953,4549.54609233281,44,0
4645.37211461243,895.973787632818,55,0
3245.29609610605,5103.07703645666,55,0
4539.91961040262,1603.82354934826,44,0
1932.04239833353,5136.29183975652,44,0
1460.6376177699,5159.37458053458,55,0
5667.20681619545,2582.38368346524,55,0
2335.51998332484,397.449083708572,55,1
5367.63799853181,1918.61271637118,55,0
5006.81818215829,4816.4473143061,55,0
5502.91267220098,2702.50806539048,44,0
3243.45266333946,284.415911428083,55,1
3149.80463568218,5773.40189269802,55,0
5336.75822551302,1591.21417320936,55,0
1158.93544127008,3748.43662013043,44,0
1940.84316778403,5248.08024289718,55,0
644.628965935864,2536.70438897721,55,0
2075.91366495146,709.077577443006,55,0
3519.25932874655,1006.87937917884,44,0
1436.12012681065,1332.07687792844,55,0
2457.84531310228,870.646805287567,44,0
1068.37288237608,4021.97271099602,44,0
5572.64214929006,1601.71185269143,55,0
989.005675780619,1933.03792646514,44,0
1958.68015768255,1102.74322784543,55,0
5603.30890289336,3232.92725510232,55,0
1749.66314314991,1077.43519957901,44,0
3237.94377518795,5854.60164023678,55,0
3596.62204645451,1470.76553382451,44,0
1486.51790637399,5491.78850217001,55,0
837.236124886116,2540.98378612724,44,0
1704.91993634787,5672.93956291921,55,1
727.565488217268,2887.35159968003,44,0
5699.21781178515,4326.70627892139,55,0
445.166322778763,2844.41549361964,44,0
3375.95739372342,5640.17844242554,44,0
5567.35765912001,3701.90487843857,55,0
1293.4048451809,1415.76464744083,55,0
3267.75971963303,1108.96873992747,44,0
2195.25720497168,5800.06040800222,55,0
2714.49257814333,5535.27255384902,44,0
2982.10908001813,6065.50575470671,55,1
4670.70595445837,1197.28564443432,55,0
5449.06109486843,4892.52009926197,55,0
5346.31132759897,2434.48159469195,55,0
1154.91775361095,3106.02405072879,44,0
1478.13962304549,1988.44713524448,44,0
3822.73495979447,4795.34916446244,44,0
2750.18490674139,5188.57894128593,55,0
5739.76878810522,3589.79709908422,55,0
4845.61428334528,3189.37031600173,44,0
5413.0653245249,3968.37246238764,55,0
4371.09112064461,4781.76209390971,44,0
4021.8333252774,531.771504348401,55,0
4291.93261112459,4722.26304275366,44,0
5673.30867182732,3014.1015954495,55,0
4196.32349341039,5898.57446920048,44,1
783.276033849609,3382.12521686987,55,0
5806.90733860633,3308.50892720327,55,0
3667.69912713797,766.770132228418,44,0
1092.18061814263,4442.83177954936,55,0
4625.49953345634,5195.40163320572,55,0
2139.38803011932,437.266789080007,44,1
2154.419909272,1226.76514604454,44,0
2514.84460469391,1098.13904131877,44,0
4863.69169260568,1900.29464901598,55,0
1749.12024014339,5132.20234559474,55,0
369.480112638882,3767.37520539736,44,0
3364.98266511927,5416.88833470266,44,0
2783.10333758151,513.707940323697,55,0
911.093415902867,4771.77358990021,44,0
957.939283145724,3837.90072112135,55,0
4596.19166647722,1108.68705803974,55,0
2140.64690380328,1031.73858293582,44,0
5567.3345736106,1785.86058820068,55,0
5184.13116515174,3461.44569178515,55,0
5058.59384190539,4331.92903519241,55,0
3250.98869128719,5261.75491541603,44,0
5048.33636744218,2004.88994924441,44,0
4241.78480904849,1236.52016345234,55,0
5028.71352684976,3233.00217632626,44,0
1381.25980110995,1221.91846321216,55,0
4509.51322664322,5028.83822163706,55,0
2346.64638430526,4834.47714138647,44,0
2470.11434220946,5120.85998059251,44,0
4795.54810001601,1620.54850904872,44,0
840.005151519629,2644.19203546953,55,0
630.518759115502,2852.3102016378,44,0
4459.23141990985,1321.98333570522,44,0
4382.83232346136,4676.08957957922,55,0
2742.94283331933,1219.7258097483,44,0
979.474497242275,2681.91774072068,44,0
1190.03084895443,3837.35036590947,44,0
3712.65105961607,5122.25820386624,44,0
4216.0371179377,4956.88291089435,55,0
2518.64532642415,5329.16825039118,55,0
2373.26466333584,5960.08877783147,55,1
4722.38571903445,810.038613862242,44,0
4748.66810976425,4445.46239625814,55,0
2804.71295878623,636.867088271694,55,0
4868.34093428601,2072.37769319014,44,0
5465.67995336208,3633.04822512672,55,0
4455.49083411267,1214.91324688187,55,0
1907.18946961647,4741.52853197956,44,0
3622.3026157235,5064.0826192713,55,0
5242.95424048574,5062.1686434034,55,0
514.377780315094,3576.76174809176,44,0
2941.01092600532,5843.11736930512,55,0
5083.21016922437,2495.6672693926,44,0
442.684006566618,2507.01971108981,55,0
4810.02132820278,3879.14445611406,44,0
1596.77861155823,1456.03481113013,44,0
4022.48833004889,5494.78139040865,55,0
2262.87202637227,1419.63506264167,44,0
4694.50450681904,1940.64553145951,55,0
2646.20348753592,5138.77707740359,55,0
4998.00643903708,3848.45754398907,44,0
2890.64284981399,1122.16348626852,44,0
5096.34468736076,4743.0548458548,55,0
2044.19672356303,5629.94220632356,55,0
4544.47229376229,4036.90184165575,44,0
4417.02385179045,5574.72731203109,55,0
1943.63701815934,5026.98359857456,55,0
3802.38194208649,1247.38208682538,55,0
1278.10362336444,5022.15996644678,55,0
4697.93163432073,4832.67348165527,55,0
1208.99099286324,2848.80961066623,44,0
3522.35667863764,5077.7656918326,44,0
4525.64542637743,5247.61690729377,55,0
5112.65990608585,1141.26876606795,55,0
2452.87720876938,5455.08555285686,44,0
733.732276348037,4210.57466645078,44,0
4164.1796173085,1427.7019824486,55,0
5234.80232658201,3645.68717732611,55,0
1180.49056506289,4277.47045140172,44,0
790.348592454595,2111.00337120396,44,0
794.771852596511,2288.87627610871,44,0
5737.83197317963,2166.11158089318,55,0
3821.64215034725,5522.04279748923,55,0
5615.38643331498,3113.80388712427,55,0
1227.15385014126,1322.29018451837,44,0
1409.17430873403,1918.09301612911,44,0
3106.98823677603,5629.60165032725,55,0
1580.42085227256,720.664870682084,44,1
896.280180650817,2929.05531215799,44,0
3668.27716230437,351.333675055701,55,0
5117.47013527117,1581.42810378428,55,0
5690.01010224328,4204.5302308786,55,0
4814.88280682989,1996.950265472,44,0
2290.23547057061,511.168093317822,55,0
3251.85772058359,513.277822423701,55,0
613.429899247415,3610.61579221121,44,0
5278.87883041807,2828.51589006624,44,0
3005.4264327878,5118.41941533026,44,0
3831.14315521711,4893.58313850369,44,0
695.855560805441,3552.74287045268,44,0
3733.53171546409,5223.337525471,44,0
5189.35557683324,2790.2197614805,44,0
1560.64853081056,1812.44908193134,55,0
3005.60384042442,698.756220906692,55,0
4347.02329992809,1217.89013509477,44,0
3208.25475823141,973.569124328377,44,0
3911.46331129565,5454.46203765181,55,0
3364.62856737724,5528.15953980438,55,0
1634.70852910508,4787.27139607935,44,0
3112.85239440719,987.383468174765,44,0
1584.79420819981,2021.67830378849,55,0
3260.63764942509,5479.54519426563,55,0
5366.83053560481,1469.52198927093,55,0
1324.35921254179,4355.31198698268,55,0
5405.92008449498,2754.20550964051,55,0
1869.35699530682,777.702659615363,55,0
1920.869089276,5620.29293314451,55,0
3524.54129083538,5177.79852563409,44,0
5501.84211528413,3106.75995322532,44,0
5611.49036030439,2916.31231718437,55,0
4972.44886918723,2475.6455706116,55,0
4885.45539547444,4356.98078635881,44,0
1205.60000886383,2332.88642816192,44,0
1936.45048391093,1222.4354015928,55,0
4649.16423885937,5569.00448293451,55,0
2339.33936109014,1342.59250470216,55,0
1562.4926524049,873.043424726915,55,0
1110.82114976152,2357.15794326312,44,0
4797.99379372778,4777.56037546993,55,0
2224.54922510776,5283.95902353773,44,0
4517.65568694102,641.24417984792,55,0
4141.99624289454,1636.45488253825,44,0
2302.49108061621,756.527749353849,55,0
2114.27410610258,1322.68566515519,55,0
2076.43681130472,585.775433853255,55,0
813.062337439391,4480.96628634268,44,0
752.752100318922,2005.60858549092,55,0
5120.69351638515,5174.27906890701,55,0
3295.04181740244,1014.13122216097,44,0
4601.80694311496,4707.88370685928,44,0
4935.74445379531,2383.78864644991,44,0
439.502865548242,2729.30430575885,44,0
4298.33745596528,943.10172099487,55,0
4056.01778188664,5081.17246587194,55,0
5255.74605791583,2515.63370905402,55,0
3561.80432020189,824.373664535246,55,0
4978.00168696053,3528.68839858409,55,0
4210.29275506616,5613.35382770807,55,0
1252.54501772555,1708.98290884239,55,0
790.2378180708,4288.09428178848,44,0
3866.63777450058,5922.08644886728,55,0
5609.2489724789,2157.54859063329,55,0
839.890830789549,3682.13918805137,44,0
831.229010856264,1672.3194227051,55,0
4170.66905655317,1321.06456799408,44,0
4944.36428890413,2659.23258483534,44,0
5737.22746886404,2888.71822355183,55,0
2842.48354155187,1410.00153557067,44,0
1552.43256904435,1538.53758900579,44,0
3063.57657869244,1076.12798282296,44,0
352.978136948855,2374.06303702723,44,1
5251.40775135972,1517.60117853914,55,0
2744.59412219367,278.666327774586,44,1
1980.6245215238,5829.70095516315,44,1
2943.33139379614,4982.28298896148,44,0
3645.69804474253,1145.77178989857,44,0
2882.56012164504,440.426595015323,44,0
2007.74597238609,1307.97246619571,44,0
5452.96515120324,3746.19136003453,55,0
5015.11133997194,4564.26889073447,44,0
3376.38280831447,4860.21891970524,44,0
3925.21784192893,589.84822022902,44,0
2673.30664161149,999.285384019943,44,0
4618.52536502678,2352.86903616533,44,0
1388.86903457931,2450.30966744465,44,0
979.535972595176,5084.34404948186,55,1
2248.0261774254,863.510614565343,44,0
249.305930015785,3405.2272742138,44,1
3129.30720091903,5082.82141481938,55,0
5054.77953686466,1812.24429174491,55,0
1370.48784546421,4672.72752229256,55,0
3118.91250713833,5500.80961705709,55,0
5147.36339616565,3201.96130535278,44,0
702.916268238601,2343.00993841568,55,0
5085.89398081406,4012.38902525107,55,0
1057.30151253206,2197.68716343332,44,0
2904.72541319963,5416.50167378221,55,0
3013.54617469605,4790.55430899908,44,0
3164.07807032085,872.202916251704,55,0
4229.3706999086,626.690587657628,55,0
5155.59724431743,5287.34046630568,55,1
4836.6277749265,4669.10001325405,55,0
1384.59761615066,2009.70375814296,44,0
2828.62450422996,5254.13651752187,44,0
579.609141648154,2341.08847514169,55,0
2560.11810991714,5086.95549616065,44,0
4137.45842511135,4868.07023935358,44,0
657.994611180565,3336.89128674234,44,0
1656.57460302941,808.752562064314,55,0
4637.96990286343,4918.08792260688,44,0
2618.6533939217,915.744455819945,44,0
1439.26374913656,1011.98288328162,55,0
5218.19760132919,1635.0207552629,55,0
892.483080127979,4277.26287562391,44,0
5045.96540287753,3610.71911653598,44,0
5533.88467753639,3949.21666866782,55,0
5333.66830325845,2256.24058591919,55,0
5307.3813329148,4167.5224960673,55,0
4749.49684934363,944.392448514456,55,0
2155.30001503644,5657.96484111733,55,0
3935.68566704768,1130.04033284675,44,0
602.522724492972,3515.88948396287,44,0
3744.37389925901,561.821364042022,55,0
3630.15158007581,5806.91223616857,55,0
3297.08641626624,5730.1066321207,55,0
2915.3526380816,5526.89173057918,44,0
2805.79815976787,5888.46121337173,55,0
313.695688204789,3481.91305313276,44,0
830.79392197114,1790.83169722228,55,0
1851.25600264141,4665.50268380323,44,0
4787.61692125859,5082.85309449495,55,0
4496.59714929267,4547.1181720663,44,0
2418.32319360251,761.736832245382,55,0
5263.74724749005,3750.40765591942,44,0
1256.35724791114,3305.86891296425,44,0
2905.17258490689,552.104737208187,55,0
3996.81134425763,1035.82706164682,55,0
1608.77665666334,2299.68083970662,44,0
5270.71011380622,4278.82123479777,55,0
1751.09740123482,744.893104449096,55,0
4663.92081693751,1316.24507896154,55,0
2726.28428204151,5309.61156964796,55,0
4188.47426356371,829.288545290085,55,0
3887.67111473208,4973.66593801517,44,0
2202.92170998736,5393.66138494379,55,0
2520.40170293746,521.455179187059,55,0
5265.87092037397,2352.46762751498,55,0
1194.31927214358,5305.69573336584,55,1
1652.37178949811,4613.19457525912,55,0
1774.65903630536,1582.99812006291,55,0
4187.74104685749,5366.44724426744,55,0
4122.22833957052,4749.68191177888,55,0
1551.04248115272,4587.50522043134,44,0
3361.11380146701,474.624846073014,55,0
1491.40233672731,1611.55796757064,44,0
5291.66144513657,3983.32987656181,55,0
3439.60383371794,1201.22959118929,44,0
481.884451791759,3122.83856966707,44,0
2087.59690438768,5423.47784911598,55,0
5844.63121631935,2675.98988687255,55,0
4123.5632184387,5692.63689320033,55,0
4455.96232272037,1826.86649655993,44,0
5108.58400624073,3288.60625527879,44,0
4779.84602902301,3974.91937644615,55,0
4003.2949777463,5370.29596220548,55,0
3991.33817926758,4937.22857067232,55,0
3734.32995805585,5683.38359736338,55,0
710.096188454177,2795.02311069784,44,0
4674.27991130942,2165.99964814223,44,0
4891.51284870684,4153.08746808401,44,0
3396.52891601682,690.751890482827,55,0
3133.73272258161,4937.76415322875,55,0
5316.25960254401,4687.58921667007,55,0
485.298146642183,3793.40335260305,55,0
2407.08634470218,504.348313458308,55,0
1945.97142451258,4641.05721149345,44,0
4740.369237471,1534.8090828888,55,0
5633.33300679739,3391.47567603564,55,0
746.417849261859,3633.69130909584,44,0
2067.47844787282,4860.1754740218,44,0
1590.7326208452,1663.14053428887,55,0
3450.85797164077,5359.00731096418,55,0
4032.71140841401,685.610236894429,55,0
2056.33908271112,958.269538666057,55,0
1440.41670523859,1817.0056283236,55,0
4170.08639425313,5069.99563966015,55,0
4701.46003340423,1423.83500285629,55,0
2246.22599023246,4881.5660398572,44,0
4199.5240075693,4590.10624455051,44,0
5213.48333206993,2252.62356897355,55,0
5290.13059165226,3036.87730773695,55,0
4205.36195990224,1702.495336069,44,0
4559.43242704342,4466.182023549,55,0
2323.77280141241,1498.32546274197,44,0
693.78673717563,4479.9916302845,55,0
4934.66915419021,1985.52963332091,55,0
2427.17032387786,5025.14773431413,55,0
5689.95399675227,1795.88138883712,55,0
277.395303335463,3204.221654781,55,1
2469.57116544425,6005.55620393136,44,1
1836.41309543013,1017.99418637049,55,0
3590.33406319744,1361.07055225431,55,0
3823.5966164874,737.859372074838,55,0
3292.17443935747,6071.01001151439,55,1
4681.82334040776,1802.13846454041,55,0
1059.88200659967,4117.73998862297,44,0
5714.19397946159,2053.05327716882,55,0
5014.61203696762,1082.58474874868,55,0
3870.12975032611,857.84864769782,44,0
928.26208555415,3211.01241627965,44,0
3789.42387360236,931.999731322495,55,0
4705.78506085572,4043.78369638561,44,0
5737.31275811505,3109.75083955767,55,0
2268.04948752567,634.905655067866,55,0
1387.57886205183,1641.55158821111,55,0
4478.29725403887,4639.46946276849,44,0
4413.96014271365,591.493455248984,55,0
4790.98693297648,4559.6851528605,55,0
3958.5979610262,919.352905757518,55,0
747.35766106365,2474.51696748834,55,0
3809.02780185042,1357.36442835914,44,0
5272.82347626678,4390.38706953235,55,0
4145.42682598205,717.687452331546,55,0
3643.45504880397,4952.10087140738,55,0
5407.95927853143,3473.44419189138,55,0
2149.42282685195,883.755185964627,49,0
4336.80849908693,5160.01308105706,55,0
4184.74701788163,953.197913808008,55,0
5175.95938980917,2689.44893455592,55,0
4021.79124037886,1296.11173530003,44,0
660.915029906567,3689.51956986771,44,0
2988.0761672336,842.486192211548,44,0
825.491582445538,2392.24805531021,55,0
4744.9085488964,5204.7540363223,55,0
5932.78671588493,3332.97737909708,55,0
2041.06244867317,4473.67159096433,44,0
647.139121171631,2955.93620361344,55,0
440.400499897504,4102.63275647142,55,1
1587.18654972234,4703.03003975821,44,0
2428.67452501344,1302.84266130154,44,0
836.960127448464,3831.34325034067,55,0
1776.16906902239,5013.96044823521,55,0
4305.66494334219,5373.20565293369,55,0
3496.70080378561,712.264062253172,44,0
3954.25951553221,5835.69762208618,55,0
1703.82554809191,5453.02838149559,55,0
4016.56479474903,1702.6963188564,55,0
4498.95713029223,4236.09894499654,44,0
2267.94696309242,4786.30989038975,44,0
4535.0970704027,4915.76744349724,55,0
3171.3250876478,5194.11491507476,55,0
1401.47353516672,1432.32257237879,44,0
862.857669011699,1562.85794402863,55,0
1419.70865669343,4262.93700862235,44,0
985.585191615308,1561.35497981555,55,0
2941.63953259145,257.13679790827,44,1
2531.53055420566,5205.3613741964,55,0
4826.94591372068,3657.45390271493,55,0
2667.79377816677,5643.79842696549,55,0
2993.40385437451,468.200962796616,55,0
2169.04829731723,1418.18757903831,44,0
724.858455490967,2191.3979085212,55,0
2184.88767876373,767.752619234092,55,0
980.839061327762,2376.53113373862,55,0
4275.17307136087,5722.07465451013,55,0
4571.39785788145,5713.38044795474,55,1
1828.23893159829,1254.88129738122,55,0
346.138667068166,2788.93462938579,55,0
3235.10013728767,792.489034764356,44,0
1718.36818976582,4514.37289092709,44,0
557.273308650874,4004.12839132989,44,0
2286.6813562514,5191.18299826078,55,0
3530.13247101229,616.27338464648,44,0
4987.72482399912,4143.48657810472,44,0
4775.0178311695,1726.15623010336,55,0
2582.23056314752,1171.30718054457,44,0
4604.79234585652,4226.07934763779,55,0
4117.28658533538,4638.79452722454,44,0
1531.13980358892,4280.59534769483,44,0
3506.43352212521,5684.86954218584,55,0
3432.53610059306,572.69075914474,55,0
2637.18139435245,5026.56218398815,44,0
5939.55500672609,3024.56037171844,55,0
3843.69835924784,5645.65022672898,55,0
4479.60213887332,4745.58476951496,55,0
4429.01066364311,1623.52732392536,55,0
2133.84718605803,5032.55679380419,44,0
4320.15909825548,4876.59365103311,55,0
4875.0293320609,2809.72385642098,44,0
4293.90398884093,5847.29043989364,55,1
2248.23535240249,1081.08634259065,44,0
4036.51304999327,1147.57310971132,55,0
753.936654378877,4379.71090717699,44,0
2182.87343923552,544.312353069574,55,0
5024.29714894553,2312.89833341536,55,0
3108.83381581714,4725.48430314156,44,-1
2551.38397688939,826.061740796164,55,0
4482.6584480814,1518.20215352607,55,0
1426.63509632725,2230.15228632192,44,0
1988.08229764331,4812.76069883276,44,0
4009.93354139966,4743.93251125295,55,0
1095.09054125275,1840.96107776916,55,0
2667.38749393933,519.340329657507,55,0
725.805276851987,4694.20338512141,55,1
1869.85905474204,1537.29874955243,44,0
4480.566847764,1915.78184620562,44,0
538.418955238652,2787.53074740563,55,0
4781.98022475638,2138.68028822436,55,0
2532.85093589384,1260.53267148217,55,0
3634.59049196176,601.325892041406,55,0
2868.24518045901,1023.98871497281,44,0
1909.19824785774,1440.83624628817,55,0
883.712185357096,3128.13174786428,44,0
2845.94207887501,1212.28828699396,44,0
2909.65300735008,5189.95710702198,55,0
4527.8318006821,889.689754830449,55,0
1660.33563427861,5057.34056958183,55,0
3956.38134472694,1225.28430216433,44,0
3882.3865040276,1691.97324903341,44,0
2752.70027679332,4960.58437263994,44,0
5038.43674654984,3704.21536025812,44,0
847.67724523631,4919.45498724489,49,1
855.594797456773,3287.97820969914,55,0
4626.33622624562,3966.75116699492,55,0
751.126707791067,4577.09884810638,55,0
941.015029049229,2586.82348961363,55,0
5095.19309260056,3019.80589653637,55,0
4950.84860774814,4266.02203550972,55,0
4637.17751747945,2081.19826038038,44,0
877.864459840975,4387.18537472933,55,0
1464.38185527032,5365.27883145369,55,0
5006.07018456078,2200.5609084965,55,0
953.810413781584,3650.19732906622,55,0
3962.03153143656,794.488518430838,55,0
1356.62907695797,2537.20926682416,44,0
4952.05442244242,4964.07737281937,55,0
4777.59813856013,4336.13364309112,55,0
3279.85038073932,689.4920616718,55,0
2451.84892583767,5570.74432379233,55,0
2054.43295959749,819.832401796876,44,0
4201.71092979226,4685.54700362678,44,0
5950.27725364438,3461.96203478857,55,0
291.710346126772,3707.12443489985,44,1
2670.38270480223,4833.27023736197,44,0
993.851580933912,3127.97088732946,55,0
3510.1818116786,5811.86870510865,55,0
1018.17157050752,2516.43411703013,44,0
3368.15446164378,914.496425645069,55,0
558.102343335871,4101.57777763119,44,0
5197.64047635235,3351.53521886679,55,0
4301.30565626226,1654.99704343724,55,0
4854.05030012799,2463.45582167331,55,0
3437.52992227822,5237.85180092037,55,0
828.968077748362,2840.32759998313,55,0
2403.23404531408,5235.15399240054,55,0
4182.41774118494,1138.93139617748,55,0
6021.12159569343,2936.41146444988,55,0
3637.18185882188,4745.0623110574,44,0
2122.08794079004,4531.41729366053,55,0
2646.95038108648,1257.2980107933,55,0
5312.09369094487,5154.83958070682,44,1
830.686891599124,3045.27219693723,44,0
1711.46533183159,4707.59579642421,55,0
1717.76220540299,1278.53421213841,55,0
1084.63695384135,1498.34396024707,55,0
2815.66995096246,5493.44848646922,55,0
2863.34381981799,844.682312218214,44,0
4597.53113815037,1686.96939623898,55,0
1252.34971610938,3580.66988517212,44,0
5070.56154985323,4456.59507406307,55,0
5923.99660375815,3703.31903796121,55,0
695.304990484314,3124.46891982866,55,0
531.932780328673,3222.88996164708,44,0
1350.6365644355,1525.12050407712,55,0
5306.29583132015,3370.79857455279,44,0
4580.89035871567,4814.23938618685,55,0
4747.36090539059,3571.8189907024,55,0
2255.87335511307,1203.03859193022,55,0
1280.13349176567,3991.4445175638,44,0
1582.8282631191,5380.46883129715,55,0
4977.21758435996,4396.75185159606,44,0
703.641584186009,3853.58707733141,44,0
2424.66700968907,1064.27044431415,44,0
5285.5194093466,3163.01480345354,55,0
2005.3637197271,4562.51932859019,44,0
901.961444949061,4109.5510238466,55,0
2599.58830300436,617.401019998606,55,0
3449.05249749543,1099.89641842095,44,0
3347.22412625717,5304.8580813128,55,0
869.376326912234,4605.83326184622,55,0
962.64207602468,2222.82718354239,44,0
3688.86628402241,963.187992688085,44,0
1993.96469554469,1525.05236490369,55,0
2823.06299586573,934.835658486576,44,0
3199.1299267326,1182.15768707661,44,0
3422.30151648911,1007.39023106516,44,0
1071.6240780275,1633.66022120111,44,0
2081.14829967302,5759.41685684943,55,0
1702.65976285764,1485.79120391576,55,0
1214.43243669039,4586.90929347501,55,0
5748.36685716639,3800.61722131008,55,0
899.341588965672,3459.51156892788,44,0
2876.09182452494,6077.2306642599,44,1
4734.06192024961,5490.41579238744,55,0
3322.22503360989,5948.7974333728,55,0
2840.15620726994,334.343324618061,55,0
1249.37996857651,2129.5865434741,44,0
1747.86653206877,875.746965487305,44,0
4892.67040788153,2170.47366219657,55,0
2742.53413819492,5069.63332762065,55,0
3900.48723569987,4722.80211100283,55,0
3661.8297355155,476.663714429421,55,0
467.388568151988,2391.30764156188,55,0
4561.6430517128,1800.74940255539,55,0
4973.77579636998,4040.09270488274,55,0
5169.13102273752,1243.72125014851,55,0
1640.04230307431,1072.04517822264,55,0
4942.48327987022,3748.16255308823,55,0
5510.48119899533,2810.64441287836,55,0
4263.94670980886,1471.40763499741,55,0
1490.93289034147,1715.09350686905,55,0
2108.06356038555,1503.65395102583,55,0
2341.83022241892,5510.29580232895,55,0
2705.0113640864,1360.61782351391,55,0
793.611750687858,3194.43568271322,55,0
4797.52965004158,2249.42942517655,55,0
3472.70947599129,922.51044759112,44,0
1856.70096973212,895.612134790733,44,0
1174.18929400568,1424.17739111346,55,0
4090.14211464117,5296.39895397674,55,0
4900.81669363197,3847.37721014378,44,0
5127.88772859459,3667.20755960909,44,0
4305.02813308432,4584.74143199311,55,0
1587.19608884378,4086.92697720607,55,0
5076.22022003294,3793.7246353056,44,0
791.228789162056,3494.72585295292,55,0
1846.80511154056,1140.46086529876,55,0
5289.22268374583,2724.72434514419,55,0
4672.03605317437,4313.08612673392,44,0
1081.65686630229,2716.75678341439,44,0
435.468413115883,4208.45609261065,44,1
4511.82941629565,5366.64172825439,55,0
3735.11811744347,1165.45488406726,44,0
4109.19543840343,1050.65165504474,55,0
3628.95134559541,5185.14356604772,55,0
2595.27503605486,4778.78012172638,44,0
916.110669708483,2472.14723502609,55,0
4281.83942485081,1986.07398906963,44,0
1081.02527359547,2445.03524516227,44,0
1327.62462913453,3519.37972126021,44,0
2811.72793347025,1534.88409729142,44,0
3067.7064641261,5192.7858735553,44,0
2548.72339182788,4989.74586636377,44,0
4425.28243166295,4464.7644330595,55,0
5118.59853746127,1704.66240911382,55,0
894.927545922582,2748.56337648537,55,0
3832.40134011192,1125.61329042937,55,0
2168.82877112526,1129.76823683597,44,0
3447.83873569426,811.907095191842,55,0
1199.95538748545,4378.61525628612,55,0
3326.18137703763,5187.01184713859,55,0
1400.14830597112,2325.20268517172,55,0
5460.12855810887,1566.11156293708,55,0
5855.80419498368,2504.55317951512,55,0
2897.24900006742,5961.89368794062,55,0
2559.14208098132,5721.28996211781,55,0
2950.76523106846,5715.46475571382,55,0
4371.12378760116,1744.97047501414,55,0
5383.07930443704,2865.35360231686,55,0
1737.49412760487,1388.36706885278,44,0
3754.56500988743,5807.90248561934,55,0
3741.3148123495,4913.08617045545,44,0
2129.84504406152,5537.518084998,55,0
4946.58689553914,945.329678267028,55,0
1264.64868576361,3901.2425135629,44,0
1496.4965064416,2470.81775854375,55,0
3064.296016282,900.490594156487,44,0
710.021184853059,2670.97270412558,44,0
3615.11975609545,1039.7521272953,55,0
3086.03129025091,6092.03000307843,44,1
5016.13981887939,2578.66505733727,55,0
1038.92899117713,1731.13100946783,55,0
3648.57565278813,4631.68517384889,55,-1
1943.63778924896,982.490600030743,55,0
2425.02402096088,964.280576724462,44,0
3359.67440541606,1083.19886762496,44,0
1162.15811958419,4155.88722400324,44,0
2733.88847110472,5745.15058212948,55,0
1184.90328949818,2031.50730651444,55,0
4838.16224910781,3279.55109464934,44,0
4201.05572890245,4465.03422711677,55,0
1363.82634422973,3884.44236192069,44,0
2015.39357463199,4381.55111989002,44,0
2352.52849551123,879.49565006173,55,0
3334.94513298956,797.47678979816,55,0
3613.34061430483,5496.87182476566,55,0
3562.90875983067,5387.38920107294,55,0
3946.31455694927,5709.70308849303,55,0
2764.66432382995,1014.56575552775,44,0
4976.0739432457,2849.49159049693,55,0
4862.20419551568,3552.41948610134,55,0
3883.72457317974,1013.75620676631,55,0
2350.57477836522,1592.24114191336,44,0
4820.88877927799,2359.47388621442,55,0
2676.4110986476,837.210589427858,44,0
3410.59967138015,5747.32902660582,55,0
3808.67303744553,6018.83147553318,44,1
3173.22739081428,1075.54839263637,55,0
4487.04885789032,1722.97815622417,55,0
525.804615613265,2928.92131538796,55,0
5023.1508783815,3335.42793868654,44,0
1520.85771582159,1907.73709897823,44,0
983.705218788012,4856.75847096774,55,0
1236.44697417278,2937.74382603078,44,0
315.162914285916,3316.66770236676,55,0
667.68771543054,3950.89995504298,44,0
1643.83138129251,1362.47081560351,44,0
4072.48786512352,818.146478800968,55,0
1282.3215155719,2670.27123633247,44,0
2760.26073447018,1453.42004854007,44,0
4393.99782849673,1417.07443106919,55,0
799.168422141428,2957.65536130646,44,0
4392.35326114209,4227.68849955585,55,0
5136.1556606248,2585.22784193468,55,0
1591.23059014519,4889.61273738668,55,0
4578.42512915868,4325.46203903779,44,0
1182.09779321741,4052.29521093129,55,0
4412.65567671134,911.762756200156,55,0
2355.6341508299,1238.84815536058,44,0
4101.7207832741,4969.07869628222,55,0
376.844206893802,3052.32128457163,55,0
4701.14671873518,2734.03959532497,55,0
2528.27100616603,967.299829347773,55,0
786.294579556078,2737.22273143576,44,0
3392.1126835574,1295.40671639696,55,0
3544.64659241296,1135.89325327568,55,0
2096.32266645035,4755.76845691215,55,0
2673.65026463315,1130.04455231633,55,0
5163.98983065234,3754.04645324172,44,0
1794.27018703986,4785.47791997475,55,0
1626.83116655172,1918.28552694372,55,0
4911.37130164718,2281.47750113529,55,0
646.204226364421,3231.00969872242,55,0
2197.31657878808,4715.96665241012,44,0
5058.04413899526,2683.93546359217,55,0
1012.81557208385,3277.91272850718,55,0
5045.71611236946,4222.83294640483,44,0
4985.70119175696,2959.54121089094,55,0
4745.33677522396,2448.37749754662,44,0
1277.50192024018,3124.7488198206,55,0
2940.23247106939,4868.60100880236,55,0
1246.18048447117,3684.40552451152,55,0
5091.01955268826,2904.20391480318,55,0
4486.18482771886,4372.46938769992,55,0
849.573057572632,2200.25502453187,55,0
5850.52889744417,2804.40874248318,55,0
3594.66723459767,1242.05242121761,55,0
4069.9600247193,938.766492359536,55,0
2343.69880042997,1131.08624500362,55,0
1215.90986253746,2215.9085939517,44,0
2394.45339178301,4748.28864934324,44,0
980.57549802046,2029.92519111546,44,0
3343.75236701144,4963.52965846574,44,0
5253.32785263185,3545.09007847764,44,0
3908.05824207385,5149.98952720665,55,0
5973.82928294023,2830.6171859827,55,0
1059.41770796902,2614.94112375513,55,0
957.574168387819,4007.26443888989,55,0
1140.25797180311,2137.01118301985,55,0
1108.77570768978,4649.37890502333,55,0
2203.18416771774,4612.10477133017,55,0
4000.24183552229,5950.50180276015,55,1
262.463955976448,3089.19225179092,55,1
1523.88374358357,3995.02905263792,55,0
4109.79323390074,1236.40109659829,55,0
4578.11417940574,1904.00368419629,44,0
4265.19058202585,1353.06556413986,55,0
1304.96783037223,2871.68207231325,44,0
2664.92427743896,4931.05215727923,44,0
3478.24295329305,455.045032796341,55,0
4050.54429176271,1588.02489198327,55,0
2078.52626524009,4641.18771127303,55,0
4717.49845786245,4211.68739651462,55,0
4918.6124918677,3353.4940651877,55,0
4832.72515680153,4236.85918991659,55,0
4894.36411779215,3953.66728396109,55,0
2045.09904112218,1661.08623611992,55,0
1495.09397178933,4197.18327916775,44,0
4747.93044216644,3228.09468161423,55,0
2928.54948471159,933.43967333676,55,0
4597.12247607258,784.038430313774,55,0
3285.92617295252,4887.36524335113,44,0
2586.15961007077,422.929858360212,55,0
2164.24667108834,5912.44616603029,44,1
989.675923749296,4318.69821907965,55,0
3890.49932591017,1416.94449725722,55,0
987.540860579681,4627.0979558391,55,0
2805.60301392847,1308.88060314819,55,0
5094.81819813299,4123.38434719141,55,0
3948.82278283286,1514.93282837012,55,0
2977.62629627823,1175.77537612287,55,0
4228.20704197535,4801.72471546694,55,0
2049.93474685191,1209.77211018167,55,0
2263.28343083297,5948.60856161658,44,1
2739.12719910809,395.267152496368,55,0
4899.01760889789,2569.09314046835,55,0
2761.66888473646,4845.16497556421,44,0
1884.32618044323,1793.81082759,44,0
4944.20141366145,3634.73348280363,55,0
5000.31316737778,3940.78153253551,44,0
1769.20184609201,4601.28923970399,55,0
4108.16835605431,5942.39498089103,44,1
421.258060962995,3251.91904947917,55,0
1412.15182369553,3960.94448340792,44,0
1457.09497965834,2577.99461031043,55,0
2258.24370979384,1627.83990244433,55,0
1173.10831815846,2654.94873477466,55,0
4640.34618399995,4121.12344062473,55,0
2627.29614524629,738.119099184953,55,0
971.551068340611,4199.12656476963,55,0
4351.43193125757,1547.18645694654,55,0
1019.65131614275,4739.18163376601,55,0
3189.6807231015,6095.01141326772,44,1
2146.46864490572,4928.64039293627,55,0
1845.81698973852,1688.37311860775,55,0
4713.21209062658,3671.57607746804,55,0
1360.68609125185,2136.38205411462,55,0
4729.2641588874,2047.40026681949,44,0
1008.51211659772,2932.10975532295,55,0
2333.85494249498,1011.96255517924,55,0
2042.50238498453,475.285226205113,44,1
2448.29051169087,1177.26792545383,55,0
1787.17933218237,5740.88280073743,44,1
3193.32887059549,400.147009369479,55,0
1835.81912993029,1871.56934129401,44,0
1083.55311548756,4233.34113522205,55,0
5187.4326717398,3093.76963672702,55,0
2222.17280734133,1514.02697564103,55,0
3951.8202403737,1623.41009959162,44,0
4589.68046327075,4599.11446262014,55,0
1094.0936745675,3192.43654021457,55,0
2325.05637695845,4940.07400394327,55,0
4095.0196351455,1762.35292178016,55,0
667.233259327039,4057.56453308043,55,0
1886.42754179373,4849.98613014637,55,0
4804.57614877367,3104.41616349302,44,0
4227.25713196039,1899.03230154666,55,0
5071.70411359502,3133.02179256856,55,0
1377.42729804299,4169.45091423455,55,0
4274.03999945083,4223.36006248639,44,-1
2397.38903228857,4638.54848564656,55,0
2840.04821029505,4902.72731352623,44,0
304.112828038726,2678.66784124432,55,1
3034.58501181285,4905.73421496953,44,0
1366.76509620615,4057.19214138581,55,0
3019.87067015502,987.158075081653,44,0
1887.10053097403,4563.58093648538,55,0
3925.90215890809,4620.46619525111,44,0
4800.84291799468,3374.32545110364,55,0
4069.68482925513,1890.44094535227,55,-1
3642.52869683229,4841.05097779025,44,0
1298.54312636191,3802.59187028862,55,0
2224.40281960191,1316.04538128003,55,0
1307.4383853779,3225.74948436393,44,0
4259.94401949603,1788.34507547029,55,0
1023.80923321832,3741.23784401361,55,0
2226.44531468643,5094.93331792008,55,0
1473.07855883688,4096.81601885986,55,0
3735.59993759132,1056.56088157886,55,0
1938.41534943635,1622.69483472381,55,0
1255.16543890575,2570.85305732717,55,0
1268.89322768643,4126.45566957434,55,0
1295.7341872095,4458.16742021398,44,0
1767.44699032323,4212.87049040046,55,0
3089.58660750398,1182.60158334142,55,0
1164.40958030025,3937.2860502969,55,0
1333.57901976752,4560.63586187096,55,0
2037.07855966201,4290.44050095578,44,0
2731.06158672974,920.929849260981,44,0
1296.87879367037,2038.33017276566,44,0
1786.34842407325,2101.82510678042,44,0
893.893428217538,3924.21209352895,44,0
2516.78885266126,703.325701236972,55,0
1178.92069201728,2424.43150357019,44,0
1141.35683338984,2531.41357241567,55,0
2347.01148182389,4459.47869395969,49,-1
4826.88723674774,3765.23769834584,55,0
3991.81065277193,1389.60475301777,44,0
1967.49350215598,1736.74968714542,55,0
3536.29929512248,4970.75879645715,55,0
1147.31609626141,3291.19218347194,55,0
4933.30591018445,5504.69721841786,44,1
1703.77137605463,2022.84987323873,55,0
1733.99119319825,1877.74038596708,55,0
2433.38791693381,4904.2633754164,55,0
941.29563095358,3025.82044193355,55,0
3079.2940356328,789.957100642373,55,0
1620.71564548225,4513.74413214256,44,0
4673.97453910615,5680.95569953676,44,1
1065.68950215066,3376.75042446816,55,0
2026.64862039357,1414.27546395157,55,0
3219.10287539141,1490.16289007474,44,0
4714.16858377914,2365.21867588365,44,0
381.458582486967,3998.7754240073,55,1
547.616222955757,4225.03149380524,55,0
3919.02091715803,4840.47797305458,55,0
1780.38098405555,1779.18119623354,55,0
777.635576410648,4111.86016832852,55,0
4489.77536539463,5781.90493839377,44,1
397.68650372723,3664.32338083425,55,0
4124.1735878836,4526.93348017532,44,0
4021.49310141261,4586.63318791586,55,0
2506.09581152097,5891.79900248868,55,0
3696.91502480701,1255.15520127414,44,0
4702.89453179446,3122.82101323034,55,-1
1199.17992588346,3022.60878969247,44,0
4312.34741620916,4436.13300486316,55,0
1410.68606728501,4866.01093352218,55,0
4667.92356023314,3440.60969749267,44,-1
4948.35994434525,3152.93090715983,55,0
2842.27684120564,5009.28612964899,55,0
4562.36263191632,3795.44667141679,44,-1
4892.91041096281,3063.79780447697,44,0
4639.6962391323,3595.3937221403,44,-1
1102.75480129506,3653.11299253542,55,0
3433.24937841082,5125.54243184385,44,0
4783.62991443378,4115.51622365892,55,0
1065.79245374263,3036.13278309423,55,0
1370.11617995464,3708.10382118406,55,0
2161.22216422257,1679.60776876614,55,0
2572.0550300371,4683.56619107749,44,0
3436.37717373568,5018.31253553268,55,0
4397.56187814848,5826.25617918984,44,1
1453.58303344472,4358.47949068469,55,0
2661.11804909779,4704.80198342398,44,0
276.701364475176,2882.78563005551,55,1
4053.92031521381,1469.32685362762,55,0
1567.96498426191,4378.80475127409,55,0
543.282525552761,3329.28826598771,55,0
1289.24323812942,4250.54180315632,55,0
408.465983810083,3536.44575025998,55,0
4356.09782190527,1860.25157909962,55,0
1412.2944189364,3798.8240815839,44,0
2565.82583261114,6030.25963090382,44,1
2067.89986129025,5876.22304445052,44,1
1803.1150004494,1463.29027998695,44,0
4433.14453208852,4061.44254154029,55,-1
2578.53440260745,4884.55825202822,55,0
1526.9560807656,4796.8152347768,55,0
4641.38663376704,3746.17211486563,44,0
4724.77835110399,3812.25114891365,55,0
3339.48876387528,1190.255742018,55,0
1150.63797213628,3557.33853734512,44,0
1353.17850799575,3607.5819018663,44,0
750.683653729796,3754.40057932276,55,0
3268.22401486031,1396.26806205701,55,0
944.518782657343,3366.24559164217,55,0
4471.45346954316,3972.42392753839,44,-1
1369.38521411401,2630.08377072621,44,0
2654.27036441125,5443.61257600543,44,0
2114.33764164939,4351.20787936978,55,0
2226.68301968644,970.497127799727,55,0
3153.3259097335,1279.97667425351,55,0
1078.66034072268,2045.75826946493,44,0
4450.79303612072,2274.35669073628,55,-1
4791.9186657101,2599.60899988002,44,0
1320.72118995934,2242.71062077985,55,0
524.083876759627,3680.54828847457,55,0
3041.1557060761,5014.01933339954,55,0
1811.29940155924,4488.99453959043,44,0
1459.45879177895,2090.40264204897,55,0
1044.13348906688,3920.09750535531,55,0
1219.67164334365,3491.19955482318,44,0
3231.34250976687,4983.77309277989,55,0
4990.25426039483,3061.39570718357,44,0
2852.65470624981,4794.04437223508,55,0
2915.71404985115,1280.88126840109,44,0
4260.2409704848,4335.23361868773,55,0
3486.11223420103,1373.95710324594,44,0
3206.79519240544,4712.06685972211,55,-1
1127.25025319934,2941.45026976151,55,0
3497.0349139358,1276.16541301745,44,0
2295.23091496057,4678.3950115622,55,0
1665.01956735275,1768.36512743568,55,0
4507.9719686275,2372.89669816764,55,-1
3733.91355432618,4816.63577905246,44,0
4374.48313258631,4338.83823508605,55,0
2613.38881526561,1573.99749838919,44,0
465.804008364785,4300.79098011001,44,1
444.336434590966,3904.85540400493,55,0
1097.9907556938,2829.84303248093,55,0
1930.87393355649,1883.72585475436,44,0
1170.6097647318,2755.52711575996,44,0
2173.32578457467,4434.71965246376,44,0
3707.18605278804,1364.44109836705,55,0
4709.12403427785,2917.18133225689,55,-1
4161.8044094497,4325.17919933593,44,-1
4879.66817908769,2913.05812244437,55,0
1932.35337416092,4453.7008676177,55,0
3004.1882078666,1282.74197957424,44,0
3807.86741681622,1618.33832190402,55,0
1406.19462781328,4466.6781730699,55,0
1282.52514323335,2460.39289735785,55,0
4469.61636083837,2072.30445956788,55,0
2071.32683124689,1768.11557793012,44,0
2595.02934691252,1360.58372167287,55,0
334.119811707554,3908.99289172957,44,1
875.333344973409,1993.57972562066,55,0
1519.55886045533,4488.58851709774,55,0
571.291462578538,3896.24113794463,55,0
4037.39784520999,4470.5002101489,55,-1
400.217170171564,2941.14089575589,55,0
1368.02716141967,3331.4965980325,55,0
4089.52618683841,4381.86600883254,44,-1
295.953913977227,3600.8096369129,55,1
2433.99886430084,1538.52843054655,55,0
1555.05841631182,3894.85449780692,44,0
2654.22457135762,1462.66254435333,55,0
4563.42050700207,2271.67205551022,55,0
2784.11449645081,1122.76451343198,55,0
4759.05786376345,3463.93018469976,55,0
5079.04018603268,2791.64483250555,55,0
3750.97168474094,5022.49843900505,55,0
4634.46704556059,3858.6779536943,44,0
2310.59051166475,4566.8389919367,55,0
4389.54280767741,1967.90988044847,55,0
1572.21899321818,2132.28290913231,55,0
2235.56874091629,4502.47056079208,44,0
435.060001017449,3387.14061938343,55,0
615.216217569606,3788.20440803081,55,0
1601.28380936255,4199.06095180594,55,0
1459.89926481532,3877.98271698752,44,0
1178.64025607688,3397.51955317907,55,0
1040.89998834615,3562.82937639038,55,0
1996.29468404916,4195.60869687544,55,-1
1404.50318408795,2877.19663240582,44,0
3373.66949297364,1402.48860643525,44,0
2539.69846706475,1502.76631970638,55,0
4931.94235583267,3255.79241038821,44,0
1209.14724411467,3203.33199214549,44,0
1799.73756384438,1966.17281458998,44,0
3023.74425460243,4692.58953844504,44,-1
1929.57683445201,4350.12482839726,44,0
3981.74615370011,1826.44800249916,55,-1
1478.77609269408,3726.9007749949,44,0
1305.65649662501,3019.77540945195,55,0
4683.24112602939,2269.6247313734,55,0
3640.43508547168,1679.53402051279,55,-1
3479.1973408966,4867.68558118979,55,0
3741.92822551918,4591.44417113468,44,-1
2940.32552151951,1383.10834374141,55,0
4525.885371699,4138.14315433638,55,0
4364.22241829969,2069.62438765532,44,0
783.079899566477,3938.11940547127,55,0
1855.66171014408,4280.6284708256,55,0
1679.11238021646,4418.47435803147,55,0
1301.99123916948,2363.67995805585,44,0
1576.99010149059,2396.21158557584,55,0
3008.47353800601,1473.04406528827,55,0
1506.91897551954,2313.45402616962,44,0
1464.98844323609,3381.4855227505,44,0
3263.75599184231,1281.48291239464,49,0
2958.3492792431,1599.60730324768,55,-1
4364.60328804847,2169.85772496966,55,-1
3311.54771366081,4789.98672424016,44,0
4819.84358265365,2727.24667099058,55,0
4812.0045888605,3003.80405869696,55,0
4695.85581515893,3328.65667209321,55,-1
1808.86671843812,4386.31934958917,55,0
1276.00233234829,2773.42245983521,55,0
4558.70294487515,2153.61589155282,55,0
3066.08858904147,1358.38236944341,44,0
3536.08885372694,4768.6681855439,55,0
2393.20341319808,1439.83648740246,44,0
1454.52235234886,3640.49276874525,44,0
4357.31766839609,4128.28358860759,55,-1
2942.16220109401,4734.04214282328,44,0
3444.44085472511,1462.61804348033,44,0
2904.86884276993,1497.31285670751,55,0
1860.43790234576,2280.42631622591,55,-1
2532.99505255649,1617.01243752481,44,0
1397.46369997415,3453.83820878973,44,0
3804.77655579704,1501.3548183014,55,0
1695.95729208055,4127.63921344178,55,0
3549.45643317918,4650.52663493066,44,-1
1559.04291321517,2554.13618651165,44,0
2498.03896711898,4804.93700819978,55,0
3196.48032190302,4832.93400526739,55,0
3509.08158787991,1542.89292472051,55,0
3732.68827136922,4711.36608704876,55,0
4568.82486638059,2007.86021817128,55,0
680.022765225305,4307.80074973425,55,0
1960.73206082069,1975.21457926532,44,0
1525.80066164653,3808.48545453496,44,0
1629.2792593517,3990.04735325369,44,0
1799.89657906428,4112.10190311272,44,0
4536.9544809683,3894.00500622506,55,-1
2716.71536343335,1560.53995994496,55,0
2758.54584544944,4738.73843809029,55,0
1887.14159059137,4167.84681702529,55,0
2483.89883402299,4700.89923332432,44,0
2103.49367541725,1890.99523065722,55,0
3697.74742316242,1480.23822133298,55,0
4683.72469886854,2532.91480352146,55,0
3744.98260747588,1715.85315071675,55,-1
1557.83192597215,3538.98150815844,44,0
2488.04529385227,1396.31387269213,55,0
4141.13373383699,1962.64530922237,44,-1
2013.50080057361,1837.18059244217,44,0
2729.18392453144,4637.4306200341,44,-1
1693.0834778604,4305.65987244887,55,0
1104.39186667398,1121.2027761024,44,1
4250.15500699863,2076.28958217357,44,-1
2342.35373784415,1703.42264343353,55,0
1392.47627729729,3125.03717953429,55,0
3159.09560397476,1396.66311463903,55,0
3234.00765349415,1589.26138326743,44,-1
2410.51492156424,4532.25374152615,44,-1
2845.40289098742,4667.7499359778,44,-1
3835.5100409103,4557.66309324074,55,-1
3816.12114399674,4653.4441390528,44,0
1648.74096639014,3584.19111754708,55,-1
1867.05740528562,2049.04204069233,55,0
3318.67754207697,1496.9993140755,55,0
1446.61138075983,3538.31859529449,55,0
4569.9344212436,2508.10736241938,55,-1
2439.01814520776,1651.60652836299,55,0
1728.70363021737,4018.23479304674,55,0
1421.99068868792,3017.73354531758,55,0
3332.03797101766,1612.2219209904,55,-1
1865.91814251181,2158.72211926906,44,0
1777.43728662898,2198.29944301405,55,0
1544.04641068106,2646.25832838891,44,0
1297.25406894375,3421.88464717172,55,0
4671.28523091175,2834.44611845192,55,-1
1420.42543049411,3230.02291795302,55,0
1458.93661584166,2683.70580439099,44,0
4649.90903942207,2440.46288229777,44,0
2271.90698616881,4379.52477508345,44,-1
2246.39787138064,1738.8702697189,44,0
1700.6581266294,3911.76168142008,55,0
1605.40204548288,2892.04991055703,55,0
1718.13148790676,2310.43997155474,55,0
1395.47874541929,2766.22155191307,55,0
1587.53932378685,3725.16438008108,55,0
1806.87652602149,3937.33042963188,55,-1
1960.97637731895,2118.18841313634,55,0
2502.01941308662,4554.94491106208,55,-1
1623.52212951574,2998.53872492325,44,-1
3459.04710168951,4692.01927140683,55,-1
4695.0595189121,3015.08405789686,55,-1
1641.92406518219,2495.22141643943,55,0
2168.92610487826,1802.36714629934,55,0
3686.22123767866,1587.42335841808,44,0
1551.31714975318,3626.54676660006,44,0
2565.97622587733,1711.18876859249,44,-1
4702.61724320684,2635.3635847644,44,0
2496.68113772795,1775.03458071436,44,-1
3532.84071937162,1657.4129056859,55,-1
1682.12467821699,2404.04880588101,44,0
1656.41763010223,2213.89574194984,55,0
2302.78528283612,1817.2045698801,44,0
2660.4263984403,1673.38031865183,55,-1
2026.2698123977,2046.0721860122,44,0
1667.98426901583,2732.14703434615,55,-1
1942.61677665568,2219.95916257863,44,-1
3931.27055003444,4504.11197923019,55,-1
3119.22058974854,1505.53264435729,55,0
3403.89124191081,1551.87210925132,44,0
2405.19942916247,1809.27748743655,55,-1
1634.1442818713,3825.28376909745,55,0
1494.11039495885,2833.63765850034,55,0
3824.62903392535,1770.6740154147,44,-1
1889.16843903911,4054.13365884409,55,-1
1504.4841721395,2938.90843284822,55,0
1535.26949309499,3233.64010600505,55,0
1525.04498707365,2214.22847875368,44,0
1553.49534356903,3428.08824736497,44,0
1745.89058263787,3805.1239346536,55,-1
1816.12607742753,2375.78061942102,55,-1
2122.69573100531,2018.31718529266,55,-1
1534.95690064369,3035.95899821323,44,0
1565.51696209443,2753.97388381889,44,0
2870.13622501409,1652.89848442782,44,-1
1769.56807510636,2470.86056873752,44,-1
1688.30139792467,2827.77077401532,44,-1
3150.83067997862,1611.33913792337,44,-1
2185.76227800073,1963.31164994722,44,-1
2240.63546683405,1877.01801955541,49,0
1696.81515361636,3660.92996825579,55,-1
3062.99637662071,1612.19952565037,55,-1
1639.21993549316,2616.67394175728,55,0
1617.55131885464,3098.46484262422,55,-1
2770.03390977747,1668.34783668687,55,-1
861.738801673751,1374.30336799463,44,1
1868.84014997776,1943.50233490119,44,0
1275.7118471503,1244.23758698107,44,0
