4836.0478536786,5302.41111503678,44,0
5057.0912294589,968.799643944841,44,1
6039.03544250369,3377.86970927328,44,1
5219.50588798567,1102.20069839541,44,1
5093.60946173541,4893.79623619689,44,0
5142.74279081777,1031.40425973872,44,1
5728.70655625636,4553.12477388217,44,1
5893.38456593955,2147.1084528747,44,1
5494.57779109162,1422.15545211949,44,1
5766.03285921542,1867.60269245653,44,1
6065.75862125828,3471.34257679114,44,1
5691.72407683484,3305.09921938791,44,0
6013.17494870038,2546.43798323435,44,1
4896.89394192547,1155.5269937492,44,0
5044.9172178368,1470.99791577502,44,0
5167.8637334735,4969.86287874069,44,0
5133.93223988717,5059.44259967737,44,0
5812.44631050314,1953.24606974332,44,1
5385.45862069266,3204.47924890281,44,0
2607.70093017363,5932.5672940637,44,0
5331.52987898925,3885.53677948368,44,0
5871.28634052247,4186.65454529406,44,1
5605.88414796186,4725.38579120519,55,1
4816.88058965286,1032.21331759357,44,0
4911.05870046022,1056.76611976697,44,0
5738.91309934464,2501.45188109292,44,0
5721.14471856821,3487.85721032677,44,0
3425.84041304349,5901.91780604659,44,0
1112.13645156444,5099.06959345083,44,0
4656.42475420365,5402.62369667036,44,0
6013.63535426421,3778.20608958298,44,1
6047.92394366953,3281.88140780237,44,1
4381.88001567671,5722.05680408435,44,0
4531.07945978137,5135.34128127566,44,0
4916.85451201749,4747.30285500913,44,0
4941.22469514812,1483.12915624429,44,0
4173.0087373969,5488.18029678072,44,0
5849.01517921885,3618.33997796003,44,0
5528.71788473068,4622.24033605401,44,0
5186.82943128642,4864.37080419858,44,0
1852.13053325079,5089.83421727209,44,0
5943.62994126922,3226.51068249154,44,0
5086.14821510346,2089.04873668199,44,0
5787.55313166217,2413.13648759665,44,0
5686.37812538984,2381.84107392017,44,0
6035.34003234081,3671.52336706382,44,1
3053.57402513743,5832.24340935957,44,0
5381.55191878727,4355.43102759162,44,0
833.68061787189,4717.84161927121,44,0
2797.00310222222,6017.94151401225,44,0
4805.33488962514,5413.15398392277,44,0
1247.71691882454,979.823949718947,44,1
1064.92240317997,5014.34843831729,44,0
2044.15153702623,5073.20078854187,44,0
5598.72055976893,2052.35434398724,44,0
5596.16672009826,4280.38284540705,44,0
1134.65600810515,5206.31942646433,55,1
4212.74247208202,5259.81804036962,44,0
1010.31213445802,4518.30009517742,44,0
727.966695574897,1736.64874466516,44,0
5076.89620702735,1909.70743909575,44,0
5804.79404498676,3708.13049083073,44,0
5820.61330318076,3897.12062799965,44,0
5266.06128604904,1982.00059437297,44,0
1884.75200072881,5733.62784652367,44,0
5928.82560001301,2243.48534079214,44,1
4799.21989152725,4883.89722201806,44,0
526.975755211572,2681.98850742128,44,0
3855.56284738181,5784.26153825282,44,0
4313.84681124012,5597.57489881831,44,0
5281.67431741587,1184.86339525982,55,1
5553.08766578513,2383.55265494685,44,0
3108.75682499297,5989.20652275574,44,0
3326.44988287605,588.110592227381,44,0
592.854548053254,3426.75192803931,44,0
1334.68749723774,1038.50266437677,44,0
4193.87646204977,5791.06872324523,44,0
5062.2798874544,4982.80988713627,44,0
3636.20526865671,5922.28785078163,44,0
5780.30029803402,2585.77914110992,44,0
4932.451468602,5278.05155340807,44,0
5195.8254393365,1347.78660145967,44,0
4320.67676442,4983.2776550818,44,0
4363.17636450547,5472.36294711936,44,0
5800.80027476797,2317.41715437121,44,0
5938.43700948683,2733.16873629862,44,0
1598.15590435562,5490.0356183438,44,0
5269.70348268378,1408.12173145181,44,0
4629.91024486222,1591.96346922408,44,0
1496.29557759255,776.88743909162,44,1
3762.52442716712,5924.49306263194,44,0
5128.22291252598,4546.53489987327,44,0
4612.38834917298,5011.01300523926,44,0
5485.72312893765,4408.39897656003,44,0
4982.51889275416,1329.0692298964,44,0
1623.84383172613,5271.15979261626,44,0
2133.27363041609,5322.29045788134,44,0
680.274818860143,1913.15781366263,44,0
970.826939876765,1277.70153595312,55,1
962.938937091933,1391.2130247181,44,0
5744.92486092923,3394.37443670256,44,0
5299.56645296457,1796.13190206619,44,0
4949.42917657989,4485.9726197939,44,0
5457.86821066926,2425.85918761524,44,0
636.730383100396,4575.03895123329,44,1
2372.36292728768,659.728696027993,44,0
5443.95475519665,4560.7164037244,44,0
5188.48217255999,4476.85028805651,44,0
4410.63095496591,5387.76649118938,44,0
928.895823757512,1749.12500184931,44,0
4295.09765069408,1133.73837399467,44,0
3298.23983301392,5600.73489790046,44,0
1531.95799155621,1076.77919486297,44,0
4109.85322643241,5839.31114933025,44,0
4110.78875638381,5563.2186890894,44,0
2890.36416958003,5624.55559352404,44,0
4841.11995687332,4977.4419788685,44,0
2061.77032412723,1084.87742042149,44,0
5517.09081427812,2502.23321897526,44,0
5718.10388452704,3902.23407709339,44,0
4815.47276416501,764.8549521663,44,1
4044.68264537355,4851.29253301084,44,0
5487.48798366428,3199.01502946475,44,0
4213.16759373164,513.160040561437,44,0
5038.99524659835,5262.79459105749,55,0
5824.38097090703,4369.36285254257,44,1
4390.62233258232,1124.04618424874,44,0
5976.5254734784,3874.21795189104,55,1
1503.89188548197,1256.80432970159,44,0
1647.38251337977,1575.54091353575,44,0
4332.76291677274,668.40266047855,44,0
6017.12348213298,2650.92606801793,55,1
1490.59655751918,4938.59205091319,44,0
1382.67685034174,4970.73422527442,44,0
4341.91145993692,1042.20376439885,44,0
5633.16551036384,3790.21291101236,44,0
5307.91964292165,2068.28357718125,44,0
5362.97055050507,4954.09461032953,44,0
5351.80065839499,3792.4579975316,44,0
4622.93133510469,5304.12596679704,44,0
4098.61820175789,5419.63001156223,44,0
5847.43278222708,3408.50833443223,44,0
5375.02404383516,4258.09596786433,44,0
2595.2819148409,5829.63184699678,44,0
5525.46749553871,1978.94421883133,44,0
465.167369417197,2089.2652056515,44,1
5287.56557624597,4499.30851834218,44,0
4730.7911459808,709.184713980058,44,1
935.98801096746,2849.02813873999,44,0
3829.74324285265,492.053253141514,44,0
2767.32310025529,826.026418211782,44,0
3098.01471165757,441.618772366943,44,0
1427.97476776441,854.877520237249,55,1
4122.56415390297,483.106713357674,44,0
639.392028186388,2000.18995952814,44,0
4253.24719478293,736.043220575069,44,0
3008.37391571081,580.537212542441,44,0
4902.78886019519,5400.06490143354,44,0
5157.11836210239,2152.38077941578,44,0
4838.00657932434,5543.61077011586,44,1
5505.18310367927,1697.66307593405,44,0
4245.53618289927,1043.78166387395,44,0
5618.23219778885,3496.25620682809,44,0
4598.29836934465,1111.12349525643,55,0
4270.73856754864,5498.69631130763,44,0
3752.48406881779,828.493138525588,44,0
4587.31373412465,5466.92017428988,44,0
2905.89770047369,666.117307993365,44,0
5504.14710818327,2703.02450143284,44,0
1987.14744850035,5434.72789179281,44,0
2317.84924433749,5306.64118444771,44,0
5623.0291598013,2811.16263014228,44,0
1619.05480269239,5171.29424215911,44,0
5552.92463551921,1498.58986010487,44,1
559.29746303585,1894.40005726064,55,1
3135.51538817819,300.852002141768,44,0
3753.41737665155,416.256306739138,44,0
1324.80604451307,1849.79469218981,55,0
5261.37233315718,2154.36303818966,44,0
5057.51884683508,1256.48661942854,44,0
1521.88137521754,5247.56565026598,44,0
3346.23853594383,5834.84897933413,44,0
4679.37661698936,5089.93297855193,44,0
5408.65084932687,1667.42323163642,44,0
2621.98566108538,5352.76554121971,44,0
5538.2630121732,3317.80955619546,44,0
5194.34334903037,4175.22120156017,44,0
5947.73596287554,3129.64924577928,44,0
4485.99482319107,784.66935818965,44,0
890.721084466581,2099.18057408222,44,0
4229.80816417554,5161.07879678134,44,0
4995.54874637808,1689.94812579917,55,0
1339.10249422868,926.787454615934,55,1
2185.47988932609,5199.76667498597,44,0
4723.81221265715,4632.42870308008,44,0
2237.27513469656,5503.62995621608,44,0
3953.16168688675,5046.73949229331,44,0
1915.58393632881,5512.58430974572,44,0
5413.20914057466,2020.10955552841,55,0
3571.15735851517,5592.76136049626,44,0
3621.86084219466,5687.73838955745,44,0
1605.37285130438,1266.73395709021,44,0
5412.69495531666,1353.06560809599,55,1
5375.73388081179,4077.0592143692,55,0
1323.67087214641,1318.61990172277,44,0
4042.10334294259,5755.89598134424,44,0
4787.49377789161,1184.55849473063,55,0
1208.96335507102,5116.04441474698,44,0
4859.74529347741,4047.32590907265,44,0
731.903124823888,1832.98538508226,44,0
3056.03527882275,5729.10658092361,44,0
4901.52493529648,1397.09403459754,44,0
2256.3061801994,5603.76625503601,44,0
5614.75466263295,4080.65276828827,44,0
5260.81656639344,1886.96698361319,44,0
5571.75107006526,1602.147377459,55,0
5614.12366617689,3601.73148420254,55,0
938.836514904963,1654.756800214,44,0
6049.09392767277,3175.64745071002,44,1
5851.66632513852,3093.4977936583,44,0
4693.66773540854,1660.08984531331,44,0
2116.70111156496,5135.27344300083,44,0
4307.1171389875,5261.90911724283,44,0
2945.11698971358,360.912379074929,44,0
5493.9925371304,2101.70622447799,55,0
5726.58083203702,2669.99278569723,44,0
1098.5429681878,4815.97171672695,44,0
4801.01677637248,1413.90174884211,44,0
2310.66929556905,5408.67129343749,44,0
640.396681202857,2428.40357409069,44,0
3922.42598445967,5571.2052837046,44,0
982.988352857712,4426.37508824197,44,0
3354.58596153669,5075.65653484804,44,0
1453.87351192559,1130.94503847422,44,0
4389.72318809483,802.424697855906,44,0
1277.61856415809,1942.41374444614,44,0
1356.72897810522,5395.57074077549,44,0
905.293288863453,2297.6125169767,44,0
2292.54448889092,5843.54051203127,44,0
5407.51181651013,2527.62672520526,55,0
4935.53317174029,2379.9885903914,44,0
5046.89027358028,2004.72647411138,44,0
1069.90139598949,4912.8729737097,44,0
5090.46108636329,4635.37156896326,44,0
5989.72605121659,3572.47514707681,55,0
4966.38672180512,5170.0501432623,44,0
5755.61265334328,4452.14177089272,55,1
689.632373999639,2088.05357912768,44,0
2448.39490624082,5686.42881764034,44,0
5436.23988416994,4676.54060826906,55,0
3625.77647985953,5059.76019128809,55,0
3833.24735992485,625.257702834887,44,0
3589.87482152994,714.420918976959,44,0
3179.45551120232,5311.15018390725,44,0
1353.85732844861,5191.58100930401,44,0
932.94281862805,3554.49153004588,44,0
4784.18852478828,1303.99893338421,55,0
5647.97153718098,4482.17570482587,44,0
5841.45671435301,2055.8390919326,55,1
5800.81725016357,4263.9361914327,55,0
3663.64571122728,869.204088970614,44,0
5390.81017861704,4783.80004003227,55,0
4400.32038754408,5064.85767857736,55,0
1283.65590658609,1608.27890837762,44,0
2442.42032094727,360.603255175271,55,1
4437.15589322358,1032.85790547585,44,0
3207.00915885348,5572.02418922339,44,0
788.950214893162,2110.0472598831,44,0
2830.03663980029,746.313372065266,44,0
3750.06180532396,5316.64409203131,44,0
1668.03376824025,667.581432691992,44,1
2163.41917466424,655.271701234785,44,0
3461.33669183469,264.326758094772,44,1
2021.46862527631,5175.64830227926,44,0
1131.64175745552,1275.95023265386,44,0
3138.34086217157,5888.25195853605,44,0
4945.50377482312,1792.62799760126,44,0
5871.23662302105,3802.99411561853,55,0
1978.31852895351,749.228731519944,44,0
5357.35449331127,3576.44389385361,55,0
5698.47594671622,2277.8035553942,55,0
1421.88034774216,5266.47554704662,44,0
5085.72660998653,3899.4537151873,44,0
3003.59454064177,5254.13817435379,44,0
5345.89139635942,4583.35596847656,44,0
548.056002394737,2467.67349890605,44,0
5613.73967314165,3885.6311692291,44,0
2453.93657982936,607.691031303639,44,0
3716.95457264617,5512.11492042844,44,0
5365.77732737846,1469.10956959973,55,0
2266.72442676775,5705.9739660672,44,0
1088.71067329493,1948.41094236082,44,0
4994.08489684272,3424.23748495293,44,0
5065.98255482877,2401.30379203827,44,0
4755.13766568346,5603.4224278881,44,1
5305.54111602803,1303.53803104582,55,0
1688.36720372161,5340.03544547925,44,0
1260.99414849593,4695.98457474825,44,0
4422.76902280623,702.369053896246,44,0
5377.94723663654,2145.72772268544,55,0
5714.15561191879,3213.11287605806,44,0
627.345641462169,2857.80492781744,44,0
4441.8864198414,5169.67117862798,44,0
1557.08721044326,5096.63618498847,44,0
5640.5586303679,4611.70937549828,55,0
5219.19390571444,4073.43612141804,55,0
5799.50054500679,3000.7922610748,55,0
2139.10088054031,436.094006515205,44,1
897.45366567022,1883.93244946714,44,0
5188.84033793914,3858.28246121852,55,0
1765.22795232559,626.821782968328,55,1
1721.53379442379,5557.63052762394,44,0
1932.93906110379,5143.86450448294,44,0
4992.09097595527,4676.35865689436,55,0
5933.08847521368,3332.13700221089,55,0
5146.17726819369,4266.9217867926,55,0
5747.92066072714,4103.65740993005,55,0
5829.79066545606,2222.5048208354,44,0
2645.61390975462,314.729924248419,55,1
3650.47956678461,5294.81968669607,44,0
4442.80881125879,4844.11491674662,44,0
910.791141391108,3751.21528289979,44,0
5406.60224646047,3369.49028125997,44,0
5542.8531903597,4515.7483403401,55,0
834.64769672801,4195.22961479357,44,0
1749.2842478996,1076.87350737693,44,0
2458.23583847011,871.909500538467,44,0
3012.96413834452,5941.89032912535,55,0
1440.3048928616,4580.63446179982,44,0
1168.70338485294,5010.8310692804,44,0
4351.44919049321,1223.03218272869,44,0
1480.54609323301,4664.09821307695,44,0
5260.98328163186,4939.32291139954,44,0
4997.7135498116,1571.04861504334,55,0
5514.41434463388,3533.01178621388,55,0
4731.58368417193,5324.29440508799,55,0
5871.37057602258,4081.64981752182,55,0
3198.76545580035,618.681110403396,44,0
1379.26193831581,5080.64231618116,55,0
3825.00217122838,5255.40561021947,44,0
4577.47603237289,1513.96494401898,44,0
3576.49511261318,410.130451087646,44,0
631.9549948864,2731.41832185352,44,0
1973.2044118708,4924.3215899708,44,0
5909.0353455709,3972.31566724648,55,0
1288.66392087835,1133.76482276519,55,0
2732.53512438856,728.240815815567,44,0
5235.64130982309,5219.58735863398,44,1
5620.0166659661,2706.46837595283,55,0
788.065090508875,4822.46222208725,55,1
1073.40258831796,1190.22448781821,44,1
3001.94612326332,5355.01452048902,44,0
507.092893388796,3481.07029013946,44,0
3927.27284523877,693.964925263091,44,0
1245.80423310976,5204.04740739191,44,0
5520.91226964446,4801.95680202359,55,0
3852.5590410362,375.209491946738,55,0
4468.10583350914,5677.71169677096,44,0
2748.75601217516,1460.62490377278,44,0
5080.03910094966,2492.94208005288,44,0
4415.12013587836,589.722560176381,55,0
5918.96764625827,2592.55034245109,44,0
5655.62076268875,3984.3880483837,55,0
3301.01807718836,379.644139997502,44,0
5567.28302691465,4174.24097939004,55,0
618.974366410959,4403.43692885829,44,0
4889.47276019807,1593.60657250583,44,0
5690.98587031595,3697.11703142524,55,0
4885.16031648588,1697.36982293708,44,0
2391.42515536156,5845.66857640584,44,0
3526.68278150769,5924.25243526827,44,0
3862.24669897346,5351.402924861,44,0
812.693799577996,1445.02714494723,44,1
3089.36996600744,5398.10816339375,44,0
4493.36755560126,1417.05893394407,44,0
6051.32333906303,2751.13315307626,44,1
4988.08700308763,1193.35706338102,44,0
489.540845785369,3031.79983685654,44,0
2919.4290959535,5302.29222899103,44,0
487.637507742678,2196.18531926465,55,0
4543.43200826015,1009.48731499171,55,0
5199.7983821016,2879.45098827974,44,0
2743.78070270928,278.019692279322,44,1
840.926454943643,3688.01456769037,44,0
5468.77155449891,2220.52120733881,55,0
705.635925046742,2799.80455915355,44,0
1207.27707970759,4815.81882489742,44,0
1291.32798448599,1417.84312277443,55,0
3421.86943691767,361.574683737574,44,0
2549.34099992379,5474.08146270947,44,0
1185.01550167639,1186.52621217187,55,0
6063.94968417794,3053.58912243905,55,1
907.52322719456,4776.0086430472,44,0
283.487887252318,2988.01782125653,44,1
2053.23888420789,4972.07861719779,44,0
847.793210074722,4022.5297404892,44,0
4187.98378925948,1141.51080277603,55,0
2474.19267288466,5127.0486275157,44,0
754.541207155256,1523.12746077633,44,1
5972.80470848082,2447.815858184,55,1
4811.75197411988,1993.88050225524,44,0
3718.46511426759,678.014260286163,44,0
4566.1117225858,4465.36609379568,55,0
4406.61430028181,4566.29373188961,44,0
5608.85196673178,2158.48748403334,55,0
3563.30488223113,518.970783193754,44,0
4295.01855164042,831.521324476552,44,0
3266.65140394829,894.683227728722,44,0
3241.74226227793,283.150305996272,55,1
2555.39476857397,4999.04132174691,44,0
838.401398768681,3595.60071266585,44,0
988.806718355679,1934.23355725044,44,0
1066.89686696889,1358.70645293422,55,0
5074.35593313779,3482.93222221764,44,0
1173.08917297548,1598.62601633856,55,0
5701.02265326381,1948.28752369434,44,0
3112.03315426457,5631.1785178218,55,0
1982.22075552407,5728.30439067314,44,0
752.822285181663,2005.45441816872,55,0
4490.31570786951,1112.64449746307,44,0
5459.75904128936,3022.95477552796,44,0
3358.22001578904,271.531549322498,55,1
5438.41083592613,3860.05811075038,55,0
789.75999132077,4285.61577226981,44,0
1437.75842697034,4758.41201295767,44,0
697.634802493653,3558.81380217211,44,0
5102.96119366534,2235.67026402698,44,0
3925.33673160127,485.876665303972,44,0
3474.17203740565,5573.63828686517,44,0
3556.72439305266,5267.83482023679,44,0
4562.79801267793,1222.76138449353,44,0
1818.18805633869,5538.10583437168,44,0
1101.58232110658,4335.5953904434,44,0
690.401056902021,3458.89386092754,44,0
3667.87644477061,768.553470243536,44,0
2693.95703257372,5865.64179593766,55,0
5567.33373046017,1785.98492181287,55,0
2337.0893149767,396.188766189412,55,1
4845.15556468039,1499.02855462851,44,0
5151.60056206256,1452.28550604742,55,0
369.59812595141,3769.42171725726,44,0
4187.44659010538,5366.93001602881,55,0
3171.15885744669,719.208654368251,44,0
4215.51805737698,4957.25352629522,55,0
3791.74108053943,935.886849484995,55,0
4635.56129131411,664.791611516413,55,1
2785.51179818234,5622.67458393999,55,0
744.544631024584,2472.62387455624,55,0
1001.27631971247,3460.83116152411,44,0
1712.17168366968,4846.93016346471,44,0
2826.28320240287,5355.05787203526,44,0
4023.68407092335,5622.10739586043,55,0
4722.64383762163,2047.84504350032,44,0
1958.67852718329,861.764403512518,55,0
5407.10879945941,2754.11814103962,55,0
5264.37057655699,2351.27413103228,55,0
989.188743360598,2125.42754083981,44,0
4209.45317475788,5613.55753257398,55,0
4479.44303103019,5478.23824007394,55,0
2026.46251551418,5524.74568808625,44,0
5392.27414797274,4462.21349186408,55,0
4793.54501142,1628.49440308761,44,0
4670.27063182118,1203.98174345561,55,0
5181.04244963213,4680.74352646292,44,0
3561.78565448906,294.650760434569,55,1
1103.28609671928,4540.30270170315,44,0
974.505307930501,2685.74897593153,44,0
5178.36219996554,3963.94929147517,44,0
1239.62331327738,1518.18538953435,44,0
3702.25708191462,6017.31785557932,55,1
2332.71546150861,5052.19985697285,44,0
2006.17924637918,1308.33285170909,44,0
1581.25571698022,2031.1666281926,55,0
4888.37345962806,4139.63800376598,44,0
2691.23737100238,5999.73987802312,55,0
1108.61278889912,2357.63389111477,44,0
5198.4783517622,2974.69817176734,44,0
4416.22119615672,4947.56120781609,55,0
3209.92311724119,976.016535921773,44,0
5057.71128928909,4335.76144382431,55,0
3663.64266415978,5595.37736943272,44,0
4847.58671122431,1794.5310267542,44,0
3898.23462335996,1303.1612248515,44,0
5216.3919404619,1741.98335297556,44,0
1702.69771904098,1660.05382364016,44,0
2984.16449955386,6066.02979038151,55,1
5142.00093742329,3567.84221811606,55,0
2617.54396354794,914.022263336765,44,0
402.460608851279,2276.92194853057,55,1
2197.78050806903,5800.71875319423,55,0
1185.2180923743,1062.4789892518,55,1
5315.5113048349,4684.2579334102,55,0
1171.32844519803,4911.69864060217,44,0
4415.06775169469,5275.05696272929,55,0
796.057505517931,2287.11795629931,44,0
3213.43073616048,5980.53038044114,55,0
2408.7431561173,5361.32476479173,55,0
581.008186708895,4495.17573886374,44,1
5631.9897084378,2474.3238721934,55,0
3928.229393609,5269.54817786806,55,0
1191.43533015761,4484.30798685453,44,0
5008.33118290448,5375.83859446228,55,0
5610.44001971631,1891.4152121002,55,0
4696.02219995821,1435.8593193859,55,0
3272.01111974442,1103.02109330571,44,0
5374.90037061627,2969.4835435342,44,0
3888.52564959563,4971.52529890309,44,0
4459.25301923476,1216.94007120344,55,0
3495.99517192015,713.03971106343,44,0
4644.38630271262,4397.80363060628,44,0
1069.96752488962,4029.49663219841,44,0
5489.37775381812,1881.76674679131,55,0
3715.94664379637,5118.55231331477,44,0
1359.04329250876,1742.18539985706,44,0
1790.52359576932,4906.54880372349,44,0
3362.41642351263,1073.89726333047,44,0
5009.13627324644,4815.97017538524,55,0
714.227900791535,1622.19340588485,55,1
1940.29590756054,547.462502377152,44,1
524.173767571357,2583.81882960873,44,0
3735.72891311394,5218.09143186793,44,0
381.375503224159,3154.76135240796,44,0
4019.35086729581,5196.45842955563,55,0
5159.22561891486,4381.10325668728,44,0
5157.34831881314,1978.66320067315,55,0
3594.34315611905,939.809987331661,44,0
2332.79671529218,1347.75051839082,55,0
5675.93323793104,3013.05050840572,55,0
1400.45538607028,1433.12585239118,44,0
5311.65586727731,1698.40980864115,44,0
5304.47817678372,3371.86556572209,44,0
5125.20167412353,3667.28171721161,44,0
1498.70101719095,1435.61149202158,44,0
1440.22024172709,1817.82709405229,55,0
2641.37341079229,5031.64429504675,44,0
5424.70236699748,2329.54745466796,55,0
732.318143451614,3031.10097734732,44,0
5014.5802293821,4564.27575414623,44,0
1880.56788331386,650.957604127206,55,0
5835.03306716224,3513.7010277816,55,0
2841.52070728372,5122.144571382,44,0
5345.53550396847,2432.54188199821,55,0
621.982426509903,1797.77104676475,55,1
5573.11961065227,2279.71574621517,55,0
1747.87465409182,1176.74974182194,44,0
5441.14858480348,3283.52456890911,44,0
5687.65764184148,4205.70310287772,55,0
4149.39890668779,1543.78166646852,44,0
5042.36880625017,3608.34031748118,44,0
2473.09737650077,5786.80069049969,44,0
614.708836531927,2635.3441774017,44,0
1874.67828825085,4962.1475552266,44,0
5098.44828580728,4743.43416210431,55,0
4272.52947475024,5067.09567993277,44,0
4911.34920877096,4582.20080056389,55,0
2701.70814803621,627.755882530496,44,0
1683.61479186847,4952.06790704443,44,0
4856.00774336822,4449.66818887116,44,0
5285.1064140011,2924.79559513527,44,0
5595.25143266278,4384.98211645551,55,0
4649.21635367866,1010.60902688099,44,0
4988.27302158336,4142.98580505848,44,0
2247.86238547493,860.704876956827,44,0
4647.70267770852,5568.11781689786,55,0
5561.36940321072,3016.81516761797,44,0
3963.47137970711,796.995653844414,55,0
4516.08405553784,641.947688174553,55,0
5304.1055709184,4169.17513248507,55,0
1796.57738912919,5327.47567214415,55,0
983.715387588324,1838.39528666462,44,0
2719.24419734575,5535.16217083263,44,0
4072.0749354661,397.016628939323,44,1
5167.12876517181,1842.90974275947,55,0
3768.18263769133,313.296906856031,44,1
2539.93959812663,317.497937669592,44,1
1706.2691190585,5671.98535979318,55,1
1733.06620681022,5245.40177965602,44,0
1734.86962548456,973.957486739139,44,0
1131.56858380994,2270.40045699132,44,0
5235.85985889182,4590.30563077161,55,0
5886.91775238027,2915.76186798754,55,0
1811.92872520468,5436.37222052923,44,0
2048.56963741711,5633.43988240549,55,0
1164.42326156641,4730.05984180734,44,0
3809.97395697992,1250.23816299142,55,0
1057.83415339013,2198.77437060614,44,0
4088.72891427325,1368.99286975836,44,0
913.413312053148,1472.2271651368,44,0
5650.93223499662,1684.19617223065,55,1
5267.04840496675,2620.89824922013,44,0
1485.43403724255,5491.96079364166,55,0
5031.63367680198,3231.28709844725,44,0
732.921115491839,4210.99296880252,44,0
5243.51220310459,4774.7912727155,55,0
3575.23841005196,5378.40124742712,55,0
4590.70342096997,1695.30164175435,55,0
4507.31257445393,4545.5508403028,44,0
5702.46419031063,4330.68284044135,55,0
4718.86844726652,1088.83043168602,55,0
4892.98988433585,3451.38632978121,44,0
833.009569318748,2540.91708176842,44,0
1641.753456349,4786.16885075401,44,0
4486.31230579951,4637.42574990365,44,0
2751.00458572118,5415.88717902594,44,0
1579.27734312315,4998.09855329812,44,0
2671.46625985905,5644.69522667516,55,0
3384.27647436358,5416.45606679741,44,0
5487.29081171281,4295.61094423565,55,0
434.201898390946,2633.90109027889,44,0
1591.43198328831,1664.22245603799,55,0
1252.64915853318,1706.87100084533,55,0
1180.19782494819,1916.80088307382,44,0
1552.94741895097,1540.56183865529,44,0
5490.183366617,2923.53873810888,55,0
5714.66323979449,2053.96482957178,55,0
603.885238522547,3519.62634334755,44,0
5335.53467529732,2255.21375853155,55,0
814.288361295853,4479.25133532053,44,0
3508.12638105,5683.81658084944,55,0
648.526575643303,4163.16216788299,44,0
4465.5687095818,1326.0264901557,44,0
4230.07228185051,626.628839897185,55,0
3183.07373739777,5414.36932305723,44,0
4900.91598876783,4853.38351199242,55,0
2772.06272080012,4962.65448942975,44,0
5563.98109354403,3703.79164598297,55,0
4123.26986329768,5693.77218866528,55,0
1282.21079651857,4904.90237056534,55,0
4533.50499148972,5593.3579945266,55,0
1835.0750233162,1018.33290532863,55,0
1560.74170221457,4598.46903812116,44,0
3377.43838027248,5528.82854370317,55,0
2252.18446722393,4887.55117190212,44,0
5030.44025730525,5086.15880719591,55,0
1553.35261981086,1175.57531368565,44,0
3041.80980911606,355.154329030433,44,0
4054.12451783777,5076.959110844,55,0
585.141557454297,3145.9605351032,44,0
746.095161347794,2584.32058224451,44,0
3587.37797798622,6024.16184164729,55,1
312.060006116583,3480.86657038389,44,0
5015.35058732071,1083.43126963405,55,0
5850.58191300613,2804.42439978707,55,0
611.220189123877,2227.32250577098,55,0
4130.02415068628,1638.44054869128,44,0
525.613287080233,2001.70383219303,55,1
5256.48164855473,2517.87324006587,55,0
337.252785159494,2570.13183486743,55,1
3524.02592301141,1011.54244033449,44,0
5331.42720621565,3283.18706774337,44,0
5409.48661482368,3970.39882460689,55,0
5367.6246934279,1915.83940509091,55,0
3385.86085405516,5639.98407848655,44,0
3807.16746083518,5154.61407920283,44,0
5498.70490838416,4070.03558161394,55,0
5021.37345826204,2310.27520838589,55,0
5321.26404796827,4861.11221056591,44,0
1437.48503068794,1011.60680042079,55,0
1912.08430527118,1328.42843173572,44,0
3371.64798719598,4854.83302151089,44,0
4824.50197478026,3653.42506627524,55,0
4650.05267948841,899.943760093082,55,0
1313.61416904807,4788.92165744611,55,0
3866.49787312914,5922.89512918616,55,0
2563.22538294277,5094.440442879,44,0
5290.45828965023,3983.99833356269,55,0
911.467450045358,4501.70693532596,44,0
5691.10464098681,1794.71601663191,55,0
5081.79653573221,1361.10545699387,55,0
4138.37314413617,4867.31678087762,44,0
5780.2253168905,3994.54734935489,55,0
5335.96069093416,1592.47542878787,55,0
3831.93412222873,4889.8190013214,44,0
1655.38757636569,807.175418289017,55,0
2846.24336104658,5767.80553747684,55,0
5614.12921955701,2918.55981931683,55,0
1483.3404580006,5037.69402469532,44,0
643.60343314714,2534.7234291687,55,0
4417.38184968381,5575.04602132957,55,0
4702.56595459986,4728.3250002304,44,0
515.324987353558,3577.65884433805,44,0
1774.31602727654,1584.2492733465,55,0
5532.0739312724,3950.70815992879,55,0
3004.26583603802,5596.59472881936,55,0
1060.18047715585,4124.83119965054,44,0
4970.91438668,1882.86661835861,44,0
2292.41966401418,510.593586784967,55,0
5021.62172979067,3334.22737427135,44,0
5387.14112093684,3101.8055550028,55,0
1652.14574792234,1183.16830105666,44,0
3209.19669900021,5676.20262446749,44,0
1902.05073450137,5370.21071906849,55,0
3298.72627407594,1003.03885114645,44,0
2455.19625410632,5456.51417102494,44,0
5854.71400751691,2505.87929513532,55,0
656.970630634167,3343.66188867353,44,0
3669.38413859274,351.835214050858,55,0
1462.75108694163,5160.31393810837,55,0
1312.00273347066,5299.59549795564,55,0
5537.93388476891,3818.54648685699,44,0
1542.74175226023,979.918289963432,44,0
5113.2730537433,1142.12348966869,55,0
1180.88932075016,4277.05906889753,44,0
662.348265677657,3692.44209590198,44,0
3100.6449322355,649.184712128993,44,0
4126.66993673173,5174.63118349497,55,0
2140.57667742272,1034.22839148161,44,0
5737.00958051043,3589.82639638458,55,0
2076.91175390416,583.475479289447,55,0
1700.55278555704,1486.85570058279,55,0
4676.21112282671,4521.86664252316,55,0
1616.19348078139,5600.98264546778,55,1
4581.89823397797,4809.91175718595,55,0
2667.13991514028,515.939165781847,55,0
4733.3079758453,5490.83199412686,55,0
4739.8152312561,1543.08016722013,55,0
1635.9218669735,961.311833208919,44,0
2353.46142024341,5752.02196185416,44,0
5032.13897572188,3704.4138493978,44,0
4021.82950492279,531.218070060124,55,0
4416.0578732001,908.73028026892,55,0
4880.6671775955,2806.41933644044,44,0
591.611605268295,3052.48008102735,44,0
1070.78549357291,1635.39511252646,44,0
1225.13399202009,1322.27622493334,44,0
3966.57851430132,1229.59610567206,44,0
4753.93474077438,945.927588542757,55,0
4590.46480880515,1413.83326614973,44,0
2231.60495127537,404.402480587443,44,1
879.730770720035,3131.69994379742,44,0
4944.76368118915,4264.23305042222,55,0
5293.26269817464,3463.29961967917,44,0
2152.06034448347,1229.05435078045,44,0
1213.68937698319,2219.42797510229,44,0
4100.29673950458,4966.69059468118,55,0
5604.29632453119,3233.58318437417,55,0
949.853792813717,4972.14477937007,55,0
4898.99801297671,1266.81439527706,55,0
5384.19354001519,2866.7843382613,55,0
1827.84104677776,1364.22876620003,44,0
3847.22721346084,5059.00442625865,44,0
4381.49822854564,4240.0103197575,55,0
4778.37980335101,3974.44955995724,55,0
2055.28179374175,4479.69677979085,44,0
3517.32725250165,5809.58761618104,55,0
4291.63873356782,4718.42356470587,44,0
4792.67698654067,2246.2058585254,55,0
5462.26325777117,3635.44328196737,55,0
3689.49822503595,5400.25995278937,55,0
4117.91545840718,597.970335659377,55,0
3792.53451587678,5414.20973376895,44,0
1370.04377335032,4679.87360848402,55,0
980.132238258448,2377.8278261815,55,0
2913.86777759256,5414.28241496798,55,0
1385.8187987645,2460.45026819545,44,0
5730.48387728303,2775.12375612251,55,0
5831.72577426539,3194.16066512331,55,0
1816.62584712743,4499.93694419579,44,0
1168.13642144465,3757.57314382803,44,0
1037.1202716104,2292.17036653167,44,0
2421.8783928354,964.573611055896,44,0
1714.69556639132,1277.8645466503,55,0
1935.88925013337,1220.77884895353,55,0
3874.98268381793,860.566823537927,44,0
5910.16595614341,2348.84745379469,55,0
894.311693362121,2932.77917721587,44,0
2641.05587720252,5251.44008367359,44,0
1986.61881164789,640.16673822467,44,0
5268.5533135456,4277.66997882259,55,0
2356.45228433127,5637.77597609375,55,0
5258.76073173408,3751.70678790214,44,0
1279.67577415333,5023.46686441674,55,0
1543.07316699779,1350.71938099572,44,0
1883.45602389816,1806.40660836851,44,0
3632.50844541382,5805.96395918976,55,0
5406.96743793961,3474.47342127618,55,0
1950.43501212189,5034.11812782867,55,0
5502.36395353154,3107.83805394137,44,0
2419.08201532512,763.931755800837,55,0
4764.14287186032,1866.03550907453,44,0
483.585798503548,3125.23623326808,44,0
2808.3720134242,5888.0807915439,55,0
1314.29599493465,3527.68334039593,44,0
532.639649050415,3227.41800207574,44,0
3044.72701649328,251.477678029751,44,1
3943.90917828709,1134.9224356008,44,0
3564.08106088542,825.948604417729,55,0
5212.8858434527,2252.99869466202,55,0
3269.662062246,5369.79020737289,44,0
5121.17284395291,5173.75466926639,55,0
5208.83586463432,2069.23011009874,44,0
5736.88823433026,2888.68754729668,55,0
3153.4236364038,5774.51669803083,55,0
5173.04602485407,2431.28085563951,55,0
3969.37713767799,376.646632936351,55,1
1207.6262935813,1814.4040689105,55,0
726.410610667499,2890.83433035756,44,0
481.379833764705,3792.00384921405,55,0
557.568410111008,4006.86609156214,44,0
3415.52097805208,5749.67871343001,55,0
645.524828746237,2960.73823442279,55,0
4777.03729709553,2134.5214150869,55,0
3123.06330915145,5503.95370594768,55,0
2551.58385884508,826.391870672716,55,0
3406.1931780936,6041.43925095427,55,1
4372.46589679129,4772.82906592571,44,0
5443.51239077278,4181.99376896676,55,0
4234.19849456377,1581.33541815514,44,0
4189.03486449838,827.138766652724,55,0
565.611601922855,4326.18071222252,44,0
1722.81712273378,4521.9482551766,44,0
5116.2966775318,1580.40602581156,55,0
3523.83238033139,5069.1429397049,44,0
3823.35314878133,739.761686697933,55,0
832.83219686836,1793.26600946467,55,0
1103.08142528458,3472.29275284692,44,0
984.664830520874,4625.43138431649,55,0
3085.65597348693,5295.56447325797,44,0
5041.96368067384,4224.97935642348,44,0
1751.92523618373,746.16368157093,55,0
2940.04050724432,5081.9581381049,44,0
4591.14688171784,1914.05371739753,44,0
2027.18629533978,5329.12625318163,55,0
439.898564571299,2731.0421992919,44,0
3632.46236897154,603.128643289035,55,0
278.036168850901,3205.37287619917,55,1
4605.83095535016,2083.62537509502,44,0
4370.05382596115,1318.47692947043,44,0
4561.2569518723,1324.27416864599,44,0
5747.04193183163,3801.99436288277,55,0
4276.14898067056,5723.33292297871,55,0
4749.66833468482,4435.44448606642,55,0
3822.27454837554,5525.91620179715,55,0
2187.73219982733,4819.18735265227,44,0
335.47756773248,2466.24087507912,44,1
4827.6625170595,4222.7338998734,55,0
4526.22649095579,5246.42179149367,55,0
3114.4657396051,982.635275846322,44,0
4860.09624183881,5182.82726673178,55,0
1032.2196989822,5174.27664983389,44,1
2882.63565277553,439.89004942841,44,0
2806.19741387146,635.444227401088,55,0
5291.31700303765,3036.70416598412,55,0
5808.5926395381,3308.60022179575,55,0
4734.13937958169,4969.97589622268,55,0
4863.844150807,859.869688350658,55,0
4804.44998461249,3876.20435910239,44,0
753.539951147025,4377.83219116265,44,0
5542.3146368781,2604.92313052561,55,0
4034.83249829594,687.02386855292,55,0
4382.42153651121,4670.21932524417,55,0
5217.5630201245,1633.55787517822,55,0
2627.55944093232,5541.90254757738,44,0
1817.19128023743,5641.84720359121,44,0
4994.16884537279,3846.91282845268,44,0
4625.07479693848,5192.822915385,55,0
2077.95543188441,4863.44016704139,44,0
1825.03032176774,1256.85158562023,55,0
2671.75669601729,999.27267792516,44,0
5249.5029572568,3545.91552359728,44,0
4493.61772015928,1915.58533428538,44,0
3590.09363670188,1473.83483715318,44,0
645.350665632657,3240.41979781761,55,0
3641.84584637566,4836.34657636008,44,0
3810.90742047604,1359.6766810706,44,0
1923.89279763846,5624.31844990688,55,0
2518.03273141315,5336.39528970912,55,0
4306.77826341334,5373.29064148796,55,0
5314.28388303288,5156.24790474365,44,1
4968.25145732039,2744.67636809022,44,0
1197.27603406235,4379.51791480889,55,0
1595.83300044724,1456.50996575709,44,0
4024.18779554657,5494.39359245672,55,0
1582.33485501941,5380.23712743695,55,0
3737.75967615988,1058.22577419962,55,0
3912.98306894071,5454.70661415306,55,0
845.976177761518,4918.31113064646,49,1
1665.78565738004,4614.52896039202,55,0
978.922224436766,5082.44915474847,49,1
1294.10686110347,3994.92086467469,44,0
2369.84762927435,5959.61534321267,55,1
3464.38797634169,5470.14117709099,44,0
2149.60793921454,881.613385478205,55,0
5452.99648014401,3747.48658548912,55,0
4746.75409319187,5203.96642549919,55,0
1579.72298057198,721.618418769189,44,1
1076.67549750182,2717.88359379649,44,0
5130.23177493962,2326.56365506439,44,0
3241.78336479171,5853.36969635793,55,0
4506.4413183401,5027.81301812171,55,0
3299.97645825146,5732.68674613123,55,0
1987.66468514047,1529.16649486992,55,0
2010.48477101575,4723.35988764412,44,0
1957.55474276893,1108.49578837417,55,0
893.38377610226,4279.68936966124,44,0
5736.60785165558,2166.50833177548,55,0
2889.82576752111,1122.34239567887,44,0
1204.5738817784,2337.55090674891,44,0
4143.78951447501,717.643431894157,55,0
4671.39122193943,4300.22346782757,44,0
2232.76989538016,5099.1769784668,55,0
4478.93447379635,4745.98591382817,55,0
3263.01397447221,5271.09303768713,44,0
1015.18767591213,2517.71203109773,44,0
4906.17450299463,5073.5991168522,55,0
557.330978073726,4102.65208738954,44,0
4943.00580671601,2656.50572805663,44,0
4027.16949332395,1298.44875212034,44,0
4635.02312857294,4917.35322798707,44,0
4951.33841930911,4966.84138204881,55,0
4294.7184136476,1664.28956905012,55,0
4722.70130771528,810.861132472109,44,0
831.232368444174,1673.23420955331,55,0
3013.05377877763,5472.21049202445,55,0
2092.47863273237,5430.39191723551,55,0
4794.07066331022,4544.47636761933,55,0
925.717490228349,3214.78289060913,44,0
1296.62104163594,2043.20901048346,44,0
2226.88698013212,5287.56170186749,44,0
2101.34102800497,1505.00551838266,55,0
5345.98217707421,3688.69572055586,55,0
4893.66531224977,3847.20508879816,44,0
3164.68998275068,874.597326271876,55,0
4969.96364280502,4039.8414224029,55,0
4114.84009117921,1050.61288117891,55,0
984.781809581973,1561.06999925488,55,0
433.337188239052,4208.98235673635,44,1
5414.64679623874,1795.15234446412,55,0
2468.11551719051,6005.51493094066,44,1
1479.04088772462,1989.28816755911,44,0
3531.24221625609,5167.86097149323,44,0
4819.06547137156,2356.16773866362,55,0
1855.03273792805,897.741396502531,55,0
4176.10358496754,1327.298646097,44,0
4315.30135956908,533.706258882864,55,0
4689.48986821802,1948.78513533614,55,0
1151.77544933665,3111.64546604156,44,0
4002.04946536919,5369.22309731852,55,0
1916.04746888811,4746.38105272408,44,0
5182.29252105816,3462.56429959169,55,0
2166.17720513404,1420.0863184321,44,0
2943.14231774043,5843.79567565026,55,0
4626.14618586599,3962.01408872952,55,0
783.313144667189,3389.94518165654,55,0
5413.95006739313,2642.14037017558,55,0
4512.16253917701,5364.67597700401,55,0
4530.97228008256,4915.04619897767,55,0
4971.7585426428,4397.57158153947,44,0
4836.8993783723,4669.91680066518,55,0
981.615573955967,2029.60094471662,44,0
5159.77604554805,3755.87650887351,44,0
2094.5102669066,5234.50943337018,44,0
2380.08409520122,5135.46668108861,44,0
5842.16955567671,2675.72714897316,55,0
5234.7056147148,3254.91212332632,44,0
1466.21453261598,5366.51552485076,55,0
4674.59325954842,1813.89499430466,55,0
4697.80211985034,4835.87537554059,55,0
5270.7799477635,4392.31661041651,55,0
2239.97864129047,4987.14459320273,44,0
4246.1457336306,1239.91907608404,55,0
577.30773652704,2336.08413782655,55,0
1256.45681227462,3307.41188625748,44,0
5509.14341775836,3416.75391991974,55,0
1869.31733739777,778.462746736112,55,0
611.592260589201,3614.47303015664,44,0
4788.08312256539,5080.33328074872,55,0
5459.05391673169,1566.3643225863,55,0
3115.93142908046,4730.09893397863,44,-1
4607.45335847116,4709.40766594786,44,0
1955.31457983326,4647.49443263499,44,0
2553.10898004515,5607.23086491801,44,0
963.119804700072,2222.72178264273,44,0
3955.3476518199,5834.78244371149,55,0
4668.98510178284,2150.88713431356,44,0
4556.41879612715,1817.05997263377,55,0
1912.91838646611,1436.16266308887,55,0
1037.93204040647,1732.95503711236,55,0
3751.1180329285,5809.34505059192,55,0
743.905628894389,3291.44548947202,44,0
4975.54238912357,2088.46318954701,55,0
4304.43643283512,4581.69767064601,55,0
4627.74861369852,4113.45985214632,55,0
723.936947352737,2191.21841672981,55,0
1861.36949810202,4670.72909665476,44,0
1735.30245359541,1386.8982560166,44,0
1490.56227755829,1612.09599278581,44,0
2252.44166454522,1207.5801877882,55,0
2055.58284426106,959.158310401689,55,0
4544.45111330243,4031.619764827,44,0
4000.29485771142,5951.39884432935,55,1
3638.35216545465,4740.35435380936,44,0
4121.92375853077,4751.14746863038,55,0
5667.01654300311,2581.85040559689,55,0
3067.04573661845,1068.61176777451,44,0
3007.72811932124,693.588462122636,55,0
2134.97392455137,5540.86033092166,55,0
2599.73981308693,615.722941813431,55,0
862.824794296549,1562.34074993339,55,0
1093.03125676305,4440.33058986084,55,0
2582.00885628947,1168.22073120418,44,0
1379.75328189939,1222.10856609963,55,0
3146.54021179545,4926.67055573397,55,0
3391.59849974934,1287.54603801042,55,0
4999.97301458981,3940.32376894962,44,0
2958.71484295242,4983.40256924473,44,0
799.784275159582,1913.55138743614,44,0
934.617884671939,2586.89193604321,55,0
4945.67863180371,945.893096794121,55,0
5290.24095610616,2720.43232513338,55,0
3635.38956513205,5181.64936977159,55,0
831.96834976872,3047.30346064543,44,0
2821.43079087269,934.621262162092,44,0
703.390841428806,3853.51957579007,44,0
692.144930827155,4477.00066532375,55,0
3740.68079056568,4907.63388420849,44,0
4270.58600348756,1477.72971208528,55,0
981.434972081227,4857.30329599029,55,0
4168.47256283006,1435.96780643516,55,0
1101.91614256817,3830.15951049426,44,0
2906.60815291928,551.391727948963,55,0
3194.25181051262,402.57485013052,55,0
5069.70714847688,3794.66485294686,44,0
5097.25397044738,3392.8310870852,44,0
4678.09521791595,2252.85622652661,55,0
2428.17525718413,1305.00089247191,44,0
4863.37090888634,1899.05977418046,55,0
1174.75138417482,2433.07290463605,44,0
1559.015456931,1813.63494433394,55,0
1454.87274493283,1519.6174795304,44,0
5251.53190060003,1517.4523522226,55,0
4199.05734838189,4590.49685903433,44,0
469.201088119023,2388.42259783252,55,0
797.395638904735,2958.97177979496,44,0
792.91607647112,3499.74323085045,55,0
1001.42689237816,2776.89339362946,44,0
1326.14102690875,4364.15684535453,55,0
5244.89327058086,5062.65115719062,55,0
2921.38643456081,5190.61255690871,55,0
2164.48940280158,1132.86860071551,44,0
4939.27193323977,3746.31207855744,55,0
2835.29716136736,5254.44094048479,44,0
1749.698083847,5134.65925895082,55,0
4707.15069495669,2721.24953151809,55,0
4170.13216316585,5066.49592353577,55,0
1426.17293053024,4276.00043785471,44,0
537.994208161858,2786.36493181272,55,0
1247.01889455996,3597.13073232592,44,0
1838.12929872467,5208.34028085462,55,0
2782.75288640845,511.402290360379,55,0
3273.05510202645,5483.93930703141,55,0
4472.11331343414,1525.13953640263,55,0
2673.99841638869,837.537827514678,44,0
2757.11514072563,5188.69172111981,55,0
3235.22302049718,793.58041949889,44,0
4037.97728536316,1590.14332865074,55,0
748.050495108908,3638.44940910289,44,0
3809.48328586746,6017.7841478458,44,1
2775.79132035132,4853.57270791757,44,0
667.660155927394,3949.33159682838,44,0
4046.32311604616,4461.47052206629,55,-1
3169.70933206576,1074.79486047892,55,0
4802.37908002985,4780.08252447042,55,0
2994.67105572237,466.679564753101,55,0
990.397753250862,3133.10175065157,55,0
3645.78952622238,4947.38796913677,55,0
2740.42086230918,1219.06808371716,44,0
578.962517795403,2111.52250103103,55,0
3842.49691561423,1127.23954712172,55,0
1352.05586305281,1527.93450528416,55,0
2731.98561024422,920.075267393541,44,0
2923.02941185171,765.610249287779,44,0
3293.7942841544,6071.50256344464,55,1
4976.22315499037,3528.01661893737,55,0
2655.64691674752,5141.46267828106,55,0
1171.45371141781,1425.97488362789,55,0
3663.94565302059,477.659449040052,55,0
4152.59720952247,1827.16354357602,44,0
1077.97977779676,2447.28752836984,44,0
1143.0293930531,2137.20149125285,55,0
5285.4777391046,3162.85203488112,55,0
4429.87196909477,1634.94805444955,55,0
1846.29254024618,1139.28130849041,55,0
2205.94025414572,5398.42711518321,55,0
3945.3980237025,5709.527407586,55,0
1787.54616899166,5740.50200482741,44,1
2454.24853716749,5569.61692672629,55,0
1535.2604061156,4294.46684292595,44,0
5630.46507199557,3392.96072512957,55,0
2517.59181327271,701.785162329533,55,0
5449.1750982523,4892.36616668854,55,0
3189.23042897043,6093.8284964156,44,1
2021.77984923978,1418.49745842672,55,0
3478.2675740124,456.397398031019,55,0
3733.40208302812,5683.48290797256,55,0
2066.67252579718,1768.93567053261,44,0
1638.8465525126,1072.84658803874,55,0
5282.49665275357,2825.90480595334,44,0
4075.32589377072,819.904099656458,55,0
2734.28298139427,5747.61611584969,55,0
1086.28360151029,1501.87714588557,55,0
444.096613930649,2844.98664040769,44,0
3926.13446402121,590.587663607359,44,0
2183.291725708,543.967108791907,55,0
352.736729114527,2373.68375676578,44,1
1535.71412135094,4797.85380682916,55,0
5740.08230595984,3113.37983496593,55,0
4882.82917135805,4351.38663852534,44,0
2207.83239059316,4722.91967510809,44,0
3097.28536438244,546.194406361657,44,0
5052.83175590379,1808.29435685692,55,0
4195.04871600894,1703.79259304109,44,0
3888.99621970209,1014.512494463,55,0
823.58275171999,2389.33759519603,55,0
3184.50647734179,5195.90618808593,55,0
3255.88378484299,5102.95497959507,55,0
5114.84771291479,1703.58327804608,55,0
2730.2578564228,5307.72016639902,55,0
708.076452671335,2672.35380935585,44,0
854.063393577004,3296.92510266542,55,0
3279.54152844244,690.508601369158,55,0
5178.13999304483,2682.42946330531,55,0
2268.84863648315,635.03775307845,55,0
5193.08426281074,2785.16100358661,44,0
3841.13932378654,5646.33196481556,55,0
3024.17405430464,5118.56419887764,44,0
4780.16182092594,4113.53334603866,55,0
1411.79686444351,1919.36548515094,44,0
3370.63224263374,913.677192806163,55,0
5949.48763433265,3462.75741021033,55,0
4674.73880257388,3427.13995911317,44,-1
4745.99438309049,3564.92480496194,55,0
2109.89167842645,1326.14748848231,55,0
1080.00238540884,2046.46057004444,44,0
3083.53991256755,5196.50505324488,44,0
3894.93130491968,1417.36949829333,55,0
5615.61008276004,3113.77169497207,55,0
5924.99893048973,3701.1462063291,55,0
4712.581421284,2348.72827643263,44,0
699.734527230665,2344.68528067101,55,0
4387.50331931105,1423.58064890725,55,0
4579.02849578165,4317.60372275233,44,0
2159.96109392254,5659.53383755301,55,0
4668.30380160715,1322.65034365653,55,0
2186.62883152091,767.734555085733,55,0
2562.32036266497,5721.72601788856,55,0
1093.90686737612,1842.83179072889,55,0
2564.34956842005,6029.03568650082,44,1
3444.9296522514,5229.98348986775,55,0
1781.44677292934,4606.09942757281,55,0
1639.7462400416,1362.22586252915,44,0
4824.58711778209,3764.80688345317,55,0
2739.1042870126,393.528723038513,55,0
5197.19066876153,3349.01374880717,55,0
953.935839451839,3655.90904502459,55,0
836.481865221643,2646.94509053858,55,0
3141.3111166281,5089.16650842569,55,0
1867.36141417066,1536.45465244431,44,0
4931.36560465591,1984.88615806278,55,0
4590.03186347223,4216.58789340335,55,0
5232.25196387024,3646.29532117848,55,0
5084.51011483163,4009.84164862092,55,0
2407.71891170219,500.954647221907,55,0
1502.60961325681,4212.4852072608,44,0
2644.35999974997,1258.50489566231,55,0
3324.09827988714,5949.67401955573,55,0
2054.16144266879,819.55338560774,44,0
4892.67876125212,3951.2895824693,55,0
5155.75049525634,5288.23796134576,55,1
4708.03753499614,4203.20827446564,55,0
1487.24477862566,1715.31047908106,55,0
3098.18595539873,4824.86958271666,44,0
1187.11309917272,2034.8499984686,55,0
4865.48750210232,2070.43644780683,44,0
4120.45737452751,1240.93179052287,55,0
4700.68408737584,4040.93863781091,44,0
2514.28756404541,1097.17198976943,44,0
4044.63876582167,1152.01313649667,55,0
4837.37010033165,3273.91484180647,44,0
2865.51134718137,1022.90490508671,44,0
1147.98805268414,1721.32024017184,44,0
851.449276463696,2201.28956151061,55,0
1597.33397347689,4703.30320613461,44,0
1559.56192841466,871.872686765869,55,0
2837.27387686138,333.666078391196,55,0
5057.74703779071,2679.27859282992,55,0
1414.53411230104,4865.63423595028,55,0
1946.56303103594,982.683320950434,55,0
1307.35027465486,3228.05012319336,44,0
1384.3924495774,4182.53576275499,55,0
1941.82742845641,5252.80851868589,55,0
6065.27163379631,2951.56244670596,44,1
2354.39267671834,1241.04560968575,44,0
2922.16781302899,5527.40516958106,44,0
792.094085576956,3200.59915087356,55,0
3614.89089850223,5494.97604561849,55,0
5134.08251404229,2581.74563320229,55,0
4489.24217634137,5781.27393651635,44,1
2318.61496276489,1504.02337875699,44,0
2262.52530713109,1426.26261492217,44,0
4188.30663453505,952.196499199471,55,0
4270.3073330348,1361.15590620356,55,0
1200.03435685483,4056.86382054421,55,0
993.742084744044,4319.84806389194,55,0
1306.37397495133,2878.93475654374,44,0
5939.33819466494,3026.08384386804,55,0
5093.76397970158,4122.61661688959,55,0
2796.01975537684,1309.38707724854,55,0
4364.07965983771,1751.71290932129,55,0
4198.36025834153,4687.74807716613,44,0
5365.50181465649,5061.99527522478,55,1
4824.26819168601,2727.6503315146,55,0
2626.42604452912,736.826294931479,55,0
2217.9313897685,1516.90129986548,55,0
2596.49788859563,1054.07021012387,44,0
4195.95373964851,5898.11267881925,44,1
4335.32541285215,5158.83905468869,55,0
4896.43350025163,2564.89921349778,55,0
2530.49568332531,1260.79806472705,55,0
2586.95608259555,421.497169547576,55,0
3821.2074389604,4790.9149606154,44,0
4074.38981206812,940.516978889797,55,0
1505.63758760194,2323.16583338058,44,0
782.023294562598,2739.13502336225,44,0
3531.25498884359,617.763286922999,44,0
4776.28145238017,4324.90786157651,55,0
4479.08771566765,1736.56712920781,55,0
4981.58473023352,2847.87662211217,55,0
3620.97686365682,1043.55770832418,55,0
4300.66247109995,943.980123275812,55,0
1961.66095884776,1739.5720445734,55,0
3909.42230448208,5148.65539557467,55,0
750.943233706795,3757.47443969989,55,0
1419.57504486822,2256.41427703768,44,0
4351.13275129173,4139.32874191544,44,-1
2424.7785132895,1064.77044436916,44,0
775.344730466242,4112.23573252722,55,0
2341.95095733313,5513.79182576202,55,0
941.323626742722,3027.80018528026,55,0
4091.17192978443,5293.84223904068,55,0
4891.30099949276,2167.97042255158,55,0
866.005385622767,4605.70474850369,55,0
1191.32480189407,5303.38550416913,55,1
4938.46825502025,3635.60862264496,55,0
3862.21710153994,1682.55567199772,44,0
3992.75261594913,1392.22323505238,44,0
2353.04109395619,875.599633846031,55,0
2218.59580636888,4618.88530072171,55,0
5004.45111671807,2197.72493832752,55,0
4115.8086686289,4638.85750161518,44,0
2070.12349313113,5876.95062589501,44,1
4859.701899596,3549.00915703481,55,0
1085.3491967134,4233.37881533218,55,0
1404.57355145314,2355.44011985921,55,0
3455.39106619285,1099.17234598982,44,0
3345.26903060098,4955.89745453432,44,0
3449.71011366741,813.891456482488,55,0
4851.33888267875,3182.96242035262,44,0
2519.91825362477,521.070458048012,55,0
4747.18204882269,2439.62860976179,44,0
1778.25638119597,5016.8728623781,55,0
2262.40923974657,5947.23673584658,44,1
2898.46619095109,5964.57128815616,55,0
1297.42701373464,4466.54708190502,44,0
2531.07776102397,5216.11382958396,55,0
3650.96955216552,4626.73695054555,55,-1
1200.81931361724,3842.40654914547,44,0
4003.38789909188,1039.58585474747,55,0
2860.47495338331,843.855675417799,44,0
725.085736305798,4692.81445999149,55,1
3986.11148762603,4939.45880506499,55,0
1769.45652346869,2119.55419567509,44,0
4490.77243105497,4371.92933088484,55,0
1419.14406370733,3971.66661331279,44,0
3704.41707288805,1256.89398548494,44,0
3447.63149100222,1197.81390032812,44,0
2277.69397405238,4792.27225508633,44,0
4002.3596760572,1706.47539369425,55,0
3743.3710247418,1168.15672613879,44,0
5168.16253214502,1243.76298494624,55,0
4292.58207648156,5847.5065246746,55,1
441.52010422556,2506.71951213705,55,0
5097.27195928168,3020.89912638186,55,0
2873.94362812807,6078.48679178058,44,1
3286.149809675,4882.71434496905,44,0
3013.53048299361,4788.10907323861,44,0
3083.53945206578,786.6781907962,55,0
1348.75152193174,3614.67117465078,44,0
1434.9008692476,1334.29097820842,55,0
958.156160011016,3844.4232419325,55,0
3066.22661346179,896.793221828881,44,0
1802.88282635685,1458.72584708794,44,0
1601.73658042177,2314.98950148651,44,0
695.635311197722,3128.61848411963,55,0
1701.20492294154,2026.11179405105,55,0
914.035778888039,2470.13807136908,55,0
5016.86079731193,2580.19371530081,55,0
2988.59421163569,841.160379406512,44,0
2754.72361229742,5070.5125092947,55,0
3654.28159152223,1147.62378583671,44,0
4600.09821141751,784.139214601134,55,0
1060.68871210693,3042.80273492839,55,0
5093.01400232963,2899.89491162445,55,0
2078.25185931661,706.886085807643,55,0
888.54550243293,2754.31638317964,55,0
3479.4634331943,1368.40778152847,44,0
4535.00520420878,1612.44149100889,44,0
1703.38487632446,5453.0261595361,55,0
1167.5268653948,4157.60453942028,44,0
4319.81255105742,4875.14583952441,55,0
1372.21687914094,3894.57768620524,44,0
667.082564498099,4057.32176758459,55,0
3248.28403749376,513.098540170453,55,0
2302.58399210186,757.88668855815,55,0
4625.74921940027,3856.39555898441,44,0
2017.65614289122,4571.51043554446,44,0
2828.59153470641,1415.36622812856,44,0
1519.39439169418,1910.84727062308,44,0
3394.44544678575,689.464902456483,55,0
3357.73942480378,5306.68629712436,55,0
4207.19856804717,4483.83124564033,55,0
2247.7028191349,1632.28336007877,55,0
4910.70839663805,2281.22548008654,55,0
1250.8146546028,2136.84305474567,44,0
2359.91625342309,4838.86281742044,44,0
1571.37344678466,4394.7944815639,55,0
2943.08079445033,256.301232609442,44,1
1804.00181319105,4786.73841028836,55,0
5150.39721262815,3202.62924898363,44,0
441.645150816553,4101.26183098954,55,1
3692.40487031882,965.386962403404,44,0
3920.2353943061,4839.03344244679,55,0
5066.40411078976,4456.39100638141,55,0
377.69053281035,3052.77449333579,55,0
249.969317007241,3405.77158476744,44,1
3333.11745011695,5189.95301949375,55,0
4435.10245218016,4466.72661325796,55,0
4764.73489554535,1732.14153211402,55,0
4008.42227223783,4750.93261169615,55,0
2139.72508908561,4540.24005897042,55,0
4230.52845536285,4797.31614719803,55,0
1997.79128938716,4818.82896931692,44,0
4531.68238331534,892.689755659613,55,0
1249.97141758271,2580.7661244349,55,0
899.469446771561,3467.52774075707,44,0
1273.08064238685,3904.98457752451,44,0
4442.70519052656,1839.74889768238,44,0
1053.05338248968,2618.52385281258,55,0
3942.67618731389,1626.30404275176,44,0
4463.21450270087,3973.41409383089,44,-1
2659.56699004063,5442.7278259713,44,0
2960.04079155498,1060.83552095021,44,0
824.847310503872,2847.06335745683,55,0
874.9751510384,1995.67221826013,55,0
3337.83545522791,796.210087791939,55,0
4120.54714112074,4532.18536059539,44,0
2953.70194356748,5714.32661252934,55,0
3606.32898385103,1244.38919817929,55,0
2502.86328351146,5893.39331712502,55,0
1274.30154673115,3131.60693445339,55,0
903.858751342274,4106.66766777804,55,0
2243.83466455542,1080.21778970217,44,0
4570.64536611372,5713.06545623267,55,1
1016.68302642503,4737.12056448127,55,0
2430.8595575084,5029.89811952172,55,0
2041.87156543017,471.982271293555,44,1
1626.00911811906,4522.77309994867,44,0
2105.96684993717,4758.99136012062,55,0
2824.86371380884,5493.83026158324,55,0
1064.75602145208,3377.72642333926,55,0
4710.54674468946,2896.77204342044,55,-1
3746.86058263788,564.860882357103,55,0
2047.63308633324,1210.41734562643,55,0
5108.43860044235,3289.87752086913,44,0
1126.59823755106,2947.57546304466,55,0
3463.78964940149,5351.74958107259,55,0
1892.72680556073,4568.27737330934,55,0
3582.07410143776,1360.41278831806,55,0
3205.99853771154,1482.36588088551,44,0
2335.69133210056,4943.60378309395,55,0
2291.84751095572,5197.84185569802,55,0
2082.15827060618,5760.66370329617,55,0
3087.32331793305,6093.44040358224,44,1
1312.91206068574,2266.56475669974,55,0
1401.34112380653,2901.4303621522,44,0
1661.2926666693,5063.2312906585,55,0
525.519976630359,2930.87825107998,55,0
2142.41055577882,5038.30561392613,44,0
4399.39183011143,5827.85351393478,44,1
1275.57516250586,4136.82918229034,55,0
2925.00803294875,931.517677074232,55,0
4167.90890651614,4320.70166879429,44,-1
3201.62941673921,1178.3025172598,44,0
1748.44564407533,875.388190989705,44,0
1624.97439734339,1930.18295717574,55,0
2222.83913404434,1320.94387056313,55,0
312.284771692667,3315.02827631376,55,0
3961.69772499392,919.710581302206,55,0
547.543680119274,4221.25386151436,55,0
2223.7265368258,971.147357184418,55,0
2083.80085393867,4646.02888244433,55,0
4798.8523225208,3367.87281705382,55,0
2408.35555182433,5239.14221542589,55,0
1520.66090457974,4504.38656379647,55,0
3924.45724484394,4619.89278171259,44,0
1384.75107833743,2009.22824356844,44,0
1929.97633920999,1626.93594418636,55,0
2037.7414747765,1661.98322937091,55,0
1845.20232379637,1703.53487981913,55,0
3535.51049989906,4963.51028843982,55,0
2445.19239213106,1175.70804215827,55,0
1389.05284883214,1641.97193629215,55,0
2308.36155899552,4687.108550146,55,0
3357.49692289971,476.462006815707,55,0
1835.49725939274,1885.3832220867,44,0
4512.71974988565,4129.89026599029,55,0
3101.18526572563,1175.5779423466,55,0
5188.31851843557,3094.19307472167,55,0
1561.89464444417,3909.37703452876,44,0
1897.06110931403,4855.98874167624,55,0
2681.92055247927,4935.39584034961,44,0
3046.62730064294,4905.72601695573,44,0
1599.86822053853,4891.12767054196,55,0
4996.81256729733,3059.3555464643,44,0
2165.13604001682,5914.17515623609,44,1
2673.50732913315,1126.19252183846,55,0
1423.04139471506,3812.31257544184,44,0
4854.42628663244,2461.33711746106,55,0
4055.71437535672,1472.9055648946,55,0
3950.07094108135,1518.09740193331,55,0
543.148896167213,3332.19467949497,55,0
1172.45664914558,3944.2845522037,55,0
2386.65386601182,1441.26631762392,44,0
1289.40898023454,4256.81868819058,55,0
520.346069002551,3683.65288429214,55,0
5975.40899759075,2829.91998783313,55,0
1724.39659005946,4712.42706864972,55,0
4292.89981446431,1978.44903236438,44,0
1148.68655823428,3293.62360026856,55,0
2841.2442312666,1213.95713920937,44,0
3055.28854649231,5014.93201408922,55,0
4106.0091653141,5943.9460260867,44,1
1733.06128063644,1891.60272678942,55,0
748.650889259069,4575.48093140316,55,0
3553.51915966017,4649.93580288658,44,-1
3429.70604928629,572.146383429926,55,0
1299.59104609214,2370.74281143785,44,0
5510.73675574343,2811.81798936719,55,0
4615.58619628527,2341.06810184732,44,0
4487.58454088404,4236.53819191469,44,0
4350.22306307585,1556.62179186073,55,0
1033.03335892432,3751.24975554919,55,0
408.466045408186,3539.86669015874,55,0
2919.90006141667,1270.96066264491,44,0
960.076939497456,4005.14855852472,55,0
4069.08491936184,1890.74310457849,55,-1
2586.21121851036,1359.77212875143,55,0
1166.92213235938,2662.04582579648,55,0
4718.09216023772,3811.63104642819,55,0
2947.99477478953,4878.64420769412,55,0
2336.1697962206,1134.22791789084,55,0
289.789921395158,3708.24591428739,44,1
1405.23920290633,4478.53654587692,55,0
3550.48848021023,1141.05337139766,55,0
4599.17137865181,4597.94163826403,55,0
1102.54509630905,4648.5429628497,55,0
4750.6737381908,3213.33012550839,55,0
345.877200835085,2787.52567843477,55,0
1350.7300347944,2548.55428421714,44,0
1233.62647193575,2943.67628339793,44,0
3731.07347736268,4813.63630481895,44,0
1054.41366032771,3925.73835887977,55,0
4225.45935436574,1900.74182271302,55,0
1609.24352133726,4216.71897354146,55,0
838.292997449629,3834.11548532003,55,0
2442.72978912578,4909.63040087602,55,0
305.62701526122,2678.56460173705,55,1
3476.3691156457,4860.54257665017,55,0
2527.28488978276,966.499268716289,55,0
3017.52469183827,983.187303587552,44,0
2592.61453881196,4894.19821661063,55,0
1449.59848748036,2589.62278327623,55,0
3151.13046741914,1277.58357628721,55,0
4810.45670002594,3099.94855834414,44,0
398.336064612387,2941.38044791209,55,0
1977.84916949836,5832.32065126117,44,1
3438.20121692244,5119.52640611999,44,0
4020.93199233149,4586.33785244019,55,0
2851.20325420275,4907.62623605197,44,0
4972.6109937169,2474.77283249508,55,0
1201.92262016645,2857.40489832747,44,0
4337.2447055236,2088.10001953571,44,0
3483.88429250788,919.571195120427,44,0
1594.75970714837,4103.9855605772,55,0
941.784533760541,3373.45413750591,55,0
1779.15774893447,1791.87814428866,55,0
1304.99001691112,3022.79138345379,55,0
3342.11935052283,1180.57448161851,55,0
3542.88093139539,4770.54917217433,55,0
4317.88683028931,4456.90273092835,55,0
679.643080645563,4306.40670241097,55,0
1206.56253090485,3205.31823959923,44,0
1278.63420904215,2469.45350523061,55,0
3433.71135054828,1005.73067406605,44,0
2788.89984702383,1119.10564507382,55,0
4708.93945581559,3668.77755188955,55,0
1088.78597352278,3192.98226641722,55,0
4378.13202754437,4353.35396071572,55,0
1198.67173755708,3029.8010536481,44,0
1003.17053289645,2934.01077170106,55,0
3246.09883388291,4984.09412732977,55,0
1855.94906184032,2073.83888199036,55,0
4917.2392787761,3350.35721786821,55,0
2868.78078804754,4799.52189838838,55,0
4989.74520959538,2958.1932011466,55,0
1259.72169605871,3698.415424435,55,0
1664.59876209083,1770.38123911954,55,0
1797.39620154061,1980.28422134101,44,0
1135.43469745941,2537.53045307713,55,0
3250.21597962859,1382.00817212481,55,0
1490.08329581745,2488.18526063252,55,0
4400.61813017683,1961.56615220814,55,0
4247.24272348945,2061.41828488175,44,-1
2156.77877530918,4932.4699434444,55,0
4441.41714967573,2076.53075281457,55,0
261.565251327651,3088.92214906466,55,1
1330.04554010361,4572.34600142993,55,0
278.037097574333,2885.88664147104,55,1
894.038827316041,3927.07637527879,44,0
1810.59741887907,4395.59802767754,55,0
2859.14282942719,5015.53179219347,55,0
5073.59364928035,3130.92569346826,55,0
3010.0420026709,1274.22060395368,44,0
421.923629305684,3255.44197285815,55,0
1468.55957196192,3650.11650929138,44,0
3503.79299410624,1274.08847309549,44,0
2699.29886482069,1363.39640283857,55,0
1040.42948841917,3572.88601633415,55,0
3899.36080622954,4724.3489112911,55,0
2989.43221239213,1167.40514442029,55,0
1164.55766549685,2764.52882670005,44,0
1370.37836348236,3340.63227425611,55,0
2031.12858792408,4390.25468910518,44,0
4709.03708026641,3107.31143551614,55,-1
4093.9632496351,4377.00628251349,44,-1
2947.89091226127,1374.67832325765,55,0
2340.20207388628,1598.69606459545,44,0
2530.33585590768,4566.46560504472,55,-1
2611.08523786974,4784.67416745575,44,0
1372.95505452911,4068.91222808292,55,0
4933.23546241573,5503.07401634533,44,1
4542.42622519181,2270.79363338413,55,0
4418.06805456511,4064.4904820837,55,-1
1779.635847112,4226.39342653776,55,0
3001.06121446765,1473.66853258629,55,0
1275.21123604911,2678.84672789505,44,0
2151.60777719017,1687.31573947156,55,0
2802.46661348349,1541.6605099005,44,0
2531.22656334515,1508.25351086646,55,0
3781.91794157959,1608.7752444029,55,0
1306.95920182128,3805.33319195517,55,0
1481.55113885303,4112.4961522611,55,0
615.091167672438,3791.1440313818,55,0
1378.40164744378,3710.75676577688,55,0
2676.95761986792,4710.34683002318,44,0
2332.10703325745,1012.04356054485,55,0
1359.96325769412,2639.68837478936,44,0
1116.40242201755,3666.98653267541,55,0
1684.43061435878,4426.85245630715,55,0
2846.30770097542,4667.94405198338,44,-1
1209.70548480979,4590.08126008691,55,0
4090.1047804483,1757.33392609116,55,0
2376.62069777602,4469.31704315875,55,-1
1271.93543769828,2784.32944993384,55,0
970.209750319447,4202.67136748335,55,0
4883.66986562725,2908.88758105983,55,0
4251.73279696062,1786.68834451119,55,0
4535.10300088113,2007.37091706923,55,0
4638.03406197081,3744.41957633892,44,0
874.845442526882,4385.88319756224,55,0
1533.04508888079,4011.23710489323,55,0
394.80851223795,3662.24105949614,55,0
2892.50934464978,1500.969544179,55,0
4675.14446339844,5679.13487902497,44,1
3804.54171429526,1492.75077536613,55,0
4683.6405789247,2520.48663559725,55,0
4933.38825130403,3250.65291281199,44,0
2407.74831168087,4753.40248949509,44,0
3734.14889902085,4706.79219694358,55,0
1701.70853255139,4312.16270594971,55,0
1152.3263837241,3567.55912210419,44,0
2766.14806767664,1014.42217388803,44,0
4361.85362284645,2186.40110551666,55,-1
1090.06192520283,2837.03535258245,55,0
1536.00496984157,3821.8966315432,44,0
2412.81228099833,4649.91500134423,55,0
1214.70140437113,3496.10618353025,44,0
1654.07987226259,2751.09805683778,55,-1
1455.25702580721,4374.10673385614,55,0
570.886896807479,3901.42055190429,55,0
3980.40132524348,1820.83496137962,55,-1
3309.09252670044,1485.26648154278,55,0
4817.1071398074,2999.05854493991,55,0
1932.49378059089,1894.23818303397,44,0
332.828440986042,3907.17113828314,44,1
4528.71213925465,3897.86704141147,55,-1
4261.06204695003,4354.78700740622,44,0
3437.60475423255,5013.77930768736,55,0
4508.28566576025,2379.55787178615,55,-1
3303.30795375987,4786.42891768694,44,0
1570.67276494553,2411.99060009317,55,0
3818.95089409325,4649.34282385552,44,0
467.022329499101,4300.34765150767,44,1
4341.22553616648,1866.61014236263,55,0
3261.67423772081,1270.84474833189,44,0
1558.78093774682,3552.37281194562,44,0
4761.89353301335,3464.94251882299,44,0
2684.75479669852,4837.58900757021,44,0
2007.28120894983,4203.90439060477,55,-1
3140.27453876946,1396.44641709639,55,0
2006.70664314074,1837.0019655656,44,0
2603.72746429254,1580.13151858643,44,0
1949.97865144692,4462.26239634467,55,0
4954.13822883562,3152.86151640213,55,0
1676.27925352153,2421.22535912373,44,0
4786.34377342986,2588.03760978858,44,0
2585.88280306906,4689.74891944286,44,0
1361.07158036765,2141.99167023974,55,0
2513.54388165394,4814.4725269362,55,0
779.754419769626,3939.13057524871,55,0
4427.95742894596,2279.621127204,55,-1
4698.01737788818,3310.12931271711,55,-1
1467.81705787805,3890.95250551183,44,0
1867.39116304058,4293.20578218436,55,0
1655.09739631216,3588.89814104782,55,-1
1392.58547882149,3470.85473223077,44,0
2479.27542617014,1402.01952482648,55,0
2328.20840389366,4573.99782032135,55,0
1459.16175096347,2088.03586692973,55,0
2939.73442785719,1605.59994490238,55,-1
1181.2435036074,3401.13597794129,55,0
380.07519319395,4001.53353672641,55,1
1489.29085213614,3739.71018230297,44,0
3198.34123590765,4825.33861714416,55,0
3750.72771869239,5017.11983800181,55,0
2251.25048287407,4512.50463711683,44,0
1010.23704026845,3279.53107804505,55,0
3047.52613568878,1365.17993759718,44,0
446.935326145516,3907.45468801166,55,0
3028.408915587,4692.7878823159,44,-1
5085.81285963305,2789.66405298773,55,0
3216.60168870294,1588.80934702181,44,-1
4571.51806137383,2493.73963263339,55,-1
1563.36962727319,2144.42892292279,55,0
2423.27113557065,1542.87992538777,55,0
4635.75505202564,3591.59833502796,44,-1
4273.05521155062,4225.09361374619,44,-1
293.764070762087,3602.41012970041,55,1
2645.93139666274,1463.09429159356,55,0
2439.57157727761,4545.59436716498,44,-1
3318.57716080506,1603.73222769989,55,-1
4648.29800018667,2427.05205758069,44,0
1944.32231937011,4359.89084969765,44,0
3692.12104490852,1484.75744913786,55,0
432.636424610953,3387.97308792051,55,0
1849.80188310198,2300.37485159787,55,-1
2432.18281617143,1657.63245499067,55,0
2050.65262337071,4297.73711846551,44,0
3695.07425115625,1365.0185468383,55,0
1805.38395547414,4122.64482363626,44,0
1706.02983200735,3926.935428788,55,0
4531.75325268889,2156.59602223194,55,0
1597.75772684507,3742.01497344069,55,0
2093.79517223349,1897.43162487248,55,0
4557.75186067117,3792.1662036941,44,-1
2941.22079040838,4726.07256679044,44,-1
2239.72444838453,1742.11426757101,44,0
2705.83438033736,1562.62105000052,55,0
1716.12270770191,2317.20082108205,55,0
1637.19802212191,4010.16456678045,44,0
2640.88376239171,1681.16446270351,55,-1
1897.69463606406,4182.44209371257,55,0
1298.21685764413,3428.82775552936,55,0
2330.35603486284,1711.29252000597,55,0
1462.31909907664,3398.74952372055,44,0
1957.32103240205,1987.87903312221,44,0
4896.37663959976,3057.5210479927,44,0
3430.89975476775,1454.93430351887,44,0
2129.70588310535,4365.84032225215,55,0
2493.49540972261,4709.51494256875,44,0
3104.07525831583,1507.93725975619,44,0
1387.48349557007,2793.22245591152,55,0
1700.92572622503,4147.50659710225,55,0
4700.56188445882,2618.68100408874,44,0
1554.38087195141,2571.73817430385,44,0
1818.59144964773,3957.66732779233,55,-1
1486.70015060816,2847.42085832509,55,0
3685.37688179939,1592.49749801653,44,0
2188.87842630036,4446.68218281826,44,0
3744.62372528432,4585.13749281189,44,-1
1738.28429949121,4035.58831889718,55,0
1947.83869673825,2139.51487335659,55,0
3615.42308368652,1670.46094055479,55,-1
1453.89859002698,2704.63141084983,55,0
1450.40526372906,3554.02816823975,55,0
3463.179140349,4693.59803650986,55,-1
1504.46093916021,2227.53826283413,44,0
4139.1489010401,1966.48923692568,44,-1
1928.4236886772,2237.38990977272,44,-1
1765.65850404238,2218.56364101563,55,0
1423.33772323756,3028.30291355202,55,0
1532.08962514956,2659.7430547139,44,0
2747.27010768984,4640.4324099438,44,-1
2769.79764089947,4746.46562435118,55,0
3719.8228506587,1705.17445975707,55,-1
3839.48295248511,4551.34416966532,55,-1
3223.94856095417,4710.62865905685,55,-1
4700.05397718185,2997.68191214878,55,-1
1389.18507381648,3131.70205759469,44,0
1648.96821521476,2227.46462547909,55,0
2520.43799597218,1623.21020670011,44,0
3390.81882117237,1541.3703193311,44,0
1419.9966499232,3242.25451896675,55,0
3802.98615475887,1763.27503448486,44,-1
1566.13315714717,3641.17199092638,44,0
1620.20916947088,3020.16494694648,55,-1
2290.90613417966,4394.17826510972,44,-1
2615.48586122194,4596.7629182155,44,-1
3359.24908935673,1397.47330091067,44,0
2752.20591555981,1671.20512491561,55,-1
2173.73898844668,1975.87889539168,44,-1
1703.27011955152,3672.00240131154,49,-1
2018.38033427882,2062.75524569193,44,0
2550.6099309731,1718.00615994743,55,-1
1528.99765885966,3056.79128992711,44,0
2286.74124259007,1830.41135550641,44,0
1625.84041414808,2919.784378003,44,-1
2478.69210284324,1782.66681751736,44,-1
1645.13436118724,3842.38244665254,55,0
1853.55529515597,2185.89941672755,44,0
1894.13263479841,4070.15353143823,55,-1
1639.20551585142,2514.10327403632,55,0
3489.95500956614,1537.20247455533,55,0
3416.28910253922,1619.13349291694,44,-1
1537.92884126513,3245.94222927227,55,0
1801.06225353756,2395.19349966336,55,-1
2385.25456125452,1815.50934132048,55,-1
1503.23238835626,3143.6796337101,44,0
1559.64443957757,3344.60091069426,44,0
1550.3480439355,3438.22442257905,55,0
1553.52218590402,2763.80711864479,55,0
2161.92736437379,1809.67934018958,55,0
1511.67457778055,2958.7148022206,55,0
2220.64030711139,1893.57209953538,44,0
1798.43039856952,3865.94094209048,55,-1
1630.35872702001,2639.10997935453,55,0
3506.38671737767,1650.69627761396,55,-1
1650.17227466417,3491.05830145496,55,-1
3127.76182177671,1612.38175333784,44,-1
3042.83871671964,1618.10027166669,44,-1
1609.32924297614,3143.64134489501,55,-1
1753.54566158399,2501.09236990985,55,-1
3933.46249894362,4497.04920053733,55,-1
2851.55938282806,1650.56644080083,44,-1
866.945482196262,1377.55093553907,44,1
2110.4138165268,2037.00079361627,44,-1
1697.50747778525,2845.35068412344,55,-1
