5493.87492544319,1421.57106974474,44,1
5811.46445114007,1952.67298854133,44,1
5737.20574870228,2499.95184257412,44,0
6065.18222515787,3472.14162953121,44,1
6013.3298546372,2546.12622339964,44,1
6038.52744464779,3377.89787133923,44,1
5219.93327281905,1102.55661092513,44,1
5055.82105178665,968.793060765862,44,1
5766.49188223004,1868.11516158208,44,1
5929.24701893182,2242.91382240851,44,1
5786.72086892756,2412.38078406075,44,0
6034.57573498291,3670.21589579496,44,1
1209.84375600566,5109.61695056929,44,0
5131.02467979373,5062.91877958157,44,0
5691.02805478414,3303.90394398964,44,0
4288.84094380061,1133.68598609764,44,0
2796.52533856233,6018.81410223021,44,0
5728.96959368338,4553.27035671738,44,1
5590.75155518752,4277.48809114297,44,0
5165.58096492765,4972.14775234779,44,0
5937.80030296683,2732.45764764834,44,0
4836.20492123532,5302.36237886735,44,0
5142.52899159393,1031.37028889781,44,1
5247.12344015297,4922.71361072986,44,0
3425.26427747118,5900.81969340514,44,0
2112.66511621741,5130.46731649235,44,0
5197.19495937202,1348.68139591778,44,0
4468.42616420448,5679.39552136839,44,0
4655.93755327835,5403.60620981033,44,0
5780.50622360185,2585.95671184519,44,0
4213.46718815623,5260.87038256555,44,0
5872.7722502468,4186.09158185211,44,1
2594.09352048711,5827.56412206978,44,0
5092.95052582317,4896.10272478231,44,0
5299.021741541,1797.27538026956,44,0
964.119998161102,1388.88834461871,44,0
5307.76192922451,2068.93918756328,44,0
5486.96649588502,4408.32497075886,44,0
1132.36827281006,1278.19623774381,44,0
3096.20172985902,441.834605707913,44,0
5044.10539518721,1472.484808654,44,0
5516.68945007389,2502.84528724072,44,0
5686.19018087888,2382.48468172287,44,0
4042.85236244267,5757.25783285854,44,0
5721.44220866178,3486.32369299899,44,0
1610.11968276184,1270.02128183209,44,0
6047.83732560476,3282.90035021784,44,1
5061.20526895601,4986.30299730361,44,0
1616.21122598752,5170.37804438398,44,0
2542.29213117673,5606.90957744534,44,0
929.194764495086,1748.87062321905,44,0
5375.13895444601,4255.968460726,44,0
5085.71850315912,2093.20497945115,44,0
5798.59367739349,2317.01539494264,44,0
4944.72559191479,1486.16057749204,44,0
5504.74294471029,1699.77250496233,44,0
4647.03135076998,1008.48761731833,44,0
1248.55525207168,980.413865100871,44,1
1596.65273741918,5488.77546726399,44,0
5820.95412458955,3896.38743082022,44,0
2289.14585337745,5843.06107128767,44,0
837.29199870041,4713.24631823009,44,0
1111.27829889274,5099.29830251462,44,0
1848.3698149908,5088.99575002809,44,0
4483.5401245027,785.668671967799,44,0
1982.28423517689,5427.30389176398,44,0
2385.84407747042,5841.07884994459,44,0
1246.45612388441,5202.65105348044,44,0
5552.03248495188,2383.2363795824,44,0
2604.12089069202,5930.57839487118,44,0
3137.94261600776,5888.79029259158,44,0
4486.4891470488,1108.27075692585,44,0
4121.66340396364,482.010235320783,44,0
680.422111899388,1912.34957859232,44,0
5803.14416147246,3707.19466245675,44,0
4910.4563529714,1054.63353853103,44,0
5165.026853907,4664.38530693609,44,0
1335.12786384274,1038.57701841152,44,0
5941.83418848424,3227.16225733648,44,0
5744.99691300587,3395.49027540328,44,0
5383.99905802074,3204.62972476023,44,0
1668.03548536199,667.525153958052,44,1
5174.99398908562,4842.76558910391,44,0
4337.29739145148,1043.27644698188,44,0
5893.88956326087,2147.54493944285,44,1
4254.14687099886,737.001576173227,44,0
5847.50027622999,3408.03703939153,44,0
5444.58329448161,4558.84705304601,44,0
5642.93677038169,4613.84106692192,55,0
5727.39876660008,2670.09859431654,44,0
4980.87967026559,1325.76433228033,44,0
1811.78413211793,5433.73612182962,44,0
4965.92189920659,5170.62114513213,44,0
4911.61614469946,4749.36955675443,44,0
3753.07936393273,417.033017288795,44,0
5305.36658315514,1303.79380080838,55,0
1074.79467958206,4912.77886282999,44,0
4586.38283324467,5468.4375618216,44,0
2258.08384925041,5702.29921554243,44,0
1357.68780873212,5393.60703119445,44,0
2061.00145304567,1082.10686988526,44,0
1792.0648161232,5325.80957810622,55,0
1996.55729257425,4715.99216395682,44,0
4410.65668209241,5388.71288205742,44,0
4389.14288467826,1124.15630821201,44,0
3107.00229760244,5988.62997200679,44,0
5529.2584081738,4620.84084596267,44,0
5282.64656556474,1187.51105049786,55,1
6016.53255485976,3777.74638240315,44,1
5607.18324637874,4726.48611315413,55,1
5075.33118017736,1913.9817269362,44,0
2992.49466608541,5253.25547245785,44,0
3052.5889918516,5832.15205881859,44,0
3052.75386645072,5727.21400179563,44,0
4818.47633234219,1026.95960884892,44,0
2342.81838415867,5750.84427896318,44,0
4557.69083353451,1217.13074570133,44,0
4315.47921196467,5598.24197296805,44,0
4242.62708032203,1043.4377516762,44,0
3570.9288328702,5598.90054385533,44,0
1620.14018404768,5270.24342072594,44,0
4755.00809488413,5602.87142590524,44,1
3258.59264523681,5364.99753980527,44,0
526.575497675257,2682.69917612026,44,0
1134.08815676925,5204.69526579338,55,0
3922.11587567747,5571.02120242657,44,0
4110.59881781953,5564.42552536076,44,0
5972.48105308253,2448.55856860663,55,1
3081.99536729629,5395.93186630665,44,0
644.477494221907,2427.56901480566,44,0
4969.4807052997,1886.98150381183,44,0
2181.53373731764,5195.66955887482,44,0
1326.48088456098,1318.26050898178,44,0
1066.66103507806,5013.76133936774,44,0
4192.94329648539,5791.37153867571,44,0
1727.19746550982,5244.21889633365,44,0
4730.21436334552,708.254801339951,44,1
5918.7831424035,2592.23729037082,44,0
5537.79049287134,3317.08755243887,44,0
3289.92231873511,5600.88966992,44,0
3824.07447783548,5259.11636807627,44,0
4806.98112152525,5412.74377228352,44,0
5071.01827886111,4626.29328953911,44,0
5526.33411325854,1980.72489896539,44,0
1812.50039716698,5639.52976823063,44,0
5621.09707513981,2707.28901295949,55,0
4173.04082498341,5489.445790477,44,0
5850.38198861734,3618.22090701809,44,0
4423.45019457471,705.403500986836,44,0
3326.7120362648,587.854385566208,44,0
5354.09581482368,3793.31561367341,44,0
5756.15482000148,4452.19684190907,55,1
2455.13066454484,610.211803753226,44,0
4637.82993463605,1586.80750131668,44,0
3589.57484734987,937.353273388759,44,0
3462.0622959779,263.043923902093,44,1
5261.05495468423,1888.96096996008,44,0
4984.59182596262,1191.05407398481,44,0
6017.13788315217,2650.05314914529,55,1
5408.21534877387,1669.04608670373,44,0
5821.89867655801,4369.08840048523,44,1
1509.26519764367,1258.58594306627,44,0
2252.27379607995,5600.40264975953,44,0
2885.98619865839,5623.79054791475,44,0
4702.03576482231,1653.67701753584,44,0
4383.36070762866,5723.39915990407,44,0
4932.26362988872,5279.90007370708,44,0
1483.15379864372,5036.43141689117,44,0
1646.09179053189,1574.49137144412,44,0
3622.22648359883,5688.92869719911,44,0
5046.53817118077,2007.13562579362,44,0
941.445851393365,2843.84122621053,44,0
5306.67747339239,4841.5894035899,44,0
4614.00520113113,5010.34923978837,44,0
636.792836452572,4575.8262871803,44,1
1337.91558318276,926.717884642454,55,1
713.709264045115,1621.99500965444,55,1
2441.62321631281,5684.25925013273,44,0
2770.43775731871,823.746466195791,44,0
4717.47054785314,4631.46462130389,44,0
2130.23974100478,5316.88590246125,44,0
3762.33073179736,5924.99346853258,44,0
6051.21201044203,2750.92572420601,44,1
1296.02905323527,4896.17130866032,55,0
4272.28053959545,5500.49964854072,44,0
5083.98099402129,3899.0437232098,44,0
5712.95353910169,3213.15629650074,44,0
465.394976322146,2089.69260213268,44,1
5552.22043466461,1498.64016454217,44,1
5188.06617240044,4476.31910618679,44,0
632.710901145949,2730.10402091282,44,0
2904.74887437095,668.656394943578,44,0
5840.34919458529,2053.51198434765,55,1
549.530737365551,2467.93590116009,44,0
5267.02735281321,1986.01598996634,44,0
5007.09022214056,5377.13358177047,55,0
3637.00766681632,5922.05789362196,44,0
1212.22953108089,4816.34197835133,44,0
2995.87403668838,5356.08440285088,44,0
1183.94031303324,4915.17524680437,44,0
5348.27076826654,4581.3537794549,44,0
3422.99521786882,361.486055082825,44,0
2832.63368071862,5120.34535592499,44,0
5128.58425132464,4549.14052307873,44,0
1227.81888155063,1323.04980312207,44,0
5617.69515705948,3494.73657047096,44,0
5800.50925095432,4264.90679495434,55,0
1520.50881860749,5246.52916761683,44,0
5039.91587204211,5262.45944348549,55,0
5702.21025647157,1950.70537656003,44,0
1686.12857792362,5339.57152906745,44,0
939.986983054162,1652.88489281948,44,0
592.785570180821,3044.86494957588,44,0
5156.86552926983,1981.66688824841,55,0
2316.45824540205,5303.25267990421,44,0
5380.9745671871,4352.44347408232,44,0
5264.7149206293,2620.93804818657,44,0
3005.67058470649,582.75422958548,44,0
1884.13548380821,5729.21011436168,44,0
5156.0070521477,2156.03797088848,44,0
2538.79591862149,318.126323362414,44,1
4083.0982730394,1364.30305218151,44,0
489.932346097265,3028.51721186835,44,0
5718.05986695695,3900.95093516628,44,0
5629.9549484586,2476.26298974795,55,0
1353.47919034655,5188.77650395516,44,0
3576.52987199361,410.575020876949,44,0
710.869914176183,2794.21980041952,44,0
4212.77364388444,513.220830696754,44,0
4812.09723263228,764.145229016628,44,1
5125.57253570924,3669.08977631032,44,0
4895.30529662944,1156.10234850765,44,0
5849.80787111592,3092.43444134937,44,0
4778.42814535099,1304.42484898144,55,0
5696.16648824394,2277.33794980026,55,0
1421.49275114972,5265.30890780529,44,0
1280.67265985833,1937.51181670638,44,0
1752.38519331034,1177.39952231386,44,0
1577.17920514361,4997.32165130034,44,0
5187.90274075844,3859.84678111044,55,0
3752.74360985969,828.574832430936,44,0
2023.86779870647,5517.66895586409,44,0
4433.60268322005,1029.77645881028,44,0
5334.03118580442,3888.07611654793,44,0
4416.73978461552,5276.19686863893,55,0
5154.56166447566,1453.59885538703,55,0
4902.16910015646,5401.45165493619,44,0
5975.85074095121,3876.20438925364,55,1
1845.22427860802,4662.57635609334,44,0
5458.54107116655,2428.06866044082,44,0
5909.16436281039,3971.32516920666,55,0
1488.53909210568,4936.60555748448,44,0
4796.27170856019,4887.80826397688,44,0
6049.75475468683,3176.24934472143,44,1
1426.60559954028,4753.12940545196,44,0
2741.91579511769,5417.44466286976,44,0
889.759731647634,2101.00855012654,44,0
3135.73005739863,299.5738972375,44,0
2165.47799032415,655.828241828173,44,0
4680.50844190701,5088.27365123734,44,0
5411.38416508788,2021.17324231551,55,0
1074.88273173772,1190.00290549024,44,0
5102.04183207502,2241.29640889106,44,0
4887.45227170501,1579.90484339902,44,0
4291.33713702265,831.880155583973,44,0
5075.09212842123,3484.9191100172,44,0
5413.59316911042,1354.54481639692,55,1
929.757907727636,3209.6353777235,44,0
3660.18398726974,866.543436015494,44,0
5310.76551429209,1698.60420132222,44,0
5378.47688080338,2146.17067838799,55,0
2372.90718676592,658.301569030932,44,0
5544.91994850612,4515.13988336487,55,0
5268.9246673319,1408.71961705787,44,0
4097.86635713127,5421.51902616997,44,0
2232.49181485609,5500.11938189248,44,0
4110.59227351809,5838.5129115943,44,0
3173.08544744479,713.411124419452,44,0
3855.2580710205,5786.29565960964,44,0
748.17395015494,2582.59889027135,44,0
5458.00568374192,3023.68208919591,44,0
4529.56998706672,5136.25123730137,44,0
1558.66232950037,1175.82133185172,44,0
4442.37541008205,5171.28940613925,44,0
1496.30520123953,778.394466126852,44,1
5487.47523040425,3199.80862305702,44,0
1186.61002010927,1185.19292643554,55,0
3341.55139608595,5834.82469197686,44,0
4231.44625333974,5162.59400750216,44,0
5439.6945542653,4676.16412843569,55,0
2469.65161540607,5785.06333277502,44,0
1703.16568968463,4846.00708032871,44,0
5237.08679888543,4589.48533938061,55,0
1977.62946650875,750.813554319347,44,0
1281.71094865781,1608.27692169852,44,0
834.947975045897,4197.47992663809,44,0
5439.38291339216,3283.24237813627,44,0
619.572086395654,4405.34860127796,44,0
2818.51279133056,5354.51221584879,44,0
4766.50761851571,1858.38786860976,44,0
5282.52503505142,2930.79457230982,44,0
1535.76577908367,1077.55030232119,44,0
5691.85366153756,3697.72011769503,55,0
3926.09441867074,693.585310461491,44,0
2621.14461064309,5540.82159930994,44,0
2342.0690066458,4834.36299778869,44,0
4073.73479310404,394.615061534277,44,1
5230.97603199455,4757.70925445841,55,0
813.41985322093,4480.15530515668,44,0
3305.40885793125,377.535321381538,44,0
1964.21478516489,4914.02589490092,44,0
909.484209828587,3745.41971805938,44,0
3862.36136830129,5353.82796570651,44,0
3520.28594613527,1009.281982162,44,0
5406.66632317155,3370.87246748742,44,0
2920.10412022452,5079.3579907643,44,0
4883.71512340176,1694.58449956372,44,0
2019.51792835652,5167.3296574076,44,0
4895.9748532903,3453.74818135502,44,0
5235.39958600807,5218.79977970359,44,1
1817.32407376587,5536.02298256018,44,0
4845.99836443032,1495.81566177872,44,0
4585.67453447963,1508.48893839941,44,0
5749.63821800666,4105.01619631039,55,0
1733.31795131881,975.55920685581,44,0
3266.57451868778,888.643449420287,44,0
3039.93238519972,357.098189835711,44,0
4362.54563760823,5471.74947033808,44,0
5515.14001920841,3531.91573915935,55,0
565.117605981038,4325.90163864712,44,0
5614.62906585978,3884.89375293971,44,0
5217.09561365206,1744.13770224065,44,0
3404.23956812528,6041.47400772757,55,1
5834.81299051094,3512.43414719311,55,0
5195.07833684156,4173.46412914038,44,0
4812.6805555096,1998.43263561637,44,0
5259.51049273816,2156.74304609018,44,0
382.36510549403,3154.83913476176,44,0
841.011557481915,4020.53934350676,44,0
1385.84035071202,4968.56787980783,44,0
5405.693917252,2527.43945587334,55,0
5329.29761697061,3282.59569690244,44,0
883.007659643172,3127.0795851314,44,0
6063.32878606786,3054.93605526679,55,1
5015.01077640371,1082.15925299439,55,0
2041.40216518264,4967.70597131233,44,0
5083.20791618628,1363.5146675341,55,0
1749.94650543641,1078.69068231839,44,0
5621.54136092761,2810.49005739175,44,0
3562.92578416773,519.279029706338,44,0
1500.20877157995,1434.01859112939,44,0
983.153340779335,1837.96758232168,44,0
3968.0129930315,374.179707126288,55,1
4308.01734338197,5263.8544894006,44,0
1931.1586898265,5135.01805983487,44,0
1194.99673635352,4485.0280030799,44,0
1721.66515172509,5557.65833569596,44,0
1456.00934257939,1131.26461629139,44,0
1911.61641041555,5504.94266152525,44,0
5375.01313001677,4077.17782425285,55,0
1614.89354390072,5600.56904843438,55,1
645.141393462851,2534.4584807308,55,0
2039.67853426605,5066.86597295271,44,0
5648.38540339168,4482.14514981032,44,0
1869.5696480208,4954.91614697764,44,0
2617.64271919256,5349.52237985022,44,0
5614.61793889509,3599.77960176348,55,0
2700.81801660264,632.003699839081,44,0
4538.61858936623,1603.17988896263,44,0
2783.04422928303,5624.01798679844,55,0
5359.83730370887,5045.92385839453,55,1
3716.79215878907,5513.93245471208,44,0
590.631629780487,3421.71844338567,44,0
621.117040922778,1798.74684576166,55,1
1960.55989280722,861.799595039639,55,0
3202.62011604652,614.803626953908,44,0
4907.99533001009,1398.9764584874,44,0
746.387870901415,3633.72385569,44,0
1290.55667747873,1134.83696776878,55,0
1068.37655682506,1358.25576631605,55,0
727.583442815464,1737.66029470147,44,0
5570.81282060363,1602.86072076276,55,0
5481.56511768744,4301.40461342274,55,0
1444.63979561277,4565.2897011317,44,0
1427.28512851269,856.441655645208,55,1
998.688705740533,3456.34551984522,44,0
283.595678683926,2988.15499882797,44,1
5615.17408247346,4080.6699552131,44,0
3831.42272966657,624.952339426136,44,0
5306.11268407429,3372.53604754039,44,0
4997.54348514609,1692.81425178279,55,0
1324.59317437791,1844.98003067818,55,0
4722.48179447737,811.598810930086,44,0
2745.65258446956,279.030532543407,44,1
2736.83112082298,728.101951268404,44,0
5029.21723215314,5086.41544117137,55,0
2909.66994101267,5301.47802014564,44,0
3866.84185056762,5921.50261115236,55,0
311.73501909011,3480.99654450975,44,0
4017.53665100602,5198.05983482724,55,0
639.868874994915,2000.59737607706,44,0
2620.4856557969,916.764599104288,44,0
488.387420693135,2195.28683975762,55,0
5350.89483817902,4933.89631845668,44,0
730.216981057187,1831.96061210255,44,0
687.573642674917,2089.12522391339,44,0
5651.04559607911,1683.98998146956,55,1
2308.06584514394,5404.89138856446,44,0
1455.11175123327,1517.9727291958,44,0
5608.5581042354,2157.29111004061,55,0
1239.40848508069,1517.3252651017,44,0
2638.04864709089,5250.86057594522,44,0
969.165106313897,1278.9722126029,55,1
3591.02327832371,709.125965206275,44,0
3925.73961325775,484.924511114416,44,0
2547.32508845066,4990.11286188878,44,0
5873.30603538877,4082.24613899348,55,0
3717.39741903675,676.476537423235,44,0
4794.72442453754,1620.79311694216,44,0
5469.20179023393,2220.37459653139,55,0
754.208478110091,2005.6050893198,55,0
3766.80345302861,313.553432825456,44,1
897.245962182996,1881.0485332098,44,0
1766.1612744582,624.939642303308,55,1
584.104730077372,3139.76249201716,44,0
3203.93300667163,5672.8671327149,44,0
4595.15771917915,1408.95733024017,44,0
4499.29809633042,1409.02368499516,44,0
3199.96766598447,5568.83890676364,44,0
2831.58729947505,747.673435644906,44,0
4796.08341907677,4775.30281312375,55,0
4787.346758151,1184.72392895099,55,0
1941.23799238559,548.831415172456,44,1
5305.55991531603,4164.93456288605,55,0
5128.8040916116,2328.89923829319,44,0
4835.60098196295,5545.32278291994,44,1
1312.44167487047,5295.54892955058,55,0
4345.94646566867,1219.40627749322,44,0
3269.19290617431,1111.50637402089,44,0
905.241392223064,2297.78267531773,44,0
5634.07041895155,3790.93012766879,44,0
4895.90750541066,1264.65608059235,55,0
2690.85477702428,5998.61408163189,55,0
632.636830062652,2850.90039499941,44,0
5666.63889669243,2585.34011298625,55,0
5497.55963970549,4071.68964011257,55,0
1542.19374260416,979.113023958271,44,0
1083.4655826069,2716.85101242786,44,0
4402.1593970002,5066.37169801263,55,0
5874.02418783556,3803.30358693766,55,0
4669.86513837624,1196.63631117784,55,0
5598.64733757407,2052.10464169149,44,0
577.39735176427,2114.19732844569,55,0
1556.85924526519,5096.82351557146,44,0
1090.64782796156,1948.20917646371,44,0
5166.75330103625,1842.77821793537,55,0
4974.89238381774,4667.53080241327,55,0
5267.23345104167,4276.07884060079,55,0
1980.77913859337,5726.4412640384,44,0
4595.62946626657,1110.10423958276,55,0
3365.2926604578,5417.02222859955,44,0
2882.0008520152,441.860639075188,44,0
1019.28909884555,2515.83937560029,44,0
1987.21324578734,641.953010491558,44,0
4388.37445106417,803.151317169137,44,0
3168.9711710727,5193.2519789416,55,0
5948.09376994021,3131.13282291918,44,0
3587.0999464439,6022.86210461189,55,1
4332.87540910378,670.837867927722,44,0
5519.36545627857,4801.03325249116,55,0
988.053129523367,1933.85701552681,44,0
526.201810417748,2581.26219175599,44,0
5142.6012518774,3567.96093739112,55,0
3242.84260630375,283.411076219947,55,1
2445.57829053345,362.81470446218,55,1
5224.05803257461,4072.64101738716,55,0
2091.24688174404,5229.45437962729,44,0
1170.7100442651,5016.08681931653,44,0
4275.04286691615,5066.95081575432,44,0
5488.84400987757,1881.791811861,55,0
5566.66092154162,1784.87192421862,55,0
3953.67399540901,5052.33097111827,44,0
2669.27881318444,5645.54283279878,55,0
3523.9265626277,5927.34820650319,44,0
5830.20456093877,2224.99173537999,44,0
3802.78466763811,5152.70805222297,44,0
2405.41922010283,5356.60899834847,55,0
744.639846603298,3282.64367307951,44,0
1481.08836866232,4659.34329563513,44,0
4452.72108528836,1215.91489214425,55,0
2674.77246002533,1002.84206330344,44,0
839.109310143241,3679.88075962404,44,0
5007.356173908,4816.60070217825,55,0
5288.59841775897,4497.18213263615,44,0
580.006546119812,4496.54033863823,44,1
3352.08900826651,5078.13531370017,44,0
5493.74509601961,2101.97044082153,55,0
1099.68049309637,4815.74811921488,44,0
4210.53686894894,5613.91385713917,55,0
5989.63041688245,3571.04147714286,55,0
3748.73854087326,5320.07502264637,44,0
2243.29698022015,4879.55885502025,44,0
754.333760035892,1524.25976768047,44,1
1005.77614412628,2775.11728663824,44,0
615.851711754069,2634.3478612837,44,0
4450.90694204845,4842.4406509339,44,0
4996.54023128209,3936.49877642228,44,0
1261.31593746783,4686.73853861147,44,0
4596.53457732353,4706.45343857531,44,0
657.277785672334,3335.5413742265,44,0
4536.38456705619,5595.15495546119,55,0
1676.7389078995,4946.04574188034,44,0
3829.64771011318,492.336411693797,44,0
4518.04177089056,643.834361984284,55,0
5059.82033788967,1255.63916234716,44,0
5197.31288262977,2881.92480996918,44,0
1186.06833584179,1062.2187963318,55,1
1869.7471857373,777.333792172829,55,0
434.36353777255,4209.96899856656,44,1
1149.05470977138,3744.57767520591,44,0
1656.47847708498,1186.56380047111,44,0
3597.86568166885,1470.14420267391,44,0
3067.75408717681,1076.54905338028,44,0
3668.76127844071,766.591671838335,44,0
2642.97887060255,315.628553099692,55,1
892.002656114561,4277.39663945768,44,0
4998.9949695856,1574.17793363202,55,0
1210.01629165997,1814.74165428724,55,0
1548.03239199476,1353.75327500718,44,0
788.810236172494,2110.52680946061,44,0
5283.25254032053,3162.09077519183,55,0
4598.22360754281,1689.67041542001,55,0
2373.89891913714,5956.72467689243,55,1
5595.55188774851,4386.92048291782,55,0
1832.27290798463,1365.12179896607,44,0
793.298680464494,4819.25331118505,55,1
4731.31620194581,5325.98224375881,55,0
3174.14725495821,5409.43911139124,44,0
3357.70732251598,272.656555025172,55,1
4891.91660574072,4141.95764057393,44,0
3045.2130804473,251.909126792591,44,1
3375.60439588151,5640.1876841394,44,0
5452.43429483643,3747.15277821365,55,0
4119.61677265802,597.831947425225,55,0
4738.19893189306,4970.76112230111,55,0
2231.50158928521,407.192445229005,44,1
5028.49763324149,3233.10650962744,44,0
2349.36661676058,5635.74605794841,55,0
5426.33488810557,2329.63148865888,55,0
1280.96720863558,5015.7057624336,55,0
2156.45851754467,1225.76169286623,44,0
5557.81039394417,3018.20143929728,44,0
1132.13530463237,2264.91665213186,44,0
3711.01856381521,5121.27874474201,44,0
1146.3589392049,1721.08333381236,44,0
1901.01758892533,5365.3209479539,55,0
5161.30435551031,4380.66511720865,44,0
2634.43167056972,5025.27275151797,44,0
4734.17008421076,5489.34526822194,55,0
1252.75561267262,1706.97529631146,55,0
4423.45298260793,4943.6863908385,55,0
2544.90799756211,5474.95410425044,44,0
4897.31999035486,4854.9043056865,55,0
5465.69143601217,3633.85583998282,55,0
2941.88962257308,5841.45243744348,55,0
1959.44196031921,1105.58337304017,55,0
4692.80644367885,4724.8533060123,44,0
4161.10289410935,1539.14037114038,44,0
5346.03935447514,3688.76308700151,55,0
4634.24394602411,663.717286167632,55,1
2806.33254924151,5890.93754394396,55,0
3454.5953955512,5466.00773764837,44,0
2088.76551885245,5423.82750383787,55,0
4807.24873422995,1409.69297056406,44,0
1702.71732739982,5450.17948816529,55,0
2943.63051810862,363.032714202864,44,0
4144.43482792865,715.335647206276,55,0
4643.9302375662,894.577616553891,55,0
5392.90959446878,4459.65617577268,55,0
5572.59947203397,2279.42087645332,55,0
3663.69234323392,5597.23329643788,44,0
5366.36820154735,1469.78626123408,55,0
1170.94426055996,1596.89575324272,55,0
1883.20494510455,653.270204139401,55,0
3649.8505498243,5296.62365345119,44,0
5807.2881140236,3309.0668043061,55,0
1869.63745062863,1541.30935145151,44,0
4481.82155623111,5479.7872446811,55,0
5830.1892755672,3195.24462000421,55,0
5696.84978050401,4325.23435863973,55,0
5445.37455400627,4177.31706909386,55,0
4459.39174846566,1321.98110247985,44,0
4245.14214726456,1579.7653175644,44,0
2470.05298489504,6005.47937118496,44,1
3011.46254694801,5941.68870632107,55,0
5656.74723699138,3983.71817164009,55,0
5118.10455411618,1585.3395255332,55,0
4845.63440844149,4976.92817164273,44,0
5542.85201405818,2603.19024163161,55,0
2174.39165896749,4814.64642008305,44,0
2691.23088991438,5864.97860374599,55,0
5501.73279918559,3108.82959521318,44,0
5673.84202499122,3014.07828282023,55,0
3787.65056860044,5413.45247760441,44,0
609.219783441695,2229.87299990742,55,0
1293.86181721248,1415.96044397137,55,0
5407.3669593526,2754.71612805462,55,0
3836.9136169076,4895.36256225262,44,0
1917.99489710641,1327.48489010886,44,0
1635.78498206399,962.611558196845,44,0
3421.96443849155,1007.89252909733,44,0
3930.68687917428,5272.27383346297,55,0
2453.56487843896,5453.55943949543,44,0
2024.41867523434,5323.03556395427,55,0
5065.26118634922,2405.30707879446,44,0
5334.51905283664,1590.64102324787,55,0
4123.42975879845,5692.22406690759,55,0
1780.97179693383,4904.90119786641,44,0
1551.82902937197,1540.10085350777,44,0
4324.19277850385,4982.35465317242,44,0
2731.6961232608,5744.88997508558,55,0
1587.00266645372,2018.13548414738,55,0
5782.24132715182,3993.63570087949,55,0
648.367410911315,4163.07946511903,44,0
2417.71312905791,764.157877849547,55,0
1441.0989757403,1818.65103814554,55,0
4156.02280290735,1637.39692804533,44,0
2925.08812798202,770.218072539551,44,0
3032.27280903636,4905.4426782511,44,0
2713.08522458904,5536.33122197627,44,0
2339.57574597534,397.830885096289,55,1
1273.10359697515,3991.09461607937,44,0
3077.29727516246,5293.17859062049,44,0
3170.58519129922,5306.61152872519,44,0
3892.10728945611,1301.92949039405,44,0
2746.0293371342,1224.38158938218,44,0
5503.76842238711,2702.28563926403,44,0
2224.54110583165,5282.1178712434,44,0
1357.95457352504,1743.73284512533,44,0
1584.03313191655,5382.25389121808,55,0
2914.57478356418,5526.83901256003,44,0
3478.73764484878,5566.61872732591,44,0
4040.84278823995,4836.15975525306,44,0
2911.22705995507,5188.35110184679,55,0
2249.4679769087,1080.90755566804,44,0
1070.40484900185,1633.50593595819,44,0
2043.14821964422,5628.42190272526,55,0
5058.91789110139,4334.88665950737,55,0
556.816069830226,4002.91451713048,44,0
5383.87848417944,2865.50821123622,55,0
3238.30805235121,5855.93575215226,55,0
4944.28358621301,2659.82144578672,44,0
1706.64421554414,5672.73336167611,55,1
557.505853317697,1892.33686024259,55,1
836.222550890202,3587.97947747617,44,0
2325.52284270644,5051.25139155274,44,0
338.593379925133,2570.10295236299,55,1
1182.28574970929,1915.12145461437,44,0
3096.89503079159,650.148133614552,44,0
3252.0695642703,5259.66028309937,44,0
3855.17180239101,375.52342717361,55,0
4946.30281317173,1795.84258770935,44,0
5000.90657631405,4550.98743043779,44,0
4401.82002458326,4573.02742955152,44,0
2996.57656075177,5594.65382229147,55,0
4861.86881541904,859.616118594364,55,0
1580.0430188572,720.867170247988,44,1
3957.48555119347,1224.49495422729,44,0
2665.4645456777,519.218388101846,55,0
4846.18118197475,3191.07497626651,44,0
5735.3137800026,2889.78191118209,55,0
3871.64040654338,859.02808620658,44,0
799.966913036594,1912.90494845882,44,0
5294.26835918733,3464.75510645341,44,0
1660.69322303055,5055.48727701922,55,0
440.74674684831,2730.28296470298,44,0
434.309827085158,2634.66557921636,44,0
1701.91524255461,1658.3573762788,44,0
4623.3598861694,5303.74052642847,44,0
5713.14098093149,2054.47988980109,55,0
5319.16828755317,4682.99512869843,55,0
3150.43077382692,5772.19896214925,55,0
2844.01868398942,5768.78506299389,55,0
5414.56026766789,2640.45627121816,55,0
3449.29579242026,5355.65828284003,55,0
4934.91734713387,4472.47917484647,44,0
912.632731648961,4771.32213185315,44,0
1720.82791881058,1280.59512112227,55,0
2516.24813839494,5330.10080218325,55,0
3887.8712198394,4979.17603261936,44,0
731.331980292376,2887.24993043663,44,0
753.574529053623,4578.78491313243,55,0
732.996183582496,3024.0242479228,44,0
3092.92012341613,545.426838693739,44,0
2980.8936710422,6066.45401133913,55,1
5367.74095909478,1917.38779822096,55,0
3432.61684362899,571.422916044439,55,0
2406.90322589105,505.132053189808,55,0
3524.45602820784,5180.52593826762,44,0
3561.21651587222,295.318560387959,55,1
4846.59674910809,1796.95267158335,44,0
976.456639960442,5082.39295145971,55,1
5108.80316245853,3289.12443216769,44,0
1381.26276678678,1222.21013143294,55,0
4806.25556422745,3882.79265402449,44,0
3521.37728953512,5082.12020073837,44,0
4582.65816041552,4814.24690409136,55,0
5406.44313819573,3473.86243840029,55,0
2747.67363009087,5188.98815762461,55,0
2227.54048481633,4983.69076427713,44,0
796.095976607615,2288.28208857569,44,0
1425.17558751273,2223.93976925565,44,0
3990.48266330082,1390.93107640406,44,0
5731.41998567587,2774.84573873742,55,0
1058.16627395954,2198.03410999814,44,0
5394.93385615483,4781.40952405181,55,0
1009.6399077402,4517.88859847475,44,0
4133.8472420937,4866.90735240947,44,0
754.814603339622,4381.79116529508,44,0
4795.70317374991,2251.61256003064,55,0
5357.77687664708,3576.73925367732,55,0
4217.34958145902,4959.47686893697,55,0
4933.11519714991,2384.04799932757,44,0
723.966819503392,2193.55014113171,55,0
1655.20932563094,808.145778556588,55,0
481.401093879427,3121.97747839516,44,0
612.843920305853,3609.35640149713,44,0
2115.95244126991,1322.26537716603,55,0
2152.01411553958,5657.08604101109,55,0
648.937373759459,2954.85868786526,55,0
601.82364494374,3516.38004621395,44,0
2338.75506255667,1344.66878048112,55,0
5610.76908263186,1892.857021326,55,0
5094.4489999227,4743.23022499269,55,0
4952.14009355673,4965.81706298,55,0
5442.85146569613,3860.57316850679,55,0
353.157081492533,2375.10907287107,44,1
1255.18583694176,3306.97567783297,44,0
982.110367511325,2680.80555824202,44,0
1062.04494804394,4020.32924769307,44,0
3366.75349854513,5529.12200999414,55,0
3684.53444350132,5405.54019749614,55,0
988.572344821628,2126.40632580529,44,0
4549.58525697827,4462.99092989016,55,0
4994.91892160353,3845.33160529475,44,0
3527.57113467084,5281.61503337266,44,0
2600.43854913444,1057.46485855809,44,0
4699.05958870904,4833.40614492383,55,0
2426.46428765567,963.591482911964,44,0
5002.87998443016,2200.2038417258,55,0
5099.40511048554,3394.69606341253,44,0
5412.40874872312,3971.35419052907,55,0
4993.85783181061,3427.55233393542,44,0
1745.72541101424,5132.18217412516,55,0
5738.9765440157,3590.57521241328,55,0
5747.32114959575,3799.24054197515,55,0
702.376494684579,3851.54113758574,44,0
537.305926413797,2785.23775372057,55,0
4860.18772016321,5187.90784196847,55,0
2763.63606015902,1451.86328147806,44,0
3842.60956962414,5064.46084864368,44,0
840.277748740366,2644.32827790222,55,0
4648.68876696304,5567.54253671888,55,0
5886.16352978077,2915.8844071953,55,0
370.093624217422,3768.62303784976,44,0
4541.98932706541,4040.25594143623,44,0
1411.62524239078,1917.92240936654,44,0
2989.15073579573,845.229000074938,44,0
3662.0200627175,478.218677047547,55,0
4778.36152590658,2140.37512433864,55,0
1109.60228846908,4543.53746679578,44,0
3934.97131897203,1130.79913061744,44,0
4275.61688867777,5723.41045221468,55,0
802.819113297087,2954.67576401614,44,0
3002.74193703971,5119.77665496822,44,0
745.881774948258,2477.5726957606,55,0
1985.74585456675,4813.07239633676,44,0
4879.95106467394,4341.23759809289,44,0
929.524818356451,3547.59840943419,44,0
5081.11181525734,2495.36701611592,44,0
1215.39579494726,2216.92693015704,44,0
5509.99537474707,3418.32630115116,55,0
831.623833624074,3044.52493008486,44,0
3497.11589747918,713.189618094376,44,0
4020.44413761675,1295.61853511722,44,0
5168.95531770161,1244.29329547802,55,0
913.720838827608,1471.3621605262,44,0
734.605204102794,4211.58856748776,44,0
1171.1902036555,4734.01240115759,44,0
1377.70018519396,5078.52657194822,55,0
4031.95278391188,687.399163832593,55,0
1834.05800746782,5203.34475644337,55,0
5153.35911082553,5290.99230449189,55,1
2376.49972112344,5129.96790864254,44,0
1371.06973098228,4668.38786829266,55,0
5234.16824860854,3254.31714842651,44,0
4022.04739628605,5621.34509689727,55,0
1981.36774380085,5829.3641379807,44,1
4335.19656737075,5159.64549073694,55,0
522.887902800696,2001.95757372712,55,1
2248.83714936809,862.808577604593,44,0
2065.17791094321,4859.39798320422,44,0
5798.16655406817,2997.85533927467,55,0
1209.70295463126,2847.08984956647,44,0
3127.2515128837,4938.72318527359,55,0
1459.45237510273,5156.47074098927,55,0
5288.92761651024,3033.65778774239,55,0
784.785794404057,3380.74131588893,55,0
2056.49230000227,956.885184537272,55,0
4745.49762714463,5205.18274483332,55,0
911.009473571612,4502.62185993852,44,0
5611.94316047813,2916.05911407793,55,0
4861.54762132089,1900.10114309461,55,0
982.508845867504,2377.54900092445,55,0
979.111934245589,4423.0651621926,44,0
335.250841843093,2466.83461139729,44,1
3358.28256220168,1084.32849640341,44,0
4972.59773419722,4040.08751850422,55,0
402.224443054241,2276.98085996304,55,1
4230.53641225196,627.882546622185,55,0
4540.734757805,1008.58135616873,55,0
3703.71189833513,6015.98612013106,55,1
5346.55980830867,2433.68003481901,55,0
1777.75064275114,5014.04190222478,55,0
2723.96408319376,5308.26564338005,55,0
4624.85936930931,5192.45023429646,55,0
4971.83413438198,2478.46792968731,55,0
3066.82200034039,5191.28426666163,44,0
5737.65306049947,2165.96192318213,55,0
3786.89184579089,931.168014842269,55,0
1937.47177551347,1218.5564648182,55,0
2193.22252355531,5799.24758466314,55,0
696.000232834276,3551.18333218147,44,0
4315.77441505316,533.898975742983,55,0
4019.91415933638,531.841830957922,55,0
4128.38174967516,5177.99305642222,55,0
3162.67585064509,872.640186485586,55,0
846.174820012573,4918.93798004353,49,1
5212.19632622085,2253.12397169532,55,0
4711.12353469696,2370.45471784951,44,0
4417.6868350599,5576.06061918599,55,0
1546.85786408221,4583.04278544194,44,0
485.546423104348,3792.32359056411,55,0
5147.65322458351,4263.35225300404,55,0
811.790244116708,1442.57519835286,44,1
4835.69783747134,4667.00337553654,55,0
3395.83461257457,692.018057633896,55,0
3735.01274929869,5220.8803102386,44,0
2468.66197656749,5118.52076553521,44,0
5448.97122307244,4893.58149582338,55,0
1435.34821479543,1333.19384779356,55,0
1645.22228286882,1366.66822279182,44,0
4863.65880395089,3551.34039008423,55,0
5044.18005780211,4223.09735890913,44,0
3955.92614999492,5836.73274710212,55,0
4556.21020794069,1318.69397782253,44,0
507.201106584422,3477.94329584202,44,0
5374.70507391506,2969.68470126144,44,0
1632.12469273836,4784.30979062054,44,0
1155.04175788091,3104.60523601119,44,0
2266.0321139632,5947.41155771619,44,1
4412.56477556938,590.561673790831,55,0
5162.25880116295,3756.93129642645,44,0
3115.56993915543,5503.45082497282,55,0
3211.44499444218,5982.96665935812,55,0
5931.61301908269,3331.85096612695,55,0
4386.29736442711,4676.30891635708,55,0
4778.04375574017,3980.84730450718,55,0
3819.67624810228,5524.11799962606,55,0
443.343856166727,2506.37421518285,55,0
4865.14456110454,4050.78569904673,44,0
4572.51455367124,5712.12162042494,55,1
2939.37519857027,260.071415250505,44,1
1249.82895093178,2130.01144099682,44,0
278.130324820893,3205.81722098013,55,1
5686.88860669883,4205.77909876687,55,0
2140.2526645723,1030.04959589372,44,0
5487.60731799315,2924.17650610632,55,0
1031.37351068254,5175.16761543548,44,1
5414.19982766854,1795.02243089271,55,0
3995.29083827187,1037.04472089907,55,0
4186.46255820045,5366.57958166352,55,0
3823.91798739981,4796.14118157733,44,0
3559.2438629656,5389.63422738474,55,0
5116.61174761165,1706.30279948711,55,0
1086.17334076561,3821.85220960562,44,0
685.985724020143,3455.24965535882,44,0
1940.13978515566,4641.30418407126,44,0
5219.18782308747,1635.61314546645,55,0
1492.58944407118,4189.5958649772,44,0
4203.13186948923,4686.74729343083,44,0
4490.26502272239,4542.87505998187,44,0
5973.20923418567,2829.94028894183,55,0
2890.50857084678,1125.2868556162,44,0
442.6641602058,4103.12610346522,55,1
1559.73085172869,1811.31263856124,55,0
5020.95558053162,2314.39827655219,55,0
4295.72559741354,4722.66436592885,44,0
3809.68080482549,1356.05873684424,44,0
1944.34667376402,5025.68208706185,55,0
4535.42396655149,4917.87646796563,55,0
249.554987121792,3404.89324000561,44,1
3114.14244923717,987.924337885078,44,0
5182.2100639033,3963.04903411088,44,0
2259.11365416036,1202.30396973334,55,0
5207.26517332995,2073.98891776061,44,0
3292.48589906503,6070.93173033218,55,1
1111.1967088623,2356.14934825813,44,0
3503.4552092762,5687.99535074691,55,0
5265.13021878099,2351.51540013191,55,0
4372.34560924846,4781.73469469925,44,0
5601.48574222157,3233.09459393111,55,0
3101.50962156946,4725.36643857038,44,-1
4508.58128218677,5027.90590719908,55,0
1180.52633610088,4276.94975089367,44,0
2827.49363682831,5254.39422027118,44,0
4169.68911332473,5071.21269091331,55,0
2803.63060019141,637.500212258822,55,0
950.630829386591,4971.09369786042,55,0
4790.72471635876,5083.12544649881,55,0
2678.2010763471,838.334693336422,44,0
4741.00301914473,1533.34001170249,55,0
4967.49363795149,2748.73423036974,44,0
4364.41606783628,1313.94786155148,44,0
2942.11042998828,4982.88526030388,44,0
2081.88147015204,5761.62591824115,55,0
1752.25546668533,748.011270069087,55,0
2503.97921594718,5892.91170219858,55,0
514.000321486305,3578.97140764992,44,0
1185.91341890605,3833.29251316369,44,0
4185.59848333436,1140.00155133056,55,0
1105.29257391464,3470.10398887019,44,0
645.695070131467,3229.4573566055,55,0
1485.85194484037,1715.16081483175,55,0
5194.29139845498,2977.72107518743,44,0
897.204033102685,2929.18741967598,44,0
1387.02536037443,1643.14373728615,55,0
788.175420228033,2734.4840987734,44,0
1035.85968079514,2287.44964723029,44,0
576.645695167828,2340.66650032258,55,0
4897.98117163878,4573.0033335405,55,0
527.116281566362,2930.9824387616,55,0
3233.59313784969,790.972038856871,44,0
2458.54854997478,870.494783427132,44,0
4873.01524761659,2814.65895992626,44,0
1192.13577355869,5305.89242025879,55,1
2519.38805049866,523.86162169496,55,0
1529.3966343567,4275.55341051579,44,0
4062.56588098285,1589.86644724459,55,0
854.738038421432,3286.2164641263,55,0
5384.323169234,3102.66694076843,55,0
444.126178191088,2843.79765739482,44,0
5855.23968980975,2503.58412802812,55,0
1259.27151961096,3898.74404315244,44,0
5688.612637504,1796.22410509242,55,0
4001.42743777973,5370.77539119503,55,0
1648.63740838159,4611.17913229938,55,0
4910.79571233118,5072.18125374632,55,0
3292.5305071264,1015.19641172997,44,0
3823.3308358654,736.666761710468,55,0
5085.32737294902,4006.050943362,55,0
4193.733510078,5897.50453240034,44,1
4392.94164568394,1417.70610597498,55,0
3910.00921832629,5153.04232854791,55,0
4487.85554519898,1915.11689067861,44,0
3361.33684327859,475.246224149556,55,0
5113.08388440377,1142.08933468248,55,0
4699.31241867145,1424.35715402672,55,0
5198.16891024038,3349.77730272544,55,0
4213.12498285574,1709.54145948874,44,0
3004.67875812161,696.827057165033,55,0
2291.55656604177,511.050795778383,55,0
2129.15952041463,5535.81566764028,55,0
3448.47299603304,812.759789451464,55,0
2076.26923066053,1763.38455946617,44,0
3744.93835339751,563.478482871037,55,0
1439.00380657134,1014.82085024973,55,0
1398.88300894644,1432.59736758682,44,0
2039.02333469101,4473.18564760282,44,0
986.964706678974,4626.97404759318,55,0
2288.3279626349,5191.84898873018,55,0
4293.71365507659,1997.17609704876,44,0
2009.01897379459,1306.89652835374,44,0
5174.55268911985,2434.54268650302,55,0
790.887182060679,4288.17788013356,44,0
1095.10761282345,1840.36420537635,55,0
5292.80082790475,3982.96109886147,55,0
1919.71049640276,5618.1161688436,55,0
954.738366549257,3647.48404538053,55,0
2559.55594490169,5085.46933528432,44,0
864.082916974818,1560.95755404046,55,0
5231.56383544685,3647.82678844833,55,0
4633.85096996294,4400.03532855594,44,0
1490.93222892195,1611.4324282551,44,0
981.41633853682,2029.05884190761,44,0
5119.73209954261,5172.72519662175,55,0
2264.50753440692,4785.87845542757,44,0
3347.59453007917,5307.24888936074,55,0
4975.35555592022,2091.33880627579,55,0
2649.17677877733,5140.40289425367,55,0
5175.47732799178,2687.36250272367,55,0
2302.61598427055,758.013779581139,55,0
4845.81090223261,4428.77869094264,44,0
3945.23811284318,5709.61849610821,55,0
1038.40394313802,1731.84496183276,55,0
4827.39543638938,3656.58528692989,55,0
940.95523370893,3024.43262086236,55,0
2675.61798420413,1129.45013779454,55,0
4944.51909972517,4256.69191417433,55,0
1320.15801350801,4352.48516057246,55,0
2449.4749551218,5566.27642182331,55,0
3961.03960978321,1625.13359788167,44,0
1316.96966265611,4776.59843817179,55,0
5054.31246186092,1814.06867331676,55,0
3003.04465571034,5472.58644428454,55,0
2133.77797205972,5031.4314912429,44,0
3669.45045680819,350.992916324003,55,0
3808.77504084193,6020.0226111076,44,1
3912.08685810283,5457.09084457185,55,0
1083.46441685701,1498.99229349101,55,0
1835.05014961085,1018.07573669366,55,0
3322.24978702585,5950.70834407828,55,0
4295.49016820458,942.272416626001,55,0
5510.16591269088,2812.31326751204,55,0
2626.82494427762,739.402842168147,55,0
829.895388630703,1790.3529523782,55,0
2112.25380182741,1500.91860915095,55,0
4747.87070521419,944.535931790114,55,0
3508.90970998955,5813.85063630863,55,0
4564.25163363249,1800.30439121523,55,0
4265.60713291881,1472.80355764036,55,0
5540.5464889493,3817.50482761689,44,0
2517.12986438787,1098.18167913696,44,0
831.662755463507,1672.05432829075,55,0
3207.22778663646,973.444336997448,44,0
2785.70268545925,1126.71669636487,55,0
3130.13950022915,5083.20451900826,55,0
5631.48018605958,3392.34878081775,55,0
4481.02644787217,1518.20020421379,55,0
3632.9710387786,5806.36923030384,55,0
4681.01547149712,1803.24972330762,55,0
5035.09766819248,3703.88984927667,44,0
5457.54216996429,1565.60961596759,55,0
3328.04658538565,5188.06230510433,55,0
1854.24721512804,898.602032498668,55,0
4477.96085299255,4636.27213822352,44,0
2869.92444403432,1027.09249221543,44,0
1774.88325087766,1582.91772994684,55,0
3563.32095771212,823.038885092014,55,0
1465.0144633791,5364.47584291556,55,0
4309.44403210062,1660.2000707384,55,0
4267.89047388111,1355.08075526417,55,0
2516.82919993589,706.305992968148,55,0
1595.46144519206,1455.59344309113,44,0
2356.24186380306,1589.66448172146,44,0
4305.38889072598,5373.58217199873,55,0
1081.55895936457,2442.11042827709,44,0
3651.76384604569,4953.09553587446,55,0
3631.30947478864,4745.79574625539,44,0
4160.84118909376,1430.23440617643,55,0
3280.76391826258,688.473953971463,55,0
4022.8053515829,1702.99275533093,55,0
2402.40897814152,5232.70698823009,55,0
5243.7440542453,5064.32203427288,55,0
1206.99173305215,2330.7921680953,44,0
4527.30516116506,5246.00813732026,55,0
4196.84339217852,4593.30061123534,44,0
2782.58213625894,513.896455775086,55,0
4776.29438402991,1727.66000680405,55,0
993.572193658843,3126.60996353525,55,0
941.964885422742,2583.16300797081,55,0
5015.19740290015,2577.52836366712,55,0
2075.90345693942,585.851635679827,55,0
1908.28258836023,1444.32589675517,55,0
1561.75222578673,872.505038783007,55,0
2055.46433712027,822.535317065543,44,0
5566.26081335289,4173.35438802917,55,0
702.826705392901,2343.70235696826,55,0
5045.12538566428,3612.40205350081,44,0
4694.15913726459,1940.26044298125,55,0
2563.09171698196,4881.12948363112,55,0
2595.67729102194,619.209793831775,55,0
2265.85874145804,1417.677560697,44,0
1486.47478233051,5493.20013173296,55,0
3924.54882000946,590.963775786246,44,0
3297.26984247412,5729.2728390577,55,0
4457.78841987862,1827.29938483846,44,0
959.358625259431,3836.95902520389,55,0
3411.2619503154,5748.83220934301,55,0
2139.88353260496,439.754993551512,44,1
2147.36283366625,883.199794146978,55,0
4718.3086734526,1083.18042973198,55,0
985.462199909428,4856.06261318127,55,0
5248.74777086496,1519.44026189862,55,0
2827.03781360824,937.870743606862,44,0
4637.02904554351,2087.01852212105,44,0
2731.26533681961,923.036095690367,44,0
2120.8428235167,4533.02387743276,55,0
661.55957922338,3688.11241795368,44,0
4585.2812035056,1905.90906624088,44,0
1100.99683495134,4336.89902413551,44,0
4195.89951524417,4468.31517883153,55,0
2225.69501427062,5092.8263076139,55,0
2193.54949736485,4715.97368711322,44,0
828.119362242018,2843.12892264806,55,0
4829.40399019051,4221.98885430479,55,0
5842.85882281351,2673.17390215583,55,0
5280.09475924237,2829.84670058867,44,0
837.592940161951,2539.45793739222,44,0
1883.97049852608,1784.21691960834,44,0
4125.15916890418,4750.81888409362,55,0
2425.75751257903,5025.78594400894,55,0
5534.78478857487,3952.04997928355,55,0
2079.17744038632,709.778053393436,55,0
792.533747336531,3190.00987442447,55,0
3688.14919522387,961.57163008367,44,0
4865.95428033815,2073.99506564429,44,0
5261.45463642905,3751.0339478204,44,0
4664.0547916377,4526.18546946763,55,0
558.41441001104,4099.06026034879,44,0
4802.81857095599,3107.50748062093,44,0
1938.93808739661,5244.23672852185,55,0
1059.63237795721,2612.69550480145,55,0
4182.48774423636,951.2195044148,55,0
3842.22803765478,5647.07625915963,55,0
2181.40290326294,545.107905624851,55,0
1302.05574863929,3222.00543389131,44,0
3080.20665713754,790.640366478413,55,0
548.007459404985,4222.21612771953,55,0
2268.12608406338,635.309301462986,55,0
3366.76528347743,913.158384288809,55,0
4429.87962243254,1624.71617044439,55,0
3802.03597372264,1247.27036970084,55,0
710.937217144695,2672.73380934471,44,0
2530.83115165255,967.514733418276,55,0
345.700646615821,2790.17209260948,55,0
3633.63167749246,603.806915446637,55,0
4666.04688954612,1316.3070299979,55,0
867.512546840098,4607.43194546154,55,0
1902.43897121116,4737.82890472285,44,0
1384.13114631306,2010.7284185472,44,0
5925.79042167713,3702.26430279523,55,0
5332.97792691527,2255.84728497888,55,0
2165.87791888245,1127.88065567196,44,0
1350.39789001061,1527.00450298303,55,0
4059.0792278662,5078.31252893538,55,0
4241.98119737764,1237.91394299345,55,0
3745.26465689136,4915.51289294131,44,0
3477.51181557038,455.08222447106,55,0
1092.15520087281,4440.993098972,55,0
2007.99859307132,4384.17502928907,44,0
4946.74422510999,946.225034214698,55,0
5189.15922879225,2791.15389124155,44,0
2928.50887419623,936.513435866024,55,0
1524.48147700433,4795.26515541104,55,0
1831.24428045484,1255.5931428262,55,0
4891.32931803929,3950.87009347558,55,0
5851.22762165134,2805.79739036421,55,0
4036.61048404503,1148.3785306945,55,0
5614.68364151706,3114.84527459297,55,0
1715.67718709774,4509.57660550153,44,0
2751.31130985115,4961.98606647313,44,0
531.459673572237,3221.8341447449,44,0
1284.21726034111,2668.645883243,44,0
4100.9330303432,4970.93685378206,55,0
4749.74894045398,3569.96319251378,55,0
3199.49666811614,1181.58347290534,44,0
4527.36272748343,886.420455997985,55,0
1846.14402254742,1140.30525010155,55,0
5740.86093647645,3115.1439693684,55,0
2901.74046677945,556.798360160627,55,0
5134.47511566993,2583.05524410056,55,0
5292.04151774906,2723.71024215793,55,0
5255.46400832183,2515.88300571113,55,0
1591.27254465586,1661.31933257544,55,0
3733.16636955042,5684.13352267532,55,0
5909.35333916123,2349.27296249477,55,0
4598.04389882693,4222.87615850419,55,0
2559.46897686617,5721.24449275137,55,0
3754.78645065247,5808.63202371258,55,0
4780.87707796627,4541.05519458306,55,0
5072.36796509821,3793.60274751862,44,0
2340.95473052407,5508.75980649264,55,0
3064.8568788982,902.296624790769,44,0
3381.16871223566,4862.13989855294,44,0
3947.80260899897,1518.66524406175,55,0
3023.90968506594,4789.34488942766,44,0
790.611415455636,3492.34246509605,55,0
4850.06287189275,2467.55866822942,55,0
4107.95154282083,1048.72058625509,55,0
1173.89543283507,1423.98656140756,55,0
6020.1918308944,2934.60082673704,55,0
4623.89184109917,3970.84686127362,55,0
1740.88976085373,1389.618438724,44,0
4932.36575213696,1987.85176759152,55,0
3264.99873706816,5480.11970481487,55,0
900.343308602522,4111.36876487443,55,0
468.043601581932,2388.71105748354,55,0
4324.35064269937,4874.373956732,55,0
3106.66528002937,5629.15320285829,55,0
2964.18922069599,1069.79946501476,44,0
827.076679114372,2390.69653144007,55,0
3011.56188450071,1283.64089726826,44,0
2874.23619942344,6078.29157801173,44,1
2741.35136719469,5069.63409609295,55,0
1478.90312458244,1987.92559210153,44,0
4990.43382982419,4140.33192025876,44,0
3448.54528720261,1102.2666966447,44,0
1060.5437975907,4117.39742216324,44,0
3926.16862337617,4619.41282211124,44,0
5149.22778574783,3201.81740817898,44,0
983.580532533058,1561.04760327409,55,0
2850.35543850681,1214.48543508942,44,0
951.781068405445,4002.97901613348,55,0
963.803500508595,2220.23246013923,44,0
3957.48554804379,920.213545914987,55,0
3251.50851138431,510.303989439985,55,0
1747.6642232954,875.690009385739,44,0
5184.65607855493,3463.37513415536,55,0
4169.50084417658,1321.51873870597,44,0
2847.28107923994,1414.25248162097,44,0
726.27039472652,4694.31045061938,55,1
667.020471875595,3950.19341941942,44,0
4099.49266086709,1773.07821496213,44,0
2187.42482603596,767.510286458338,55,0
1703.09876086039,1483.88579408403,55,0
4021.55433169509,5495.29276047537,55,0
4373.82482065879,1756.02947929559,55,0
3963.4012936341,797.533306942083,55,0
2344.9411401054,1129.90821400554,55,0
4230.03916006248,4802.70849716974,55,0
4726.88333149414,2049.73941250963,44,0
2433.12421640973,1302.08109844597,44,0
3613.7482965812,5497.62720264066,55,0
1942.27740930714,982.266259734442,55,0
3620.78305863737,5063.45621576133,55,0
2752.60729515521,4837.59774370064,44,0
1334.96009519405,4558.05721103707,55,0
2172.40293787994,1416.59733997714,44,0
4895.67427098698,3851.03758896985,44,0
5095.16306556694,4123.67143444952,55,0
4511.30895347956,5366.8617104449,55,0
4817.85924656781,2361.80384288453,55,0
4978.34734621485,3529.40498521883,55,0
1174.3062370996,2652.56084340468,55,0
3105.92355690614,4833.45586395074,44,0
1997.9454747609,1522.98505886508,55,0
1146.5190210867,3290.36264776834,55,0
3335.05408509906,795.890910843791,55,0
4740.58783771521,4429.62796884532,55,0
853.757676080576,2198.88182389424,55,0
2808.16973641768,1311.07329242408,55,0
1707.81165816569,4702.94494617293,55,0
2203.7306220586,5394.9371630977,55,0
2585.65059587012,423.644128143767,55,0
4412.72887428955,912.027197753077,55,0
3883.00916815349,1016.08124803121,55,0
4812.41271572383,3005.91882078943,55,0
694.370375683861,4478.02533899046,55,0
3437.9864053493,5121.90625353677,44,0
4741.2880137931,2454.65901785245,44,0
2992.94784695383,469.224429152983,55,0
1791.91211648565,4781.18565963807,55,0
1159.37004721784,4152.53808374543,44,0
2864.30551508959,847.056100780523,44,0
4967.4021254051,4388.12302383036,44,0
3733.09904598936,1055.93016037045,55,0
5565.44680724462,3700.73692352417,55,0
4758.58583643198,3467.8583166124,44,0
4398.46507051955,5827.9902217127,44,1
4349.66698648788,1547.32455768013,55,0
1776.21746189165,1768.19442638314,55,0
4597.15265630731,783.594611444003,55,0
1142.16645451021,2530.81583201956,55,0
4000.46991773683,5950.86309270803,55,1
3471.9028681569,922.599364683201,44,0
4121.93303643161,4528.5598638729,44,0
1615.20911526213,2290.32943164522,44,0
916.25198408584,2470.9463124737,55,0
1293.89956619798,2037.29317462433,44,0
2356.87954289982,1239.29335288092,44,0
5952.37362649463,3463.61687541849,55,0
1200.68804111773,4378.01795624678,55,0
3596.82288146655,1361.38657891295,55,0
1292.82690280083,4456.03303321416,44,0
4070.03020820359,939.826982752311,55,0
1786.51238044666,5739.48573877213,44,1
3735.90317065698,1167.56259822068,44,0
4483.84494338578,1724.55137528222,55,0
4090.91983953394,5295.37364486601,55,0
4889.0551498287,2173.0167359125,55,0
2092.44369192291,4754.42673851102,55,0
5023.60121722139,3334.66026916256,44,0
891.717990551599,3919.88931968941,44,0
2648.44825431234,1258.84376967809,55,0
2652.65648289849,5443.73644990152,44,0
1111.62732142209,4649.99585217533,55,0
4476.90932221813,4367.12614639509,55,0
4700.78797634486,4044.38145018243,44,0
3491.45719420573,1374.3193774368,44,0
5312.33357479476,5156.54554990461,44,1
1703.29913876071,2024.28257497529,55,0
4189.42863574061,828.907083453377,55,0
1179.05996472083,4049.77620717073,55,0
2002.26244882217,4564.03815755921,44,0
4783.48709667419,4114.07299804068,55,0
4946.65249811323,3154.36365104487,55,0
2431.52848968161,4904.25064732938,55,0
3646.83249263864,1147.37655701174,44,0
2839.86311768967,334.3925236166,55,0
1845.61042975543,1679.60843598998,55,0
1375.30123817973,2634.38192095857,44,0
3544.5759245019,4975.99080410501,55,0
1586.80725195902,4702.20120220488,44,0
776.876155874918,4112.92482050971,55,0
2816.99995150656,5492.33274650062,55,0
1414.07370090096,4863.39965905661,55,0
3018.71803425221,989.696466148286,44,0
2741.46800097615,396.129851369468,55,0
1022.45677665737,4737.5208095945,55,0
1416.52698500078,4255.93963780098,44,0
1790.50354494947,2090.96538930669,44,0
1916.80401136194,4346.67027494709,44,0
1972.09530702414,1735.0679390144,55,0
2905.66169562465,5414.30538038946,55,0
1358.01972642806,2134.52811328927,55,0
2352.69475512557,880.765068010437,55,0
2950.09891840688,5714.9001811055,55,0
4484.5783087321,4743.02601475618,55,0
3245.14922608412,5105.24409089984,55,0
2029.10956984484,4290.31963108289,44,0
1810.83912802985,4485.47003440275,44,0
5079.47317674288,2793.85353951879,55,0
1463.02706612962,2576.88438573442,55,0
3292.29400383366,4897.28209077947,44,0
1332.60783807907,3511.10918367586,44,0
1589.51589312923,4888.81166561763,55,0
3892.63226597864,1694.56555735121,44,0
1401.60806039802,2327.14436582205,55,0
2323.72091517764,4940.36974792954,55,0
2664.08631150998,4930.26651784349,44,0
5093.96378617576,3022.29754952457,55,0
2585.05635371776,1171.46867952176,44,0
3085.31186369753,6092.65551281923,44,1
3616.2328806314,1040.37307312699,55,0
4161.39360889333,1840.57064486924,44,0
1286.79433794179,4244.63458390887,55,0
3832.21255788539,1127.0845613422,55,0
1321.62141525027,2243.69430653939,55,0
4975.89441050934,2849.89867773266,55,0
5064.60123361856,4457.46620995522,55,0
4629.47895920251,4118.30990508924,55,0
2918.35121228328,1281.28570338369,44,0
378.494026950183,3053.62225732851,55,0
694.938977650618,3123.3672774626,55,0
839.346796286452,3831.75695693677,55,0
4908.62460033983,2285.13068748073,55,0
1281.411089711,2458.584154801,55,0
2706.9481871962,1361.56276258821,55,0
3529.57317667747,613.939375867311,44,0
2263.50464828973,1625.63582760079,55,0
4579.16949139069,4597.06211920914,55,0
1093.32961162672,3187.90225946784,55,0
1039.13452896254,3559.2335034779,55,0
4423.39192818128,4459.97413660731,55,0
1880.9675351075,4561.28014978987,55,0
4111.77948226308,1236.78936850568,55,0
4938.3241490785,3746.49996002498,55,0
3193.85429300662,402.378315576931,55,0
5938.20598940538,3025.76233617578,55,0
4497.05734458936,4239.08545286047,44,0
897.359782992629,2748.16393538139,55,0
971.101934889222,4198.42229438461,55,0
290.521913475842,3706.37850734586,44,1
5185.45159525124,3095.48655857515,55,0
3440.48567434136,1200.17742736932,44,0
4290.87093002599,5846.48377911648,55,1
3338.74208811217,4979.02334962528,44,0
1639.4536796629,1074.35225398581,55,0
874.809774481382,4383.3323478784,55,0
1664.68591698571,1767.30541997863,55,0
5271.96190291391,4392.07997865371,55,0
5091.31432827847,2906.12376106518,55,0
4917.5012201066,3356.93924122024,55,0
1140.23417919528,2136.16932389245,55,0
3892.8011762682,1419.43357535423,55,0
304.637477686568,2678.26835683692,55,1
4986.44340392204,2961.10782479702,55,0
2896.68474604795,5960.86847787912,55,0
3594.94202933722,1243.44048769208,55,0
2326.91464409515,1497.01339077416,44,0
4073.45138314538,817.438309211639,55,0
1218.63321490877,4589.03559344558,55,0
2944.42110999362,1384.28114910308,55,0
2767.91910966098,1017.36758102473,44,0
1081.6465647078,4238.42706886394,55,0
4743.87245812962,3235.19461456392,55,0
3272.43119415453,1401.55308443206,55,0
3388.6438328809,1296.93712270797,55,0
1257.62726622533,3575.95086389571,44,0
1237.91041864857,2936.86775608441,44,0
1006.99885887508,2933.41466688,55,0
4638.17541074205,4918.47139074927,44,0
4773.65522424036,4319.30790871617,55,0
1449.93721106045,4356.14733430206,55,0
277.246293105404,2885.41568570067,55,1
2050.61116580456,1658.59808881162,55,0
3434.00156052598,5234.49629490499,55,0
1199.9958522993,3022.71071160465,44,0
3642.14066426684,4841.5364093868,44,0
4053.48538084857,1469.55710464788,55,0
2563.97090972201,6029.94832973857,44,1
1764.12703676199,4598.97370711849,55,0
3545.49309774862,1136.07582779191,55,0
1373.5676115277,4165.00079664857,55,0
5250.92961994922,3546.66475487926,44,0
3188.07183928279,6095.84348442783,44,1
2570.4939542555,4680.36041042056,44,0
2550.6833126108,827.693332033341,55,0
4898.24440468937,2569.5557676299,55,0
542.412615859527,3326.29033799803,55,0
4614.78644980562,2359.78161025565,44,0
2529.82450928649,5207.04597071764,55,0
4013.26980375923,4732.61623065091,55,0
4572.95502099374,4324.23887236405,44,0
2827.06046263929,4901.66515969947,44,0
4674.18206629409,2172.02206671886,44,0
4119.10124330193,4640.6948012293,44,0
3695.50186748766,1255.43844892815,44,0
1179.12285366164,2426.78776212951,44,0
2226.13740998919,1312.94142381581,55,0
2532.81049288156,1263.52140362017,55,0
4518.10151745323,4142.27356258814,55,0
2844.60001203328,5007.47405841465,55,0
3990.35928609299,4932.50379598556,55,0
3039.41069527997,5012.60005335637,55,0
2052.10360976894,1207.39878857332,55,0
4238.16930161065,1913.14867466315,55,0
2426.71643314118,1063.23169618419,44,0
1257.60185432892,2567.1945311763,55,0
313.476827451314,3316.57902602386,55,0
4389.2016115003,4230.85880373466,55,0
1037.394803057,3918.27534094135,55,0
1157.84993744537,3936.10889290982,55,0
1944.07959071429,1620.37126870845,55,0
5057.50838011165,2685.3718068381,55,0
2849.49288291633,4797.2715733083,55,0
1362.65698214154,4050.24380228733,55,0
5069.57822194485,3132.69217313139,55,0
4508.62947417881,2373.01836497728,55,-1
4306.63730417961,4433.19083677712,55,0
2225.07092756339,1510.76620422973,55,0
4299.51961195493,4587.66249094121,55,0
1626.57443013193,1908.97388399249,55,0
2299.1022439066,4680.28408709123,55,0
1080.86362848446,2043.80102109792,44,0
1307.49266517169,2870.88671288017,44,0
4931.36202878994,3252.76212487669,44,0
751.284906772745,3751.33595303379,55,0
1066.22914962502,3035.35165228966,55,0
3626.99174397551,5185.50253565451,55,0
3438.6984081737,5015.57069897576,55,0
943.030565362748,3363.30415475683,55,0
262.688908077001,3088.66723735612,55,1
3641.95818712095,4632.5587326372,55,-1
1470.5938758038,4091.39721084536,55,0
4022.13941703048,4589.73861832165,55,0
1520.3044996502,1907.50585886628,44,0
2336.3595728694,4449.8752559212,55,-1
4081.59414953691,4388.16872544796,44,-1
2448.76143718925,1178.97784775907,55,0
1834.521454129,1860.77905157246,44,0
1619.08546118728,4512.01539204214,44,0
989.807956988981,4315.1428268795,55,0
1732.2140403709,1867.27006792476,55,0
2165.29301043846,5912.49410371418,44,1
2929.69580917119,4875.03496653202,55,0
4712.40608486258,4203.36096592233,55,0
2200.92992170205,4611.96815240964,55,0
4631.47323803116,3864.89992213128,44,0
1360.42149659026,2541.76483796653,44,0
2072.77323809695,4641.62167658269,55,0
2659.43972693677,4834.09519492995,44,0
4030.49872010447,4476.49076022024,55,-1
4490.29175287591,5781.2413901202,44,1
2107.99042113958,4352.2544848166,55,0
2597.71421518677,1361.84839223601,55,0
1172.57453518829,2754.40728584588,44,0
1517.81172064822,4484.54347128616,55,0
296.70464938673,3597.48287900089,55,1
4682.57805570245,2276.17450359639,55,0
1024.66561091655,3737.158366896,55,0
2045.06053104359,476.430961218464,44,1
1184.82733060758,2029.36119371228,55,0
3156.1385924372,1278.57231308705,55,0
3748.2326394064,5020.90572661068,55,0
1407.75571764005,3955.4836443588,44,0
4803.17754166442,3375.65102488101,55,0
2069.13836799209,5876.02073737498,44,1
1301.87560300297,2358.88796751432,44,0
3340.44562636174,1192.29300621518,55,0
1221.00792882321,3489.52485299608,44,0
1847.52607746026,4272.93638829055,55,0
1292.37611811387,3799.94411879508,55,0
3819.717929776,1620.77395986888,55,0
4703.33789938486,3132.95649247295,55,-1
1206.88312171672,3200.47657345906,44,0
1065.48716563555,3372.25024725869,55,0
2817.48565905654,1535.4739857507,44,0
4879.82106168675,2912.74317642638,55,0
2334.94079486675,1008.98338858247,55,0
1563.95418264572,4372.9258557651,55,0
1961.04513920644,1964.23853722158,44,0
2394.85277247069,4750.14694213233,44,0
3073.58217592778,1359.4642703651,44,0
873.410717719054,1995.30681217946,55,0
4710.92349025697,3673.33388300251,55,0
4691.86494876836,2740.07552266649,55,0
4264.30445445437,1800.49505476487,55,0
4105.81978924368,5944.03615222708,44,1
4563.59414571178,3799.49606858138,44,-1
4823.80778223088,3767.07092438497,55,0
1804.29814461268,1467.1170691957,44,0
4720.8281133692,3818.92203580429,55,0
1274.09711834291,3124.27216120642,55,0
3328.66753396789,1502.40779223078,55,0
1352.0441231717,3602.60673858154,44,0
1516.24935419488,3985.3964972476,55,0
4563.7284796003,2272.75310945619,55,0
401.105167803193,3662.093706215,55,0
3725.86941412126,4709.93647985436,55,0
2977.38959114672,1181.84809205989,55,0
1014.70477538056,3273.43798990915,55,0
614.684333599968,3790.03859421645,55,0
2400.06282456363,4629.80161212678,55,0
1809.34664201772,4382.52125126151,55,0
3731.69873081386,4816.34494096176,44,0
4814.58536711048,2732.92619205689,55,0
4990.61744824025,3062.38802150861,44,0
1358.89457677122,3703.00366458648,55,0
678.146871394623,4309.66403537567,55,0
666.328237400847,4058.032196844,55,0
2402.33821283888,4523.01510860692,44,-1
3090.54673805453,1185.11242567994,55,0
571.124646422651,3896.93365424557,55,0
1358.8948782328,3879.47354431365,44,0
1599.24154321091,4189.39181945748,55,0
1497.72382768283,2460.67467225303,55,0
3708.6360015164,1364.54784666523,55,0
897.978104686893,3458.16071894583,44,0
4573.98966392191,2007.6401533183,55,0
1234.78557696372,3678.83899786767,55,0
4366.13082406824,4337.80019626674,55,0
3172.40447878499,1075.88269881965,55,0
525.197948846846,3682.61868099856,55,0
4664.97013268693,4309.56319897349,44,0
1929.33632586093,1873.25289307378,44,0
467.799922705255,4301.56748458173,44,1
1102.80387104786,3647.04989808869,55,0
1180.51600110384,3394.59780847859,55,0
2223.37169254397,972.851505910945,55,0
1098.69657571718,2830.38458765727,55,0
1458.73144235039,2092.70385327341,55,0
1442.97527953896,3633.88251085219,44,0
382.82116543261,4001.9500636828,55,1
2030.70155993462,1412.69763145217,55,0
3496.23031159615,1276.61226751643,44,0
1994.4148615272,4193.99786917822,55,-1
2168.83487948908,4435.56466623307,44,0
4559.40599530398,2156.3699530376,55,0
1882.24946068248,4845.0271377445,55,0
3899.43263951063,4721.49367064204,55,0
1388.48650251272,2446.71972424266,44,0
2586.76594403908,4774.19328666809,44,0
3230.60811030051,4985.64526915921,55,0
4153.96560968396,4329.59921833991,44,-1
3696.25773947915,1481.83057767782,55,0
1921.84731832869,4451.80786132907,55,0
1582.38320880861,4076.33352670841,55,0
3806.18170492733,1504.57989268173,55,0
2225.45939306278,4505.33129195641,44,0
4252.92219713854,4331.48467270278,55,0
4261.26037316729,2088.03114464753,44,-1
4071.39914434185,1889.64410131312,55,-1
4668.40254387649,3444.12412841412,44,-1
3014.7655055549,1473.96309213069,55,0
398.743874981132,2942.11159936133,55,0
2165.5554019913,1678.48584399829,55,0
4641.14913130884,3749.37464139481,44,0
2306.6254611329,4565.39624271688,55,0
3228.57193278389,1498.63894484938,44,0
407.607704138834,3537.27145214802,55,0
1403.30590164443,4458.68242644774,55,0
779.680067767875,3933.66628643475,55,0
4934.05493044675,5503.03815846847,44,1
1152.0258364711,3553.30558601251,44,0
4269.11958398342,4223.61498970344,44,-1
4837.87201527465,3280.39103053607,44,0
4468.44441845441,3973.61841350652,44,-1
4940.35389895073,3637.65802743596,55,0
422.554443590549,3256.170139522,55,0
2398.90565003414,1437.89393986958,44,0
2756.29484309078,4730.38147460076,55,0
2656.44884408168,4709.02223722478,44,0
2941.84847255041,4748.79704846151,44,0
1518.08921170996,3799.4103644403,44,0
3920.1492375032,4835.98004166415,55,0
4675.1988558094,5680.83570690935,44,1
4640.11379974551,3597.37087359206,44,-1
2148.89880761093,4926.14637026758,55,0
1405.86666653603,3795.91600786936,44,0
1506.87900749708,2306.18801607614,44,0
4892.54325279682,3066.47958337092,44,0
1397.68363354198,3443.20260454291,44,0
4429.3064850497,4065.63605888091,55,-1
4670.30361440863,2842.01945275601,55,-1
1279.35706331637,2773.60835392347,55,0
1308.48838234305,3016.5819383723,55,0
1367.41190362231,3327.62806434033,55,0
1128.16760664295,2939.74138396203,55,0
4533.34064406719,3897.77518544218,55,-1
1870.64944200761,2146.01196956125,44,0
4684.17230976406,2536.57522441719,55,0
4449.72161149845,2274.25930003021,55,-1
2487.79546478984,4802.762090339,55,0
1885.29716020644,4161.79476369571,55,0
3165.29185804289,1396.44241973629,55,0
3758.19230692785,1723.10651153837,55,-1
3486.39516921396,4870.42676177121,55,0
3271.27252772189,1287.56633868099,49,0
332.363357024768,3909.55686178542,44,1
1549.34553232728,3884.30576634401,44,0
4707.31924016794,2924.84216398771,55,-1
4398.31262074882,1971.85053594427,55,0
2619.33232673127,1571.69786136306,44,0
2542.94313292128,1499.55986574873,55,0
1758.79577406047,4209.66812341593,55,0
3655.90178896826,1684.58061160955,55,-1
1580.22832078695,2389.5779961097,55,0
2490.7159114705,1395.58204517555,55,0
3517.14988245847,1547.78712796495,55,0
3814.02600887281,4660.2967784593,44,0
4476.59570468702,2073.26515923379,55,0
1469.57965928213,3720.06433224566,44,0
1693.43565748264,3897.13760590833,55,0
3201.24813703258,4714.83240635936,55,-1
2659.00890017951,1461.77153186053,55,0
1574.34949858539,2129.21064958068,55,0
1265.55982774341,4121.19741060849,55,0
3532.92782341076,4761.83091450642,55,0
4361.92375796717,1867.59738317126,55,0
4793.65219020893,2605.6691249678,44,0
1672.55705474882,4417.1181650043,55,0
1467.44380942697,3373.8665091749,44,0
2478.41876147784,4691.53483694831,44,0
1553.76897160578,3528.18673517352,44,0
4570.47334434865,2518.79408441506,55,-1
1872.79260295844,2036.35440711871,55,0
4141.97703336484,1961.09087746563,55,-1
1455.31668410622,3871.47938083838,44,0
2488.64722292582,4551.42923220112,44,-1
4349.00541825829,4129.77144614587,44,-1
4693.96667099691,3334.55073392243,55,-1
1690.57418096471,4120.0468275189,55,0
3312.1913203895,4792.68115170312,44,0
2438.09454145586,1536.89466708645,55,0
2910.48836008768,1497.30543305253,55,0
2445.80671646602,1648.45980394534,55,0
2965.77740173986,1598.66596862544,55,-1
3247.3540102152,1590.81249737442,44,-1
443.793086783861,3905.58966549803,55,0
1297.45908300498,3418.21914492477,55,0
3340.83673761348,1616.35737378849,49,-1
4370.18034938162,2077.5853380712,44,0
436.479787234155,3386.21064146136,55,0
3982.37180404931,1825.04268663215,55,-1
1642.61366441159,3581.20986391859,55,-1
3924.33430612705,4506.40151111061,55,-1
2258.730203246,4370.83009600805,44,-1
2506.93298705892,1768.71012053917,55,-1
1963.5071995769,2106.58411082075,55,0
2347.76766456106,1701.65675792681,55,0
3206.23807368109,4834.71595846618,55,0
2255.43491754145,1736.67567384864,44,0
1681.06403115284,2811.1267769329,44,-1
1801.92036760089,1952.36022659388,44,0
3015.4499177311,4689.36201309851,44,-1
3734.47058061095,4595.76411763114,44,-1
2106.77955246663,1886.94489732486,55,0
3379.5969122126,1406.775693545,44,0
1442.61431701618,3533.47518171694,55,0
2721.66750927593,1559.99844141001,55,0
1624.18069009763,3978.09293369338,44,0
3549.51061529956,1660.40749217859,55,-1
1560.9421544462,2541.92441646049,44,0
2539.4299860263,1617.13156396116,44,0
2016.90181794284,1833.81045402166,44,0
1464.25904473539,2678.51574698115,44,0
1519.06537938305,2219.37065089357,44,0
1406.92242047752,2866.9854631203,44,0
1498.0130472421,2923.06955690217,44,0
1684.57401842291,4300.85183751445,55,0
1389.25963542658,3115.9044780329,55,0
1871.01749150993,2264.89716413331,55,-1
2845.52729092972,4667.14338797673,44,-1
1397.63489289748,2754.11089323096,55,0
1552.25588163745,2641.84412925919,44,0
4644.54990256077,2444.87292809625,44,0
1411.93558294324,3225.11613770968,55,0
3125.27142265686,1507.54676327122,55,0
1572.35464014735,3713.00201111716,55,0
1798.22708809715,4108.93674037956,44,0
4368.14326622286,2175.90999635446,55,-1
3693.14988689211,1588.37201180117,44,0
1684.70030749562,2392.2652515008,44,0
2718.20631999725,4633.42553154346,44,-1
1697.09640002487,3664.85782574762,55,-1
1423.99984592216,3009.68213397932,55,0
1670.40321407404,2715.42255942233,55,-1
3454.69465269916,1467.41947900226,44,0
1599.41767619747,2875.13211928831,55,0
1781.80491989272,2189.48263999608,55,0
2172.57256947423,1796.5800878171,55,0
2576.8963980479,1706.62853344469,44,-1
3542.84640562867,4647.7617643383,44,-1
2676.23445866976,1669.13513821752,55,-1
3841.70168191393,1779.47810430405,44,-1
1724.41356109107,4009.4026112255,55,0
2573.72178429182,4583.46822835274,44,-1
1722.44577127363,2302.806466811,55,0
1951.39340998826,2208.98057396226,44,-1
4694.42497967967,3025.25306052706,55,-1
4701.11894116413,2637.95386232925,44,0
1541.29631968796,3617.29699573386,44,0
2191.18878674866,1956.71782130324,44,-1
1624.79488869213,2977.101857008,44,-1
1825.82360855095,2363.83579338684,55,-1
3828.11302376701,4559.83944944665,55,-1
1529.3350852754,3215.80424139913,55,0
1621.88244221441,3808.85477869942,55,0
2414.79651909723,1803.7967825618,49,-1
3449.61126506288,1639.10268089996,44,-1
2034.1747608432,2030.61618755375,44,0
1613.85875164374,3078.7694701788,44,-1
1643.77876139638,2484.1558823166,55,0
2313.85697622137,1809.79282361485,55,0
1665.73082121599,2203.84520741104,55,0
1534.65501754627,3016.39226966126,44,0
1495.63346523439,2822.74650118499,44,0
3454.77940822216,4687.59112176004,55,-1
3416.62835329975,1558.25278529746,44,0
2120.16257852649,4244.88745179065,44,-1
1885.42211511275,4050.38200476908,55,-1
1800.26374854037,3927.27717574744,44,-1
2780.14983183387,1659.48913080367,55,-1
1771.34520326889,3830.67120398345,55,-1
1570.99092455048,2745.3927745996,55,0
1553.31863864041,3426.81399942644,55,0
2242.73684970221,1877.98750416245,44,0
1643.84207741919,2601.67541481526,55,0
3152.87488039739,1612.79702488033,44,-1
2130.09045211422,2013.08235970756,55,-1
2886.70511636089,1649.01338091824,55,-1
865.177116613119,1378.78083134098,44,1
1760.69575820811,2477.43688176373,55,-1
3071.59758651654,1616.27448908091,44,-1
1519.02594361014,3123.10338360149,44,0
