5766.00887201376,1866.59546582367,44,1
5056.38520075111,967.780745320891,44,1
5493.43930792554,1421.82610133031,44,1
4941.40002534766,1481.6715545829,44,0
5219.69115470047,1102.90224154577,44,1
5168.01182183487,4969.1969981903,44,0
5691.84686203856,3307.33285382254,44,0
5596.17034441118,4279.47863381249,44,0
4835.92087582306,5302.75225600377,44,0
5721.31537106076,3488.66812076154,44,0
5142.24740947716,1031.40721048704,44,1
5893.64279426901,2145.50322689467,44,1
6064.92477516222,3471.45026833683,44,1
5927.99610745298,2242.80134056952,44,1
5093.37186781245,4893.12190292743,44,0
5195.56811031119,1347.87106503458,44,0
2608.17377726866,5933.23659610237,44,0
5811.76625317488,1952.99346838676,44,1
4210.85717732799,514.060754044195,44,0
1335.05342149652,1037.91480374098,44,0
4982.33360077838,1328.72085667587,44,0
5553.47398815734,2384.64856974493,44,0
5717.28845165334,3899.54985842241,44,0
4896.51311427685,1155.85902189295,44,0
3057.79498695781,5727.96102731318,44,0
5727.68155823134,4554.05271440664,44,1
4730.335109621,708.378488961106,44,1
4815.21092789066,1033.22853386502,44,0
680.853326037731,1912.65596523818,44,0
5134.82112819252,5058.93040107609,44,0
4296.73619372084,1136.88408721543,44,0
5087.13115505977,2088.6728169112,44,0
4656.13321346596,5401.33266007948,44,0
1245.72804988416,5203.3762354031,44,0
5946.71571376216,3226.83744043934,44,0
4806.90577182589,5413.60006083287,44,0
1605.08858527286,1264.87131495908,44,0
5381.15112873955,4355.22673171431,44,0
5442.51444198824,4562.23690623056,44,0
4532.20391383192,5134.03492064294,44,0
4192.97655998195,5788.89566712912,44,0
5044.03831418047,1467.31810319631,44,0
1248.92275966911,978.929124232593,44,1
5235.41072678012,5218.3388527093,44,1
2295.23541886526,5844.38460602372,44,0
4342.53250639714,1043.25711371733,44,0
4323.95616913481,4983.06907221272,44,0
5805.04820088426,3706.37172930925,44,0
5528.43062612048,4623.31820485084,44,0
6047.83977378584,3283.15514539736,44,1
6033.82983449036,3669.45218247371,44,1
5799.1002164747,2314.83848881609,44,0
5781.1033433461,2587.58890266068,44,0
465.720534249142,2090.1957511174,44,1
3136.10036778763,300.492428009608,44,0
5504.54916971094,1697.84321203448,44,0
5787.17824813864,2410.90765345926,44,0
5618.15425243541,3497.13255504131,44,0
1283.31363441495,1606.27670710486,44,0
526.885540507931,2682.01598465008,44,0
4211.68499142772,5258.86164994793,44,0
1669.02008248394,666.292094443486,44,1
727.031667310927,1736.936171614,44,0
5406.20341391315,3370.96955565924,44,0
1884.87028036845,5735.32538522879,44,0
1453.27764279443,1131.93038222371,44,0
1769.65773153034,626.271236129132,55,1
5058.95535746308,1258.15839110187,44,0
3926.39164299204,485.775323679005,44,0
3638.42760810416,5921.1935075221,44,0
6011.29612067434,2545.06132342169,44,1
5308.59067829385,2067.3061889643,44,0
5821.19696537724,3895.85771831007,44,0
6014.80300488984,3777.24271873621,44,1
3563.95184400354,520.191716863622,44,0
5257.60015003883,1886.05636536059,44,0
4911.01032541673,1056.68707395492,44,0
1288.47526993954,1135.01129168439,44,0
4231.26008934472,5152.98853622645,44,0
5281.47435459441,1186.82451872654,55,1
3752.96445644039,417.366154128294,44,0
5264.95437006662,1984.93096841108,44,0
963.720502789072,1390.9203135148,44,0
6038.92594363563,3377.52955409177,44,1
4902.98741528458,5399.81227434303,44,0
1066.10247806879,5015.12141499604,44,0
5740.47800506674,2501.60428412339,44,0
5551.56108631177,1498.76200256266,44,1
4917.4584719434,4747.4529452529,44,0
4486.08871539623,784.990934655737,44,0
2133.98113539135,5325.81653180098,44,0
1597.61683176069,5489.36463400172,44,0
6017.80431166333,2650.1221042916,55,1
5701.62421290802,1948.40258194516,44,0
5089.8956890304,4636.741002453,44,0
1988.81377483002,5438.60626780307,44,0
282.834012854691,2989.15602509275,44,1
5613.71415036504,3885.8737056089,44,0
5186.78599155291,4862.90230308965,44,0
5939.7379595368,2732.08633819521,44,0
5743.29365326498,3395.8941774494,44,0
2049.58565866675,5074.12257382235,44,0
4650.50038525403,1013.97174778891,44,0
3426.37212699461,5903.17001712524,44,0
2791.88889819748,6027.05932652252,44,1
1484.60657581379,5037.68689881819,44,0
5822.04753753508,4369.4860791481,44,1
5870.41974227194,4185.87563567106,44,1
3055.24047468081,5833.50941412651,44,0
5756.11344319617,4453.01000623445,55,1
4097.28777622018,5420.22246393858,44,0
1278.17980362264,1941.26996062471,44,0
1113.59290143885,5100.36989436066,44,0
3461.83824521807,262.362215855182,44,1
5408.1836405569,1667.22456916918,44,0
4410.16895199712,5387.55605466208,44,0
3866.9517945543,5347.47424233382,44,0
1428.25131278058,854.995246820396,55,1
5188.35111712427,4475.94147365776,44,0
3532.32401767267,5920.62692569175,44,0
1421.53047414063,5268.61163013801,44,0
2187.0154361231,5201.29034838676,44,0
5727.38607036676,2672.30341558931,44,0
4269.83074651697,5498.66126366739,44,0
3009.73550002756,5357.39726472238,44,0
5331.62285785074,3283.01879549024,44,0
4467.17710188636,5678.04291952476,44,0
4732.02804133362,5326.76718085991,55,0
1622.83289995659,5271.03378621051,44,0
5849.08356706549,3619.98543947122,44,0
2270.07388306645,5708.39226940987,44,0
5298.99405267961,1797.70212581171,44,0
4245.73669157961,1046.11273546993,44,0
1326.17096589699,1317.05949674114,44,0
5748.80632636719,4104.56684665578,55,0
5377.7121662411,2147.17298749269,55,0
5614.27763531579,4081.57603777219,44,0
5374.80127134709,4257.56749917528,44,0
1185.20907668663,1063.25533775854,55,1
4362.05863556187,5471.34803508114,44,0
6050.85189176177,2750.123965761,44,1
2896.04296538155,5623.75319184675,44,0
1853.34805429313,5091.36632905861,44,0
1521.83460341117,5248.07292480527,44,0
4799.82818175171,1413.26424006051,44,0
4634.99660628952,1587.83634978258,44,0
2774.79556875991,824.635889913021,44,0
4392.77831286253,1125.78412887463,44,0
5459.17949994412,2428.04222658436,44,0
1067.81764935244,4913.530597527,44,0
1699.39930202602,1662.84169583826,44,0
4042.88033911355,5755.33587627814,44,0
5647.53587390331,4482.27101375458,44,0
1916.6160318442,5513.56250564901,44,0
889.627164731487,2099.26317330881,44,0
487.407440988586,2195.07824140405,55,0
5538.86960422708,3322.0151218064,44,0
5157.280932146,2152.06860664879,44,0
2450.16930713028,5690.97332431955,44,0
1442.26846371654,4588.42064396199,44,0
4763.325391019,1863.9763422053,44,0
3012.95155157849,578.080144171061,44,0
732.343895666326,1833.97214237438,44,0
5976.10366880563,3875.86678314388,55,1
5485.20026879383,4409.43474222793,44,0
4172.53925401845,5487.95510305016,44,0
4986.74848119107,1191.19684858416,44,0
4890.43701374084,1595.8613677191,44,0
4835.33791970426,5545.09659243513,44,1
969.003973351374,1277.83392255845,55,1
3097.4158413031,443.245939274535,44,0
754.344825407976,1524.08891035689,44,1
5270.7564850675,1408.76463775406,44,0
5622.0781453398,2814.31664566975,44,0
5085.8641421481,3898.40692376225,44,0
2461.06257673222,5461.89524931216,44,0
5972.3061658539,2448.24160518842,55,1
4315.40374447791,5596.45771114684,44,0
2060.77971257116,1085.54605557228,44,0
4119.96557971742,484.168275642839,44,0
5345.54031996779,4583.49524987284,44,0
5518.74809155499,2502.09868881016,44,0
5103.62188839036,2236.26093806719,44,0
5606.62829806886,4726.40787697594,55,1
559.168129976451,1892.38200025369,55,1
1134.33286132509,5206.0123252772,55,1
689.098406528294,2087.66469105344,44,0
4423.3219671155,703.3244824512,44,0
5414.28208553446,2020.53751212047,55,0
3833.35561086041,625.977437747431,44,0
5712.52372813202,3215.52701837677,44,0
5846.36748149216,3410.77495892306,44,0
4786.21016989321,1305.05483913279,55,0
5414.04895886213,1351.3510908524,55,1
5075.0103610267,1908.1078109198,44,0
1688.31907873881,5340.40353351288,44,0
5387.50857646256,3206.37733239126,44,0
1489.18311213093,4670.17880525053,44,0
625.72502487611,2857.38372793821,44,0
2455.30902907439,610.870818588465,44,0
1338.59209709264,927.170585664749,55,1
1819.94949927195,5641.88416061287,44,0
5330.38266807294,3888.2009358163,44,0
940.123578541631,1655.21630991676,44,0
5062.49111993485,4981.0372245338,44,0
1132.15843203619,1275.08823081579,44,0
4574.56159489065,1515.11938151327,44,0
5292.37460097714,3464.92965399625,44,0
1209.79498173532,5117.08257839559,44,0
4787.50232420169,1185.87791892642,55,0
3758.23946484564,5315.29317961133,44,0
4446.02319705979,5167.20864880067,44,0
5687.05356519857,2382.30209619589,44,0
3924.77408166473,694.030636321813,44,0
636.390793731346,4574.90438298827,44,1
831.694017417788,4717.17259681,44,0
4294.79806746781,831.434751095996,44,0
2119.47314477718,5139.091097514,44,0
5407.98257400735,2529.63114314822,55,0
5046.10539687442,2002.48992909495,44,0
1355.970060584,5192.94815162909,44,0
3759.83609202059,830.316054159205,44,0
4900.49779488205,1395.23518661929,44,0
3658.24608092031,5291.3193525085,44,0
2249.6225585535,863.848295714191,44,0
3044.80604341863,251.211628682587,44,1
2373.44108371753,659.488894039164,44,0
927.231407433723,1747.61095454321,44,0
1749.87065868837,1076.51675268661,44,0
5038.76421189593,5261.83875010754,55,0
4892.76876983577,3448.86204247899,44,0
1209.15002758919,4816.95347547651,44,0
5304.57541837037,4169.10361614856,55,0
2741.90503989217,727.768910500493,44,0
5513.42686733096,3532.89238488232,55,0
3765.25593257767,5922.86057947555,44,0
4615.97115416372,5009.4589261798,44,0
1987.90733248763,642.103194292019,44,0
3572.26209879841,5589.36638236379,44,0
5919.1407020548,2593.90401875042,44,0
4698.60480241682,1652.00095816616,44,0
1555.86942771817,1534.54568687712,44,0
5319.25497545288,4860.38506165767,44,0
5153.30213694174,1451.09096252006,55,0
5311.50160108274,1699.00529259985,44,0
5213.85636042481,1740.13492262634,44,0
3356.83698906372,269.702902672649,55,1
4846.11891236086,1794.453415319,44,0
5364.40344286703,4952.76371428147,44,0
5260.82219521345,4940.70940032161,44,0
4272.98940736907,5066.19423863591,44,0
4308.72284774303,5260.44844815391,44,0
2725.29301738744,5533.83293728917,44,0
3302.68588423888,5602.38368005203,44,0
5840.55622838997,2057.02664490904,55,1
1185.06275491466,1183.74783632878,55,0
5469.42568854175,2219.54719720476,55,0
5629.12529580503,2475.10528658322,55,0
4390.14541701922,804.433582836326,44,0
4489.9678861327,1111.91333312776,44,0
712.286310963749,1623.36232478536,55,1
4403.03973384395,5063.22617812325,55,0
2688.05395508407,6006.79821898365,55,1
4992.40754119869,4677.08232860488,55,0
4586.06384461124,5466.65020500885,44,0
981.839774170165,1838.56675712576,44,0
3598.920520775,942.87051809768,44,0
1813.20056939607,5436.29859628261,44,0
4754.66410377779,5604.2266445295,44,1
3665.20711945932,5591.87085056446,44,0
1260.94515544811,4697.17420444748,44,0
4333.3390170888,670.722972007825,44,0
2834.65754781876,745.194709398778,44,0
5079.12178873813,2493.39640771323,44,0
3201.46488540827,617.657506426254,44,0
1190.0759338374,4483.88137379282,44,0
5526.12434190178,1980.50321500797,44,0
1382.49123730023,4971.7526732164,44,0
3108.81092043381,5989.8321573213,44,0
4930.42110368181,5277.43896759163,44,0
812.196274373025,1444.41214037485,44,1
935.015465002327,2849.21971567297,44,0
3330.9548547274,588.258345146741,44,0
5155.48082414973,1977.25421569186,55,0
4465.34705778435,1326.1617696689,44,0
1580.2465261472,4997.90767404323,44,0
2624.32609017873,5355.80393003725,44,0
4492.64978096526,1416.43635975929,44,0
1496.35144510123,776.136684554804,44,1
5779.72553405159,3994.32904358596,55,0
4967.64258408257,5170.03496937916,44,0
336.864973226786,2569.94036194795,55,1
5221.03242973601,4072.85810649049,55,0
1490.65776426658,4938.34596697104,44,0
1979.02680813534,750.78307210215,44,0
5908.9962252616,3970.38311781208,55,0
3096.51760708113,5400.90589942755,44,0
1544.11712354998,979.095694271136,44,0
5437.15036200067,4676.87215369143,55,0
4444.16576256351,4843.78959208082,44,0
5799.18204365767,4263.45431546606,55,0
368.066602075939,3768.53975577423,44,0
790.178082426949,2108.93000509322,44,0
3304.80010524631,377.629062763189,44,0
4841.38110524263,4977.96637118914,44,0
4882.80683314208,1694.94963087375,44,0
4088.75064841965,1377.06523057262,44,0
3717.55869612653,678.365840092481,44,0
2561.04238804644,5607.10599572982,44,0
4195.83228523327,5898.18208492373,44,1
5304.58057368517,3372.52570820465,44,0
4112.49889662715,5564.28985394081,44,0
794.141531397911,2287.27795668905,44,0
3357.60651425187,5073.38958050786,44,0
2538.97394338402,317.077438105995,44,1
1089.33160585684,1949.56663732151,44,0
3858.03841683284,5781.78077024385,44,0
5125.82962373108,4549.24015050699,44,0
5490.4823881864,3202.34811163648,44,0
5288.55071726545,4498.65263444404,44,0
1648.02852478564,1575.39420063515,44,0
1010.3420675366,4518.33113445374,44,0
4842.36754932826,1499.83740144995,44,0
747.24505373759,3639.14459062221,44,0
4234.72963395405,1589.86213622858,44,0
3040.24560219445,356.703693978093,44,0
4562.0687163108,1222.4546291459,44,0
3588.22900321727,6024.30611129247,55,1
5245.24959912175,4775.14826310407,55,0
5178.07163214436,3968.03648816352,44,0
5306.3896424726,1305.86312506777,55,0
5424.97170109617,2330.10720317963,55,0
1732.70260922607,5248.31066358555,44,0
4110.78481665914,5838.21036872852,44,0
4993.43775714311,1686.37430468272,55,0
3182.29126389772,720.921039794636,44,0
2710.07816189231,620.388473405978,44,0
5832.27488300731,3197.60477178507,55,0
4384.49072670738,5720.54658220631,44,0
5610.92325200847,1893.09814674751,55,0
640.14345414918,2429.13346972249,44,0
5260.97724671396,2154.85545920612,44,0
3953.54266747222,5042.62682442637,44,0
5696.09170251564,2278.87435944124,55,0
2983.23046980814,6065.94164887752,55,1
4796.07733933418,1630.83747168568,44,0
4797.75648471262,4884.11910101418,44,0
5267.95865579021,4276.34363489041,55,0
4072.0789072763,395.905924099762,44,1
1068.86002495289,4036.16327409071,44,0
5380.42797753117,2969.9294333748,44,0
3923.2769523217,5572.00487083318,44,0
1356.94339530951,5394.69354922035,44,0
1533.51029804952,1075.85539847269,44,0
5543.75385023431,4517.46795275787,55,0
5367.75085189216,1915.39940916413,55,0
1619.84384644518,5171.81682904652,44,0
5494.00207389674,2100.99437330768,55,0
5491.61106417399,2924.36801363461,55,0
1099.12755700964,4815.48210595084,44,0
1556.69730261541,5097.56795718152,44,0
1061.62499505328,4131.35066237743,44,0
4438.01860855916,1031.77560174465,44,0
5949.84432617322,3130.92159352312,44,0
1033.21030109577,5174.32976227565,44,1
3406.4777828879,6041.88617772083,55,1
3672.51254449646,772.103552885371,44,0
2444.77276214982,362.17545627655,55,1
3849.2494343706,5056.61123713572,44,0
2833.748129193,5355.02163738972,44,0
4482.21566364138,5477.95834104906,55,0
4252.22707177904,735.87976207305,44,0
3887.53198766647,4968.81411576417,44,0
3422.97070148255,361.526141833451,44,0
2399.33398296013,5847.32566135766,44,0
5641.27439462907,4613.77136090499,55,0
585.696467706728,3148.85856762778,44,0
4860.93681306456,5181.7921073781,55,0
522.921513117334,2585.27487869164,44,0
1961.19041075596,862.056062533332,55,0
2866.88208051198,844.087768111897,44,0
5013.57508209959,1081.53089665122,55,0
5598.22022090483,2052.96852070756,44,0
4997.69461503139,1568.79705993563,55,0
5649.9163095122,1685.50586191069,55,1
1166.80918986355,5011.27091296763,44,0
5834.37370268762,3514.07413879241,55,0
1016.80867203397,2518.24637033955,44,0
613.742020434377,2633.5501012421,44,0
6048.72911047413,3176.79061319891,44,1
1110.26725373265,2358.69832019939,44,0
3853.74230140735,373.185096893456,55,0
3904.64087478457,1312.59400495217,44,0
2595.59338538341,5830.43862269579,44,0
2551.71934494212,5474.98240167751,44,0
1504.4162578688,1254.34169281312,44,0
2853.7573853031,5123.32900492494,44,0
5118.77284627373,1575.23646559379,55,0
4703.33386608429,4727.93265565995,44,0
1980.6342023222,4928.17302157192,44,0
4949.58905355545,4485.41565933117,44,0
443.575116471962,2843.31379291487,44,0
5082.31390472362,1361.91350360097,55,0
1616.47839232683,5602.06592332508,55,1
5463.19235992639,3025.07108083536,44,0
3593.49319610487,716.23065151633,44,0
1280.1276926987,4906.04657187845,55,0
5617.8300243727,2705.76655545284,55,0
4899.46487149627,4855.19269682167,55,0
2644.36927519534,316.782433696667,55,1
5632.30867039012,3790.91682940835,44,0
3766.92251689557,315.958310622879,44,1
5504.43187746317,2703.20599175548,44,0
1913.06362143446,1326.98171195862,44,0
631.09932365784,2729.53469599212,44,0
609.860705075041,2228.72605447908,55,0
489.2441389111,3030.5281553092,44,0
3561.759093484,295.09735617194,55,1
4455.33826213862,1215.67660848571,55,0
4693.31986447542,1438.03407000374,55,0
1734.04807937192,974.712451474416,44,0
3873.63402556937,861.734398234229,44,0
4582.53758210829,4807.57678489619,55,0
483.973936980162,3124.93036411225,44,0
2468.50833218589,868.68031998944,44,0
1597.56911353085,1451.0572078537,44,0
4994.83444180421,3423.04577372018,44,0
3724.22448339858,5512.66647801358,44,0
5990.91797598045,3573.21617673563,55,0
904.501384052985,2298.45239217454,44,0
3352.53310123264,5837.84970285166,44,0
3560.2625158642,5262.56768309884,44,0
1982.36294912221,5729.68398021789,44,0
5374.87783585414,4078.39935890258,55,0
2165.49911781989,657.261899027495,44,0
4561.11794960929,1325.02380035793,44,0
5518.26631083655,4799.78849576936,55,0
5029.68392729368,5086.99633840525,55,0
4724.14149974433,4631.90942976268,44,0
4809.63817018537,1995.27398623312,44,0
3702.5496392579,6016.79549313635,55,1
1172.94366073854,1598.24683282259,55,0
1941.10316329801,547.992126056812,44,1
5187.66209866066,3860.33560133776,55,0
5008.34871506015,5377.20934528856,55,0
5344.64395406546,2433.88735139186,55,0
4348.7283822065,1226.91487614843,44,0
814.900334386863,4482.70050267247,44,0
4544.96941462143,1011.42066727413,55,0
5193.07835097401,4175.15062627786,44,0
5350.24317081176,3794.03703978912,44,0
800.802567949223,1912.96671971253,44,0
5390.37662911598,4782.67949477819,55,0
513.83937418941,3577.5494510284,44,0
5464.38678257041,3633.80703423792,55,0
5208.31762614503,2070.59453734849,44,0
2260.87775676391,5605.08170647634,44,0
4245.54796865312,1245.40227131295,55,0
1440.10764908869,4759.17477272562,44,0
732.453455931049,4212.12548964391,44,0
4677.45639885205,4519.97933746077,55,0
4415.15048433204,5273.6778086948,55,0
5678.22911207769,3017.96551366409,55,0
5269.57731799855,2617.08711428752,44,0
1687.94335914486,4954.18469554965,44,0
5182.63480084146,4678.81753007749,44,0
5354.82429471322,3578.16315239277,55,0
4187.97110043159,5366.52150216847,55,0
1000.83126943365,3469.12291692495,44,0
5613.2539765023,3602.51180622906,55,0
1290.7813064467,1416.93146007227,55,0
2337.10212498798,397.711225393641,55,1
878.85871148199,3130.55755375902,44,0
2154.03206408961,1230.66337805878,44,0
5564.46141327254,3704.94745401376,55,0
2927.65153550725,5303.14958088952,44,0
3499.23389165044,717.465241059734,44,0
2241.69916552252,5504.95816923003,44,0
5438.7565526307,3861.23358287145,55,0
1484.65633130025,5492.47745895375,55,0
4972.06791693149,1882.51503083301,44,0
5872.41105559429,3804.14136182564,55,0
2943.96399897416,361.790078414251,44,0
3622.28636438586,5687.87610556285,44,0
834.268936283075,2541.16205090821,44,0
5737.41073497439,3592.17388519565,55,0
579.785891310385,2111.92660598152,55,0
5443.67967999785,3284.0802090146,44,0
4837.37292279022,4668.32239293313,55,0
703.962155674608,2800.05544634902,44,0
5829.25041930819,2223.61876937845,44,0
1802.61834358826,5330.30779732372,55,0
4196.41506555762,1700.64603954009,44,0
1720.41970020573,4850.8755897733,44,0
593.621004113777,3426.24814851959,44,0
2028.20080809217,5329.40595972939,55,0
1225.55980541678,1322.11893721246,44,0
3968.38655668429,377.827391166403,55,1
4944.89688959232,1790.21395518065,44,0
1498.95540084431,1433.62513457994,44,0
5498.07201431849,4069.42519486785,55,0
2629.90448376543,5539.9065088407,44,0
990.161596714929,2126.47065406345,44,0
983.079765559304,4427.82270275873,44,0
3190.55601240663,5419.12314846135,44,0
973.752716736381,2683.24008501585,44,0
5156.84083804498,4382.56398109383,44,0
5487.71151753362,1883.34942340881,55,0
5566.93293162578,1784.91108824056,55,0
5655.48875384194,3985.27665417535,55,0
6063.84588890642,3056.678013219,55,1
906.461521082584,4776.94622752647,44,0
5074.19435805441,3482.02702472924,44,0
1279.0491020018,5025.37553429893,55,0
1836.57681241632,5209.30507565986,55,0
2915.39325569789,664.262560696919,44,0
3139.9061937625,5890.35803381537,44,0
4220.35654204425,4949.89133376947,55,0
1323.10009287113,1846.17812106283,55,0
1463.13568334596,5162.80689113928,55,0
525.031107533648,2001.21734810551,55,1
2030.7431556562,5529.15868397745,44,0
3673.27926046629,871.207372560453,44,0
5014.39950565088,4565.33428895596,44,0
3277.77141616148,891.968046469133,44,0
1239.61429648997,1517.32366595491,44,0
3958.02286986735,5834.96036595858,55,0
3827.89699086222,5252.27803361184,44,0
5331.45962441327,2255.02430202116,55,0
2479.78311264313,5787.56030472851,44,0
2911.37553712524,550.292758069347,55,0
5571.8438548599,1602.45543996757,55,0
837.595041376319,3691.103191385,44,0
4669.72447330767,1205.57890537343,55,0
4808.16917845761,3876.38782207848,44,0
647.943163652605,4162.99050665151,44,0
730.980247068687,3031.01317985941,44,0
4679.25607075027,5090.59741648693,44,0
2076.30971463096,586.536960033089,55,0
3277.12005506366,1095.51909430504,44,0
4494.75097522982,1914.65685597294,44,0
4122.60632464654,1645.20658429069,44,0
1828.1516664034,1364.0413340343,44,0
3641.92284500961,5803.36391420201,55,0
5289.84264940495,3981.47261669359,55,0
4043.24820045521,4852.08022310547,44,0
911.226851235806,4501.0162596827,44,0
1724.04316343347,5559.15631784671,44,0
5098.82563890186,4742.97029217101,55,0
1555.21575260764,1173.57417798981,44,0
639.935319764312,2000.17232291383,44,0
3526.56042832912,5806.92165607616,55,0
4899.07929815083,1264.02771081143,55,0
5129.92345183232,2325.50274866813,44,0
1655.37289142232,806.760062071931,55,0
3212.69034864767,5575.3782284924,44,0
1906.27940176347,5374.31106565604,55,0
5924.66032905475,4074.39476586154,44,1
5442.24807404804,4177.35240039342,55,0
4606.40215757688,4707.0514152323,44,0
988.494328954181,1934.96228276779,44,0
4589.52162182829,1415.12141136963,44,0
2848.9554847258,5768.08547023275,55,0
4001.11984117734,5371.58768717206,55,0
921.334434353433,3214.74666028243,44,0
4121.30347123923,1054.72210756469,55,0
1819.79975842649,5538.27604777745,44,0
2337.38104124251,1343.33124520647,55,0
4147.79549991279,1548.51265070999,44,0
3468.81881653923,5469.00859111284,44,0
788.220966482077,4821.38537485748,55,1
789.559889015789,4288.11827350464,44,0
5289.95341145329,2925.37577834388,44,0
4167.20900609049,1443.07147111111,55,0
1439.92688682314,1814.72612714288,55,0
1144.98351212752,1717.30325751472,44,0
5335.15027077156,1592.1323279876,55,0
438.497024984595,2728.05293412416,44,0
4814.60807779945,763.004738709305,44,1
3829.10995050622,492.68737386844,44,0
3012.7174438206,5943.30268055856,55,0
1034.71448211044,2292.89479350508,44,0
3215.32359822231,5979.95657267146,55,0
1066.79693875389,1357.47147542652,55,0
1649.13200121578,4789.15324222498,44,0
4724.77437363586,2046.43811820567,44,0
2143.45012528652,1034.56942064224,44,0
4513.44181899355,5362.76985551436,55,0
3013.82428023833,5258.75696545363,44,0
1072.73692269764,1188.56350700891,44,1
5408.42235179475,2757.34298161001,55,0
1580.35285183791,719.858226373267,44,1
5287.47399120487,2825.8297111871,44,0
2292.1142067558,511.598066105759,55,0
5215.98292792382,1632.84896046903,55,0
5314.07846547553,4683.25541330936,55,0
5608.32630521938,2158.66451040055,55,0
5487.90820734304,4295.27126727691,55,0
4535.03497585685,5593.00330021451,55,0
5367.20969987301,1469.0851299968,55,0
2648.44648938873,5256.42523194871,44,0
383.101194875678,3154.83528331517,44,0
5171.91043951927,2429.97498261915,55,0
2828.14167162347,932.994373092424,44,0
4598.60083547873,1111.93579277456,55,0
5907.66280042836,2349.65327320791,55,0
5853.14816871314,3094.28956544937,44,0
3968.3104483084,1233.44038049132,44,0
1750.13211036867,1175.89919660916,44,0
2022.98088523422,5178.26062758183,44,0
5730.87592634249,2776.59082575187,55,0
592.634169084154,3055.25985179068,44,0
4945.30752700263,945.227936972962,55,0
5294.11818637963,3033.34657214336,55,0
276.057384779504,3204.11657106557,55,1
433.336078305334,4210.19378104336,44,1
1824.17332856321,4505.11046990794,44,0
5595.08484434295,4385.36552559571,55,0
5234.3187015862,4588.31708903667,55,0
834.300360421712,4195.53959201318,44,0
5615.32357653148,2917.83881948938,55,0
4941.05106104508,4266.54008040831,55,0
2758.5476545726,5414.26947363322,44,0
4648.50003548246,5567.09344702255,55,0
4306.88186360034,5372.17733202325,55,0
5803.10638444348,3000.50925858858,55,0
402.829722280147,2278.7150188768,55,1
5414.4211439336,1795.20810710667,55,0
4192.42392198288,1144.0631384757,55,0
4623.19734682334,5304.12139493032,44,0
617.69241869004,4402.87897187123,44,0
3871.90497158426,5923.40938485776,55,0
4414.67053156222,4565.20910215484,44,0
2635.91843555765,731.29866949825,55,0
5121.79672763722,5169.96568036564,55,0
5263.15041842865,2350.80368904522,55,0
4512.37704329743,4540.47502389867,44,0
3480.03522424023,5572.75063477319,44,0
1558.7451469531,1812.07368777015,55,0
2319.73070685459,5312.59616354956,44,0
5235.80248943265,3254.01384173877,44,0
1378.00943065044,1222.24937388612,44,0
4115.80449860413,597.824258718644,55,0
4749.65215373048,4433.72383138517,55,0
4936.77630600235,2378.7303921598,44,0
5066.17375576841,2401.01591935334,44,0
2198.64935562939,5801.31086772245,55,0
1945.49465492294,982.586949373334,55,0
5167.12956539301,1839.65397818337,55,0
5231.42922429985,3646.95729941006,55,0
4227.36838647093,626.764148863116,55,0
2736.02096920356,917.703576831201,44,0
4626.48765686425,5194.66766485839,55,0
2814.83069998011,635.234865559956,55,0
5931.80162470952,3332.40256396334,55,0
2847.10695581359,5254.5216220427,44,0
5201.95551026246,2973.13863364464,44,0
1378.92239337435,5081.34264322711,55,0
5405.88325219273,3475.38176200637,55,0
5410.98549109762,3971.4545363849,55,0
907.59198591167,3756.08379598541,44,0
1304.1988354398,4000.63981844311,44,0
2362.23070438086,5754.81285348016,44,0
5146.34944175403,4266.30063930028,55,0
4380.14449618174,4239.95191983869,55,0
2407.37351319263,506.686688426404,55,0
726.173070016106,2191.03106910833,55,0
1730.05027161564,4524.41817749615,44,0
5687.83650923504,4206.30650418051,55,0
2300.97335285866,758.283578864066,55,0
1400.46413690374,1431.93436354305,44,0
3571.2138955265,828.702226011497,55,0
2360.2330384659,5638.75471442772,55,0
5158.73144220522,3754.87633919226,44,0
752.313141883282,2007.37933505553,55,0
2427.92261495165,759.613124537988,55,0
1319.91254934038,4792.67662416383,55,0
5142.43978902751,3567.56400448859,55,0
3494.21559244659,925.369250325539,44,0
4121.26961737069,1244.43317205736,55,0
5033.30901828917,3227.3087535498,44,0
3460.04925797882,821.884138336122,55,0
643.064498739238,2533.66728686844,55,0
564.921216664081,4324.51836623938,44,0
4336.93181822827,5156.86098229833,55,0
4536.29281483188,894.733835120958,55,0
3019.97485998029,5473.75565192602,55,0
623.318459444408,1797.4871922075,55,1
3388.41374072525,5419.09478624769,44,0
4415.18775861508,590.627397332611,55,0
4032.40747124561,691.695025406427,55,0
5688.6140534624,3697.21715178524,55,0
3273.7551568733,5487.27545886908,55,0
5055.26478436357,4335.20284855733,55,0
3534.86148471905,5164.97346509387,44,0
3737.1376838539,5216.11538116523,44,0
5203.20787127817,2878.60702344373,44,0
3005.91224824017,5599.54194323163,55,0
1206.52852868903,1810.63672845367,55,0
2087.65532888162,4874.57366631871,44,0
5531.05361892185,3950.65171819699,55,0
744.128701222736,3294.89952477082,44,0
548.062929393333,2469.04840697456,44,0
2312.28709748644,5412.58879451893,44,0
4859.75097411121,4047.89789038622,44,0
2809.27309287449,5887.29937963849,55,0
4570.58212483074,4458.60401818581,55,0
701.533748773207,3857.56866920274,44,0
4763.65398252611,1733.64419714996,55,0
5390.26100699932,4461.82009384008,55,0
2744.36374702171,279.485690961308,44,1
4296.58441789891,4710.94398522297,44,0
1861.2820616139,1538.5214812496,44,0
558.456121047801,4103.73528226556,44,0
961.929488929411,2224.94057245695,44,0
4725.35510493403,813.692466629415,44,0
2883.06182714703,439.335889436494,44,0
5009.77156554216,4815.04018726193,55,0
508.428850437214,3481.37874565823,44,0
983.501815100343,4628.30383807108,55,0
753.287232592458,4379.71296344645,44,0
1597.92859970605,4704.80240084142,44,0
2005.58664263958,1309.00401749611,44,0
2737.28101668617,5746.97839350314,55,0
3827.34831875384,5524.43926916056,55,0
2787.50193461013,5622.5616484525,55,0
3217.80433694561,1171.96517481875,44,0
4856.40670114806,4448.88888720677,44,0
5256.22609005528,2513.84056597694,55,0
3985.93613500181,4938.94481324523,55,0
5390.49042124614,3103.16760128643,55,0
1085.30410553735,1500.16405399615,55,0
1869.42831609243,776.226457136192,55,0
1164.99979778246,4732.5153594358,44,0
312.284853405219,3478.75326463208,44,0
1299.09228643149,4475.57721432966,44,0
3576.82842106479,411.314883370069,44,0
2055.79558458479,820.419014169818,44,0
5806.90089554071,3310.23456823984,55,0
433.865265513335,2632.86421844503,44,0
1863.58041840829,4678.35620701714,44,0
4209.3808712647,4487.71681806493,55,0
5572.73950644116,2278.32515850531,55,0
4995.5205769315,3849.78046750986,44,0
4755.17367564197,946.190989003178,55,0
4862.86204709371,860.699021766241,55,0
4629.87952987962,4109.90087625381,55,0
5538.57951908513,3817.63583852936,44,0
3243.38569373825,5855.30219419791,55,0
4634.29873154371,665.805941704383,55,1
2427.00555157804,959.5605865509,44,0
3214.05351529805,5679.25015777275,44,0
749.201828845684,4576.28322207972,55,0
1593.48928771653,1663.37878336011,55,0
4733.45976019927,5490.29876398347,55,0
862.873508942646,1562.21807524913,55,0
4719.21507080069,1092.25026152642,55,0
1705.90466145188,5451.72996806603,55,0
4973.70499106773,3522.10562039186,55,0
3750.8975934168,4904.86162428919,44,0
690.09866491042,3459.10334899198,44,0
896.832116095687,1882.74448460062,44,0
3187.35035989184,5317.6568843095,44,0
334.555784069032,2466.21599551395,44,1
644.407561043744,3241.79846950083,55,0
2519.96661704376,5341.73106190736,55,0
3127.379483916,5507.68401429604,55,0
4303.11790223675,943.525352871118,55,0
4951.60953858597,4965.28882580745,55,0
5563.54164318694,4174.53951344444,55,0
1075.60635582508,2718.18601449086,44,0
3323.05896635539,5949.05307640022,55,0
1208.29196132818,3850.6110051965,44,0
1701.22455010932,1482.43973127529,55,0
4668.9027095368,1324.65189441224,55,0
2430.88574175051,1308.47760407491,44,0
744.455245882069,2583.08409232337,44,0
847.586292861693,4024.90278377897,44,0
1456.67077485137,1517.5387174111,44,0
2479.44939447439,5131.93433277498,44,0
932.56974856479,3558.49850570516,44,0
913.158254259341,1471.53622579563,44,0
5040.67995207438,4226.59461652541,44,0
2198.32324169439,4825.29428288172,44,0
4636.2058946516,4916.65882350564,44,0
1635.41248642762,961.679387328954,44,0
5098.46302453142,3391.98052603703,44,0
1922.29061178074,4751.58628105608,44,0
1957.759089093,1108.17527469629,55,0
5365.39381523508,5062.02664527963,55,1
1581.95928111387,5379.81039835878,55,0
4142.85460772629,717.722724676308,55,0
3449.15316576984,5228.80786033492,55,0
2967.13040176148,1061.66943191952,44,0
3219.07555442654,972.607576555474,44,0
3241.6715080872,284.735470159601,55,1
5666.68148981325,2583.14606393913,55,0
660.559659328985,3693.59204846822,44,0
4702.89362901954,4039.38912590757,44,0
3381.63446698468,5530.54883810895,55,0
1575.1209655392,2044.33775683917,55,0
3731.51664351131,5684.56512712445,55,0
1181.83943350118,4276.7626213372,44,0
2896.21587145119,1122.1680548345,44,0
5212.8999651107,2250.38883401257,55,0
4780.73762444937,4111.2446108678,55,0
1494.15577324638,1607.40803511458,44,0
5033.49571048056,3701.80072664046,44,0
5123.21144086566,3666.76146301092,44,0
1958.64605946017,4660.62507862435,44,0
2781.74302648011,4959.89743869844,44,0
2338.54417537987,5055.32092335979,44,0
5447.19473295584,4893.26448194745,55,0
831.201432517227,3046.69216018964,44,0
726.159545430687,2889.39581980155,44,0
981.708901224261,2029.6067347845,44,0
1928.38846283867,5626.56992105082,55,0
4674.39215344777,1814.13803419963,55,0
3071.57525257602,1070.55496694938,44,0
4315.49439041058,536.234246870271,55,0
5259.2564864425,3750.69405962175,44,0
1372.4109625306,4680.96322305799,55,0
4390.28991235609,4668.57048869142,55,0
1876.45674349559,4967.06206894766,44,0
3192.44336894343,5199.40400981817,55,0
4779.28514140138,3973.761389832,55,0
5156.53133032919,5289.07079494626,55,1
3948.22650587726,1139.90126086729,44,0
3381.26159972353,4855.670767809,44,0
4698.79362896506,4835.28793350021,55,0
5736.66965009213,2165.8446626472,55,0
1311.57366151844,5297.98042462929,55,0
742.398939638488,2473.8087844293,55,0
3311.03692747823,995.033047280686,44,0
3693.87620335413,969.008766901542,44,0
1750.10230145884,5137.20848309995,55,0
2929.27472173449,5528.62787946122,44,0
2370.8726539717,5960.07863404737,55,1
4022.08295799634,530.979112118578,55,0
4970.45716795213,4041.97339425339,55,0
3642.29878812723,4830.73455355381,44,0
4889.42257439223,2801.95785680063,44,0
2053.7816297987,5638.19250286874,55,0
5563.37913568649,3021.4041093891,44,0
2165.03266317778,5660.68876965393,55,0
353.743458990154,2375.03211855819,44,1
4125.72059699172,4753.13049797911,55,0
3270.98300564887,5272.98323652299,44,0
3535.26783478317,5065.52041547253,44,0
610.885443498802,3613.36441488608,44,0
3562.33673423678,1481.72220940435,44,0
4527.62562246917,5244.29118192136,55,0
4795.43518485546,2246.06318807298,55,0
5545.42026871829,2604.69403804986,55,0
2673.44058708716,510.83455836216,55,0
2361.04925788546,1239.58865488399,44,0
1630.63463682773,4528.47607318002,44,0
5083.96598590427,4015.96294104538,55,0
1953.3954818467,5035.52576188212,55,0
2522.03119768156,523.975328894838,55,0
1768.79222003531,1584.65178168224,55,0
4785.61571596547,5082.85541635765,55,0
1751.99618437425,745.081339850871,55,0
3278.5320040837,5372.06783773085,44,0
3812.9766749922,5153.30915632986,44,0
4419.56835872934,4947.51222029112,55,0
4169.34125898609,5055.89494346625,55,0
4649.66885212447,902.599771530884,55,0
2570.7722314284,5105.18586815426,44,0
855.426527007196,3296.18842868547,55,0
2588.1244389772,1160.31755457264,44,0
5604.02949575673,3234.89236066007,55,0
1827.32634272355,1255.51897921437,55,0
3662.77337181844,481.555729101839,55,0
4140.5929074724,4859.43106092728,44,0
1654.16186683922,1182.57107133804,44,0
2943.33982770727,257.883124757004,44,1
2559.22761174718,5009.85252645059,44,0
3388.58285553689,5641.90502608072,44,0
3111.89777575562,650.723851803029,44,0
851.510510485623,2200.35700213837,55,0
4887.09405434324,4137.99259334972,44,0
3294.90748149804,6071.16434148,55,1
2319.91305229909,1512.85631389222,44,0
981.364384870529,2378.91815457692,55,0
1796.49616163898,4907.93822764744,44,0
2232.5262947767,407.009465623175,44,1
5270.68858059198,4394.4564693064,55,0
4023.16575500733,5495.08418176596,55,0
1934.90944246145,1222.68184399298,55,0
4029.9478241827,1304.44068798851,44,0
2228.92000427035,5290.49755071123,44,0
4591.68175505219,1920.53176412355,44,0
2568.52415044969,5719.23064696894,55,0
949.751430531238,4971.52095740019,55,0
602.591838565439,3518.87376657147,44,0
2097.07768883959,5236.15811641523,44,0
5113.9967252161,1142.7490255125,55,0
4190.15160708575,828.654656792945,55,0
1856.9708889311,893.616593342078,55,0
3197.26226935506,403.147777549455,55,0
1504.23621328011,4221.45949599232,44,0
3533.52584354546,1016.46029348399,44,0
1106.0449037162,4542.73078737195,44,0
1836.26732222844,1018.41863832214,55,0
3097.60522529985,5299.87314577368,44,0
2060.51225348731,4973.63979205255,44,0
1882.89794395967,653.80285099156,55,0
2694.890913409,5868.32399609738,55,0
1352.34886629388,1525.37957713909,55,0
3758.03819191343,5806.85817794537,55,0
1035.85195931811,1731.04993045963,55,0
4371.50288803668,1323.49711199516,44,0
4367.9010751118,1756.84099372752,55,0
5415.09009901146,2643.85871055231,55,0
2839.0057580353,334.012958183489,55,0
4073.90583246535,822.284437331365,55,0
5112.89556515546,1699.72056194579,55,0
656.808772544146,3346.4382838844,44,0
1102.60712315623,4336.44511680042,44,0
5040.67228310917,3606.1309181875,44,0
5451.3852978086,3750.27829157741,55,0
4055.51503993448,5068.9170814072,55,0
4509.14719238754,5026.4978000042,55,0
1205.26486336578,2334.89803206675,44,0
5510.2023894262,3420.33340264748,55,0
5245.8079337686,5062.11907358952,55,0
2943.01850470199,5842.77674001612,55,0
832.705012756156,1791.07104945985,55,0
5701.30340348964,4331.49985639354,55,0
1256.86436031057,3309.86711826027,44,0
3639.50744840761,4730.29589405857,44,0
3072.43960815492,896.615991831708,44,0
4479.48004280175,4744.65513889498,55,0
4778.78374820933,2135.04175207936,55,0
1714.84162587275,1274.37538113006,55,0
2968.19585004943,4986.09151515736,44,0
2679.29993420178,995.471856059204,44,0
2256.79073460101,1210.49663669091,55,0
1057.14229778754,2201.72291921581,44,0
2871.35934825171,1024.91949226477,44,0
5738.81339137424,2890.99365621552,55,0
3693.76372743772,5402.2578455016,55,0
3585.26352117587,5369.92639447268,55,0
2252.97695440465,4993.00705331219,44,0
3670.35253905004,349.440078895876,55,0
4211.90467003998,5612.91273864364,55,0
4908.97457138893,4583.6834530045,55,0
2264.11239365367,4891.48735354674,44,0
1706.3969495213,5671.83778239003,55,1
1251.72602048829,1703.58690928561,55,0
4090.97721062401,5292.24176856527,55,0
4418.30680375709,5574.31722689385,55,0
3827.24955794669,737.671309429608,55,0
1093.81573518329,4440.79044905524,55,0
702.580501825724,2346.81056594175,55,0
2408.55491003743,5365.53519212935,55,0
5248.62311503645,3546.13011232854,44,0
4098.77494685334,4955.61108671253,55,0
2094.70795657643,5432.65395011661,55,0
1212.73201809168,2219.53181222438,44,0
4117.47999800723,4637.67592788348,44,0
935.025566806044,2588.43823494759,55,0
3926.42671906241,589.813635848092,44,0
3115.81645836458,5634.45383977347,55,0
2467.2390588596,6006.39234112992,44,1
4022.8586857461,5193.46035717966,55,0
977.786410540123,4854.27060266999,55,0
4175.53834786902,1334.32229145697,44,0
1466.7019633433,5364.81828634847,55,0
837.095854211785,2647.5604550962,55,0
4908.76552011172,5072.72235139848,55,0
4649.27277758144,4390.10669373825,44,0
580.52088772412,4497.56632625093,44,1
1438.77226818021,1010.29183699123,55,0
4373.60845286268,4770.65370579624,44,0
1130.24095510577,2269.87056684992,44,0
2609.60828494027,608.932600035043,55,0
5629.00378810882,3392.84370890205,55,0
578.110823718319,2337.45318867274,55,0
2585.71449209409,424.675458870963,55,0
1170.88800454879,4912.6410063297,44,0
2065.48942887264,4487.85520152053,44,0
4187.44978584203,948.994611333097,55,0
3114.36030408518,4818.06645144727,44,0
1052.83480285562,2617.88725081969,55,0
3794.73811046302,940.647262721935,55,0
5346.37027151349,3690.63820510453,55,0
4130.87388374616,5166.79162462774,55,0
1571.20644376266,4608.42376823923,44,0
482.758492984529,3794.15142871505,55,0
3252.25027657497,511.42197445798,55,0
5855.2223251389,2506.50867758293,55,0
4545.30884189181,4030.24669967047,44,0
4746.69306064709,5204.83339164865,55,0
4202.98226047227,4687.73034954723,44,0
3842.10838802257,4881.57518300731,44,0
3443.16995132646,1010.65655920646,44,0
2427.70754017448,1059.35079354039,44,0
4272.66861179352,1487.91722418714,55,0
1305.87831312354,3539.1909878185,44,0
5937.81286680852,3024.0613491321,55,0
4740.33802830057,1544.92009200194,55,0
3914.67493774684,5450.83722371516,55,0
2243.30012152708,1081.35309480609,44,0
4198.73221463161,4591.99898256574,44,0
837.437123369174,3597.39417573492,44,0
696.280025559914,3558.86986661754,44,0
4866.50802306792,2069.6138201458,44,0
4744.74581253982,3559.27423053593,55,0
4977.48802448665,2086.113199383,55,0
5069.86789154939,3792.83718831466,44,0
4670.63893782253,2144.15731061102,44,0
2019.7963259797,4574.82559277389,44,0
5167.41094424168,1243.09203145912,55,0
4385.1569392877,1428.83558169863,55,0
3015.52184968929,692.769457047847,55,0
537.482967093235,2787.23871888465,55,0
893.476845542379,4281.43548789854,44,0
3635.44775591321,5053.3050606796,55,0
2416.0523510129,5243.76182461501,55,0
4292.69626483348,5847.85538759769,55,1
2955.83335925979,5715.30246659892,55,0
5689.86648479967,1795.17522629192,55,0
642.77111743046,2961.53055799013,55,0
1356.15913269456,1738.27492044657,44,0
1102.55706171784,3480.84607942263,44,0
557.803438917133,4006.8761389631,44,0
4863.17185011287,1896.34566464934,55,0
3634.05538815529,603.763424647052,55,0
2533.20722049754,5219.77384268206,55,0
4032.37959134554,1601.25607319889,55,0
4999.40588547025,3055.84354898326,44,0
3343.19850814372,5189.83613572481,55,0
1942.12554676245,5256.8683738035,55,0
4538.38187796287,1614.13750712012,44,0
5746.6122361857,3801.72834038716,55,0
6020.27437961392,2937.76190530213,55,0
2017.68768639351,4732.89880216454,44,0
4818.16035904699,2355.60549317248,55,0
696.275682733988,3130.57188153764,55,0
5889.88180842277,2917.89863243388,55,0
4491.17946276708,4369.71295680165,55,0
668.329017374666,3950.15824785339,44,0
4485.53694964255,4635.23192615897,44,0
2929.25986493007,766.808698919774,44,0
1672.04147253784,4622.20315956054,55,0
3369.31961830964,5308.662165398,55,0
3932.49968003719,5265.11293243793,55,0
1180.31266728914,1918.37026115392,44,0
2565.38716057608,6029.58877943223,44,1
5052.82541896351,1806.37656653074,55,0
3722.84910804242,5115.47369960487,44,0
4803.18049985735,4778.63184239223,55,0
3512.54397568228,5680.76325006804,55,0
990.361394998649,3135.91978255516,55,0
2508.17815402854,5896.29523198937,55,0
2139.03313288378,438.094368840349,44,1
3174.28359598064,873.132446362219,55,0
4693.49102688993,1949.37756766689,55,0
3818.63643264543,1356.97307080553,44,0
5713.71142572324,2052.79561037301,55,0
5506.11767588835,3110.44447082789,44,0
992.340911838721,4320.1089720398,55,0
5455.92287800711,1564.5885308962,55,0
2530.8223014547,960.938240867243,55,0
2004.89730557464,4830.32065688363,44,0
5021.98244014313,3330.57509570013,44,0
1080.10193402819,2047.40014298465,44,0
1884.11280181083,1818.19923894341,44,0
3658.04290289556,1164.59527869265,44,0
4436.02466734311,1635.88371140974,55,0
1390.99548192601,1638.96893142685,55,0
2788.27407396907,511.018753903305,55,0
4556.67080559136,1822.56119942017,55,0
4469.26106632669,1525.53778539327,55,0
1561.77364933086,869.312799720466,55,0
984.739582689425,1562.10953010943,55,0
5389.46847435071,2868.45810634737,55,0
3948.70587529322,5707.979225008,55,0
4021.40865973207,5619.81862177015,55,0
3421.02953816415,5753.10953462145,55,0
1434.17845557817,1331.69944225115,55,0
2786.4331565346,4860.36623098827,44,0
4006.50319620609,1044.44675216456,55,0
2385.37097353113,5140.71373062473,44,0
3656.48670186445,4942.9325693846,55,0
3309.06120587169,5731.63185052043,55,0
4794.62260540142,4543.89909291625,55,0
3913.60509527468,5145.0789454916,55,0
4487.27819624869,4235.86917678387,44,0
2057.7243349054,959.353222590816,55,0
830.975437491253,1673.18687011117,55,0
1091.58097172907,1839.9024757712,55,0
5314.1103657104,5156.75296713007,44,1
5850.14892809796,2804.3096286508,55,0
1543.83216689131,1350.72416600491,44,0
4854.5508201478,2460.82145814408,55,0
3189.23310418871,6094.25769331085,44,1
4531.74944164506,4913.15837722852,55,0
3995.15225824995,1400.11860049068,44,0
5617.4407759427,3114.64292021278,55,0
1382.08755751831,2003.63733854583,44,0
2263.47419751099,5947.38931727364,44,1
4483.56662256292,1739.82201169906,55,0
2440.38234221694,5032.93659217951,55,0
4417.17473528175,910.72411192149,55,0
825.026423214477,2846.65005679114,55,0
4821.87009465047,3648.4348088562,55,0
1081.99905245556,2447.7378452979,44,0
5179.75066873227,2680.94967419654,55,0
3442.60627414364,5115.38728472751,44,0
1641.02079982859,1361.02246414661,44,0
1934.56896931025,5144.73723385312,44,0
2672.92451094918,5643.66261244087,55,0
4821.44827409942,3766.71087476162,55,0
2527.56679297264,697.462297740179,55,0
2621.63497599805,911.319520401832,44,0
4519.07809816283,641.543342162293,55,0
824.862144980304,2390.19673428692,55,0
4125.47729787771,5692.65381753467,55,0
3092.80862965132,787.205067351915,55,0
957.503346220385,3846.57436139452,55,0
4605.2991661917,2078.33790151444,44,0
4048.65878290665,1155.27892647267,55,0
5199.38750756895,2781.44275583077,44,0
3464.04617948003,1366.33841760112,44,0
3125.48847271323,978.108167015186,44,0
2931.71966512894,5191.76101517264,55,0
2112.50800441568,1328.64483479159,55,0
3828.93109035085,4782.44783974889,44,0
774.385902455547,4111.77319682938,55,0
999.531218564342,2777.11560603838,44,0
2067.73325371957,5875.75575925507,44,1
2269.11342635236,635.627909325626,55,0
1189.87913114883,5305.56011255046,55,1
4825.48197410377,4221.52796585246,55,0
4594.39019247194,1698.04501474441,55,0
893.155724592634,2933.81270566526,44,0
1120.6493277846,2951.38622626311,55,0
5290.70346627967,3161.14990370614,55,0
5293.73328533748,2720.36897542906,55,0
4441.25403357161,1840.07669571637,44,0
5742.06509253532,3115.83122924729,55,0
4707.56307015484,4200.0704090978,55,0
3361.10691813966,476.028164750151,55,0
5022.37101310575,2310.10789354362,55,0
1071.75104314324,1633.71474517837,44,0
1108.37777181429,3837.49887246886,44,0
3963.87847211107,796.503659704267,55,0
3963.85269900395,918.494297158057,55,0
4973.1427120917,2475.27635198275,55,0
4734.21831842103,4969.73112549862,55,0
5110.53577568065,3287.59369966787,44,0
1202.40260012788,4379.82176729064,55,0
4860.41214730882,3543.97981111196,55,0
442.353500829322,4103.60359885135,55,1
1173.08757254939,1426.62712924159,55,0
3996.04024594794,1712.18748978632,55,0
1789.81800069484,4607.82042417744,55,0
4151.60430153484,1827.95068052786,44,0
1910.34527698822,1438.34419385828,55,0
2993.66202838393,467.6158203372,55,0
1313.5744394702,3232.49020507292,44,0
3369.50652066227,1072.21151106444,44,0
709.92556649282,2672.45769821209,44,0
4572.740869349,5713.02485893866,55,1
4940.01309273134,2655.27211203867,44,0
4073.18448705368,941.396622363304,55,0
2558.07392593625,818.893999353032,55,0
2919.91439990775,5416.50568131561,55,0
1534.94266906932,4802.13857588103,55,0
3399.75468023877,693.139626556922,55,0
1423.39749388129,3984.37037012533,44,0
1296.41200342892,2041.42501502185,44,0
1249.41362671031,2135.96981749006,44,0
2741.52166874978,5305.36231437648,55,0
2240.74336526093,5103.90062102536,55,0
5060.89097757994,2679.06089308827,55,0
1520.59684656969,1906.21751596261,44,0
4603.71473176791,785.878749272468,55,0
4932.28414831246,1983.73217709206,55,0
4324.04112771384,4872.43165863692,55,0
1410.85263681962,1913.04510030648,44,0
791.216620488931,3505.70426299499,55,0
2164.71616261082,1133.82899098022,44,0
3823.40585830333,1247.71098296212,55,0
249.039619513071,3405.12076737294,44,1
441.266301394502,2507.69861336868,55,0
4777.49805954858,4324.2540888754,55,0
2164.80849516298,5914.66220385241,44,1
3748.84292625891,1173.30848906378,44,0
3478.08930436045,455.269512809788,55,0
3032.18316719835,5121.78398742004,44,0
2023.24417543216,1415.51378825915,55,0
1326.80538896752,4371.5266022215,55,0
5090.70174844339,4127.32391495163,55,0
1149.23549692591,3115.01855510866,44,0
3243.8793876213,795.664988713434,44,0
3105.93711471645,546.435810158553,44,0
5101.99134974464,3019.42679612189,55,0
3532.65249802063,617.658199213292,44,0
3744.4094338678,565.92289836536,55,0
4970.78882230659,2742.45215748307,44,0
5096.45167870375,2901.76589047833,55,0
1279.32891156042,3912.877491296,44,0
2518.71455651825,1090.64977997388,44,0
5843.49690399496,2673.11862238243,55,0
1815.10622641997,4791.41688989075,55,0
1497.73141625044,3750.48582361777,44,0
5252.92092907914,1516.23007290815,55,0
1174.03208052112,3765.06702801359,44,0
3799.6992140127,5413.84547161376,44,0
1207.43748674215,4059.83049416956,55,0
1404.4920073222,2371.8601554409,55,0
3346.35842476684,802.580747971429,55,0
2668.47451217476,5442.41332605617,44,0
2168.28437419477,1421.45389508397,44,0
797.282455391284,2958.6189233353,44,0
2186.81932352007,768.026706279465,55,0
4174.95299470677,4314.3595912232,44,-1
4797.74105754568,3363.91924528938,55,0
977.535784957496,5084.15139190618,55,1
4717.73679031173,3819.9366349583,55,0
4275.12343827376,5722.85244701384,55,0
1836.4958043775,1900.62563810719,44,0
1240.18592105554,3608.95614937276,44,0
1179.57887750154,2437.82215681834,44,0
1779.77429568104,5019.46376790217,55,0
3809.06817514164,6019.04757246486,44,1
1661.80527088694,5064.53803582961,55,0
2874.29087704954,6076.96889901104,44,1
1475.53031087428,1986.89010183455,44,0
2288.78987984264,4796.93286263939,44,0
2680.86911087012,1118.11869405035,55,0
3089.5024898767,5199.06030376057,44,0
1604.56397295613,2329.86128667039,44,0
2931.76112817932,1254.78363398599,44,0
782.461002418535,3392.43773733784,55,0
1387.2450246209,4190.18284190814,55,0
4435.92043488537,2077.68651849109,55,0
2352.63350799006,873.118078496053,55,0
4915.15555031142,3352.39340643759,55,0
4630.59020045302,3960.09537727748,55,0
3629.2218511022,1057.96406286669,55,0
3229.36374466001,1374.11468330887,55,0
5924.9560519076,3701.72973840922,55,0
4986.82049061421,4145.60253914383,44,0
1845.51210745552,1139.01300625933,55,0
2788.8429968904,1304.76505333893,55,0
844.839474178756,4919.47884168772,55,1
3456.96986144326,1206.73030800606,44,0
2114.21500605918,4767.09581552506,55,0
4603.46041193652,2333.8124586838,44,0
2930.81721194677,932.90804225917,55,0
2946.11355926441,5083.60779910785,44,0
4764.72923229043,3458.07668127424,44,0
725.851741689699,4692.42468970905,55,0
4358.73632780913,2172.58655139027,55,-1
4670.58041994838,4296.42338891077,44,0
2374.95771884228,4843.25881867802,44,0
2208.61156667089,5400.54239469587,55,0
4233.56916895309,4793.38851499515,55,0
692.006510221435,4478.44842670462,55,0
2263.29524637759,1426.64044599681,44,0
3153.96330316181,5774.30626807994,55,0
2338.13501111809,1613.05208944756,44,0
5181.46364042711,3461.95881287694,55,0
5067.64794696806,4455.741783955,55,0
3482.52555075561,4855.7201642573,55,0
914.857776457517,2473.97313671241,55,0
3458.88383841996,1106.76981089021,44,0
4011.23711729729,4749.79653206607,55,0
4296.03038064273,1670.63273103757,55,0
2992.06821043546,841.191998071359,44,0
5135.53669544998,2579.55177527736,55,0
468.442396866905,2388.63218638603,55,0
4882.29920892926,4350.88752654175,44,0
2078.99475249195,707.740924957274,55,0
305.001541548125,2679.96173761793,55,1
5015.4456024827,2578.32649635994,55,0
5001.51433386545,3942.68994413054,44,0
2768.16087298939,5188.18757767478,55,0
4937.48832140537,3631.18932314357,55,0
2766.39420601076,5069.23916684556,55,0
4121.24165434088,4534.9782806456,44,0
3618.32533424639,5489.40801067903,55,0
2866.95772633354,4905.95004594299,44,0
4271.92078380397,1366.77596091329,55,0
4581.60513511321,4315.79841405209,44,0
2643.78066317575,1254.06159889648,55,0
2771.46469960055,1011.34467686326,44,0
1428.50748541459,4285.27405258217,44,0
2844.56412428139,1214.71300490098,44,0
2461.73765237563,5575.51441042463,55,0
408.291846476853,3539.1721332111,55,0
1378.51404062142,3902.18938811379,44,0
2149.83871177761,881.537381007936,55,0
261.738439957992,3090.25837155672,55,1
3841.14133479788,5650.08552989075,55,0
4621.96634049551,3857.05813518163,44,0
1186.30811979464,2034.84988522098,55,0
952.507367744586,3661.3654686316,55,0
2051.16008829548,1214.41015880005,55,0
2028.52163502833,1661.35840790097,55,0
4972.48929657814,4398.81922419248,44,0
2222.0212432105,1323.2759973213,55,0
4837.35226810136,3268.71300585665,44,0
3652.39803365895,4626.32956638226,55,-1
2598.5108330473,4907.86608734609,55,0
3433.60309861945,572.463083621092,55,0
4890.0634534269,2168.37031960209,55,0
2085.84732778161,5761.73491993691,55,0
3166.64227143999,4921.03915311643,55,0
2899.82646386126,5962.67977985174,55,0
1507.91419485982,2335.05302744091,44,0
4893.41649458707,3951.56766889672,55,0
4670.09475942658,2249.73072269783,55,0
547.712205521445,4222.53645605251,55,0
2298.62501628497,5204.90403447066,55,0
2137.38474053912,5541.31474081268,55,0
4895.51269973335,3845.22860669648,44,0
4319.7555191151,4466.76234371746,55,0
3569.93209108374,1375.92466744074,55,0
1082.91735953276,4235.00971761162,55,0
1015.93092720579,4738.0512449927,55,0
3025.85516994025,982.720437164461,44,0
4718.1572753455,2706.36703579632,55,0
3385.77019638359,915.743818926764,55,0
4992.49063755505,2954.21389981705,55,0
3259.6908563896,5108.39658142129,55,0
1976.46440473291,5833.36536976082,44,1
376.208135542934,3051.67162323544,55,0
5003.79256400102,2196.7564928951,55,0
344.111096607895,2789.62644723058,55,0
3637.25454910699,5184.50135317424,55,0
1355.83739592987,2560.64307060591,44,0
5149.86560418146,3199.77593148496,44,0
2678.6117256438,835.156207954346,44,0
3283.28615392202,689.29270075438,55,0
2102.35489567033,1505.74785357253,55,0
1571.13408196324,4404.16765376117,55,0
3515.0289554667,1281.49716756567,44,0
1143.26569709544,3300.20573782634,55,0
1734.87288234565,1384.69619941988,44,0
5511.41190840608,2812.27757844748,55,0
1622.15384531079,1945.02435694834,55,0
1954.8568831093,1746.56752230147,55,0
1487.19897517395,1714.03572613247,55,0
4325.32887209481,2075.67182045364,44,0
4713.22021389832,2337.66600915599,44,0
4932.64893851539,5504.73852187269,44,1
2225.00811299701,4733.60929156936,44,0
746.828323707929,3759.88173768428,55,0
4378.81565118109,4353.28264766433,55,0
5949.2780766634,3463.80405035096,55,0
1356.57768998245,2141.27469472199,55,0
4896.41491965477,2563.08643303441,55,0
1251.99512377597,2580.78061682706,55,0
1374.1475660057,4076.03170874045,55,0
4503.32007925856,4134.63268118239,55,0
2534.0625610929,1249.15413171141,55,0
3617.32424389988,1265.18125482523,55,0
4706.21687500778,3662.87012178467,55,0
3149.82989731936,5093.59106502988,55,0
3086.82205983791,6093.74230629988,44,1
3259.0121096714,4988.05809764723,55,0
2344.74327132362,5518.88757216031,55,0
290.345956207346,3705.23613647002,44,1
1141.93987445425,2136.42466503469,55,0
4683.46386787743,3410.59485153916,44,-1
3678.18005070089,1366.13632254288,55,0
1206.02396225753,3215.71143638568,44,0
2694.40457841125,4851.78179119973,44,0
1409.13246285873,4865.59866297332,55,0
2225.65046199047,971.258405694722,55,0
4674.71847859883,5678.70539497907,44,1
873.573969735583,1996.82572609253,55,0
4937.68710513259,3250.50908304972,44,0
1349.1533609286,3621.81222650609,44,0
1901.92716831463,4861.64274711079,55,0
3738.10465426172,1063.97612977733,55,0
962.120623603113,4007.71108608258,55,0
1169.74649521975,4160.32977718069,44,0
4414.40596165762,4059.43237708425,55,-1
3066.84933975901,4902.28008206381,44,0
522.543654127643,2931.41490191134,55,0
1777.5585064884,1810.10656138791,55,0
4987.63498610254,2843.22398650161,55,0
4910.79296016337,2280.29724069534,55,0
3179.0165002861,1071.60956861038,55,0
1524.65880382613,4514.81093244397,55,0
2601.50158320363,1050.33103227797,44,0
1291.63275569737,4264.54194627046,55,0
3549.9033682835,4761.11839865484,55,0
2645.81534301621,5038.85872902259,44,0
3133.14275705529,4723.55227677458,44,-1
3844.38991720276,1128.60344351751,55,0
532.230004777343,3229.66345715531,44,0
887.911979333011,2751.6069577782,55,0
894.14117190602,3931.82809772826,44,0
3843.21371150515,1678.01497001024,44,0
904.248359702858,4114.49326329885,55,0
2237.06994624676,4627.87933875406,55,0
3932.74949667775,4833.24665528295,55,0
2446.48126206303,1166.44952822878,55,0
793.63537367513,3202.05759448353,55,0
1613.33795855002,4228.03325753501,55,0
1313.20508859286,2264.29940797648,55,0
4108.09140454411,5944.97404026121,44,1
4435.33429419192,4462.46474349465,55,0
4900.23102420072,3046.70050139377,44,0
4817.2576009281,2992.62243127838,55,0
3894.27079399636,1424.92867866941,55,0
3945.65478104116,1527.56545178407,55,0
5972.59848506384,2829.92389976677,55,0
3752.44889195961,5014.94340805593,55,0
4748.81025453839,2438.02445331163,44,0
1316.4424759834,3813.25548597971,55,0
3925.00471568775,4613.35962908495,44,0
3021.27299244644,1271.5205231279,44,0
1535.36810199212,4020.51240473872,55,0
1161.57910158133,2766.33035481767,44,0
1304.03628084255,2884.0596234601,44,0
1137.18558995717,2536.92078072126,55,0
1990.35066278073,1527.07993566537,55,0
1642.09986205428,1070.52448038382,55,0
3552.86492699439,1150.87225010455,55,0
5192.79658469824,3094.78794375703,55,0
2926.84252232732,1363.84842516371,55,0
2730.08132986856,1463.94857899618,44,0
2182.2302329089,546.668139311096,55,0
4055.10506110597,1482.56271235344,55,0
1197.73541227091,2861.35447711267,44,0
612.35795668062,3790.17458823285,55,0
1283.41974294854,2475.89369724639,55,0
2791.47901227437,1119.54027615414,55,0
3024.08195898387,4788.15926065189,44,0
875.206265887179,4386.56805011482,55,0
944.352867916355,3031.80158739367,55,0
3930.80832081477,1635.53521422739,44,0
1387.18689415659,3483.26801117059,44,0
4000.02945218976,5951.85285280062,55,1
399.112556857394,2939.87874767893,55,0
1395.71699524887,2475.89144412249,44,0
972.341476965631,4203.2885324192,55,0
3473.91312782916,5349.90432623178,55,0
3546.06317097152,4956.88849686551,55,0
4462.9599717494,3969.72103421079,44,-1
4489.28123698714,5781.62354017451,44,1
1424.70929139827,2272.84371452202,44,0
781.47241644485,2739.95051976663,44,0
1751.07517143869,875.77383048138,44,0
4304.27210438433,4580.51243792915,55,0
4531.39906709207,2006.26674721708,55,0
3903.43064550309,4712.37034877572,55,0
1383.74523709963,3719.73884995877,55,0
3738.08618897185,4703.46242277876,55,0
4603.5293377903,4598.56139128111,55,0
4932.47664005913,3739.66064311926,55,0
543.266733524364,3331.23580775955,55,0
1731.13532435457,4715.05149875102,55,0
3391.68761414235,1291.69715673863,55,0
2627.92896060047,1467.07489551082,55,0
3445.80289580299,5009.30752626354,55,0
1814.39111746276,4402.56202039668,55,0
5196.49370801751,3349.18047874856,55,0
1453.770202599,2606.36624402623,55,0
1428.30195216705,3820.6043584595,44,0
4590.34925741046,4211.21674233485,55,0
3888.74941532369,1016.00373588534,55,0
310.214005045059,3317.07012997572,55,0
4068.91529838697,1887.76480492377,55,-1
4225.31066360223,1897.27779949006,55,0
1703.14624400841,2027.26705804532,55,0
2042.95156469528,476.146447797477,44,1
834.88834436084,3840.23166574379,55,0
1064.11530710825,3049.48152386503,55,0
1667.9237402674,1773.03385566981,55,0
4296.18809168333,1971.95325788,44,0
2336.10067414062,1134.23255914101,55,0
2152.01289904591,5042.12524326763,44,0
4398.32838162848,5825.88499326649,44,1
2690.08945735295,1362.971294041,55,0
2241.37662254628,1634.15496311763,55,0
2387.83009604914,1452.68801567934,44,0
4350.44776372904,1564.54497941214,55,0
1595.78018449769,4114.90841126675,55,0
2057.99874434115,1766.23351107158,44,0
3284.45536890785,1475.86137578412,55,0
2690.2810126757,4948.52496894445,44,0
467.174571730444,4300.89470005101,44,1
3293.12417315804,4882.88537882779,44,0
4341.13885045317,1870.88793679946,55,0
1272.40183482686,2686.04822110902,44,0
4023.63065981308,4583.17270278371,55,0
2965.41561193438,4876.6506248712,55,0
866.173663184255,4608.76527602007,55,0
1840.35143662277,1715.89045653927,55,0
2662.0267127639,5149.31350558906,55,0
3001.38621244604,1164.65037393334,55,0
2830.75821381981,5493.66810721924,55,0
2167.96148189808,4934.07456562946,55,0
1931.16062805415,1910.05675168957,44,0
1482.72862787217,4121.37560245525,44,0
4249.89441033127,1786.81706448401,55,0
3066.90638045182,5011.15750345243,55,0
2430.5225144274,4656.80319649542,55,0
3553.55507745593,4649.35833109178,44,-1
1003.39412240315,2931.99269237453,55,0
1917.43427881246,1632.77447689656,55,0
1733.72489487142,1912.17812700709,55,0
1279.95647137794,4149.1656200748,55,0
1539.96543972319,4305.64457056018,44,0
1900.30851970927,4578.69231446006,55,0
1231.97286501276,2949.2503135081,44,0
1786.98121042524,5741.68136286583,44,1
1459.68817477887,4383.24308814208,55,0
5076.68256204088,3128.01048588804,55,0
4089.45285688518,1759.54997188737,55,0
2740.4448375455,394.605539471853,55,0
2455.45226887929,4910.903792436,55,0
2593.60006697211,1595.44308963875,44,0
4273.78508557536,4222.25277041068,44,-1
1088.32803824157,2840.81881613595,55,0
1771.84361535978,2115.09787767564,44,0
1100.75277895354,4651.02781820439,55,0
1177.05384722471,3953.27587584312,55,0
1207.46444357141,4587.47519586595,55,0
4649.82476144575,2412.48472222172,44,0
1876.89134522525,4301.33744297991,55,0
4401.97390570662,1963.10724031169,55,0
3820.95249283216,4643.51620387754,44,0
2217.05528157185,1519.70597826746,55,0
1327.44753455591,4574.29281306187,55,0
4347.51677859525,4138.26025545204,44,-1
1273.05626468295,3139.81403329578,55,0
2866.30671209348,5014.98901553856,55,0
2479.39859132709,1409.17342792357,55,0
2334.61818484045,1012.2736823542,55,0
4707.72298245094,2874.35142236764,55,-1
1499.4694534751,2507.4956606213,55,0
4858.07284284193,3177.01673968767,44,0
3739.66910421259,4809.00540127652,44,0
1057.70276003855,3936.37255910948,55,0
943.078267838769,3376.04144935229,55,0
1166.35984815668,2663.5664993628,55,0
3111.61190938672,1171.98977268083,55,0
4960.89929806965,3151.7828093791,55,0
1805.45797249497,1457.71070425323,44,0
2579.61281882607,1356.20389026426,55,0
3123.34985179174,1395.42518642981,55,0
2525.62406019931,1515.51242549714,55,0
1413.61977172687,4493.48177224327,44,0
2088.76032699463,4651.76775966326,55,0
2884.70089460641,4802.1195316323,55,0
1607.74068507503,4894.92983099235,55,0
3720.03262668362,1268.89281799802,44,0
1573.62651971271,2427.37664796789,55,0
3272.39326934239,1268.30846600176,49,0
2346.96433051313,4949.16694500535,55,0
276.723641155752,2884.1588491832,55,1
677.961096125856,4308.78150212569,55,0
1004.77941135508,3278.78592747172,55,0
1089.91327888886,3198.04080965764,55,0
1953.36130536371,2001.6695947815,44,0
3154.41849033676,1282.54667817785,55,0
1062.90008608765,3384.40948165726,55,0
1396.58713267049,2919.83527947119,44,0
4046.08919700743,4456.65193939455,55,-1
1265.69836934319,3706.143553508,55,0
2142.51959560358,1679.36345620881,55,0
2323.23189917436,4690.56467125621,55,0
4788.22264112224,2569.37237563142,44,0
1212.47391569998,3499.43462594995,44,0
1269.15003401779,2788.8056346589,55,0
1678.3431739542,2424.02416660855,44,0
333.312113231806,3906.73981180748,44,1
4887.75620855129,2904.83287063915,55,0
2420.94529770081,1556.18283687955,55,0
379.291330791472,4001.66944337714,55,1
430.218969866302,3391.15686992013,55,0
3354.4097342674,4955.79292202185,44,0
3692.5257126285,1693.27948685003,55,-1
4264.91734963162,4364.23947343482,55,0
4506.48744313556,2371.91111277436,55,-1
4672.25708480595,2510.43317916256,55,0
2692.67413153574,4719.06351018192,44,0
521.250736265495,3680.7651470827,55,0
4521.74590371159,3888.02078176886,55,-1
1569.21507447386,3919.26257698107,44,0
2981.14354206166,1462.11434236039,55,0
2688.77351141483,1564.86966435656,55,0
1541.95124740525,3832.2347814528,44,0
419.066381289527,3253.45774082818,55,0
1480.10972858049,3661.27832210883,44,0
2150.04355496554,4551.92415980697,55,0
1794.29215060331,4230.18478887524,55,0
2604.275691087,4695.70050092433,44,0
3184.62434085714,1482.52368384675,44,0
3406.33271874789,1446.08034382734,44,0
1552.17755892619,2155.84044220764,55,0
3354.58051859776,1179.79508678289,55,0
4528.23659976192,2144.75976533946,55,0
3798.65449717928,1492.01553150944,55,0
4416.44810522659,2267.83017919951,55,-1
1191.14218217505,3031.9073915603,44,0
1457.09539747062,2084.76620864215,55,0
4234.94617308478,2044.49513529082,44,-1
900.192459040761,3470.39658901556,44,0
3663.82351615263,1483.90618564112,55,0
667.244657300566,4059.04798435283,55,0
4532.82716228244,2261.36773890341,55,0
1386.1881086112,2809.14987285216,55,0
3215.18477870092,4818.50262917832,55,0
4834.97284653601,2716.52638739897,55,0
1038.42877201039,3578.20951060143,55,0
4567.67243681154,2474.11330462776,55,-1
3307.98278167777,4786.43632972546,44,0
4558.93663423465,3786.89859950691,44,-1
1713.22484629811,4318.31919233284,55,0
3764.66003464942,1606.56151036813,55,0
2625.02700864674,4789.3511191197,44,0
5090.63605557809,2787.98222814529,55,0
3044.23260755936,4694.20300390142,44,-1
2527.6554468322,4820.69672977157,55,0
2740.58837794786,1210.5431380228,44,0
1864.36383079864,2081.14609934311,55,0
1121.02307503907,3674.31452799219,55,0
2204.5974104535,4460.16268793716,44,0
4643.22413631584,3745.06326364415,44,0
2429.90608611468,4762.68556792825,44,0
1297.30419370657,2373.82877528978,44,0
2138.79434944116,4382.33269811724,55,0
2050.85227916566,4305.69540219153,55,0
3980.28037613895,1824.90482702792,55,-1
4709.76738557709,3088.23107434388,55,-1
1296.42853964497,3029.88274832314,55,0
1650.50616885047,2776.39059101571,55,-1
2000.16451834055,1842.41180411748,44,0
1474.04839439554,3901.4870209532,44,0
2958.18162484892,4719.96362716656,44,-1
2858.61465715359,4667.23941909932,44,-1
2922.12805510266,1596.79000113826,55,0
4814.10578084037,3092.94425406346,44,0
1686.86684843037,4432.22841704857,55,0
1359.07652612657,2648.25455593939,44,0
3026.7338594119,1369.23626444498,44,0
2788.22677104898,1539.81360060138,44,0
3087.26578337652,1504.24275714601,55,0
3290.41951497614,1603.12577659209,55,-1
1036.87410813012,3758.68564413821,55,0
1371.97880211038,3351.10118719629,55,0
1811.67858342936,4127.60766794722,44,0
1900.48405405247,4192.68304789063,55,0
1963.52498955909,4477.04709982787,55,0
2630.6328417846,1698.20779423744,55,-1
1181.37168928133,3405.38417117807,55,0
3194.59802470753,1575.72585776554,44,0
2807.62765319482,1413.23745062282,44,0
4703.36797215907,3285.63677044155,55,-1
3847.34832293428,4544.21638087122,55,-1
4750.97762510408,3184.87578286462,55,0
568.938007433158,3902.97267063587,55,0
1105.35634069349,1120.72147201,44,1
1296.31413033672,3438.16600800503,55,0
3244.81462966291,4706.63168319682,55,-1
4138.90026337228,1966.46624883064,44,-1
1707.74608609039,4160.58012382126,55,0
3589.70245355436,1662.24176953168,55,-1
3666.4653912062,1593.00290894962,44,0
1755.5393540617,2212.64545770636,55,0
443.13466277051,3905.80714150799,55,0
396.740765154234,3662.56231737513,55,0
1560.12193299407,3568.92545181812,44,0
4103.08270409139,4370.15376628563,44,-1
1802.54727645205,1993.90186129769,44,0
1947.74228538444,4372.02059014815,44,0
2012.04717311372,4212.42831719523,55,-1
2312.93984909215,4409.5506198739,44,-1
1745.41093073913,4050.70243503159,55,0
2354.68947170333,4574.91675911117,55,0
295.080097717436,3600.48353985991,55,1
1642.01912552076,4021.3423175148,44,0
1607.42555527553,3750.36654313648,55,0
2876.38444031692,1493.97031255281,55,0
2510.78070337474,4713.91647828249,44,0
1557.84095038256,2592.86157516488,44,0
2465.89979690048,4555.61658608436,44,-1
2321.20443835047,1715.83866015287,55,0
4632.78403772096,3587.46443498936,44,-1
2425.75389552553,1673.849744413,55,0
4662.14000758635,2797.4336277489,44,-1
1660.9096481436,3594.61124354433,55,-1
1712.31335033239,2322.57959706233,55,0
2413.89201780177,4478.73625115108,44,-1
2037.26679141512,4398.82458913993,44,0
1703.22805326888,3683.02608768292,49,-1
2788.36698912885,4750.0045755848,55,0
4702.25356096334,2978.2855197475,55,-1
3746.995366875,4583.19885509822,44,-1
1640.06802755025,2235.86765201807,55,0
3336.53681943201,1384.52801801671,44,0
1791.45594848062,2405.53041059407,55,-1
2086.79938755128,1902.81166235679,44,0
1450.65580170267,3563.82879751924,55,0
1913.45132168128,2251.01346941131,44,-1
1848.21856141791,2183.87890599005,44,0
3468.22081484718,1525.4459679463,55,0
1150.52778508113,3572.14426149712,44,0
2223.64789436668,1747.99241564184,44,0
1416.45579935578,3044.04695652837,55,0
3109.46765877547,1606.31512142023,44,-1
4698.46942155346,2609.42935382799,44,0
1389.46496192994,3151.08654758228,55,0
1948.692875598,2158.37782711926,55,-1
1458.55356437666,3416.39419668522,44,0
1826.39186640818,2304.25678990619,55,0
3777.64068235573,1750.52238417949,44,-1
779.329039090502,3943.14136112885,55,0
2734.769107199,1673.2691206057,55,-1
3361.83317100444,1538.01741090286,44,0
1507.95527574441,2241.33952440483,44,0
1458.71714006062,2727.59734573811,55,0
1522.22382237245,3076.62801889039,44,0
1535.36613925865,2680.94998898784,44,0
1831.79112060564,3979.95999419589,55,-1
1577.20263700613,3657.55938397678,44,0
2278.11055183627,4509.75942981739,44,0
1547.93900650528,2782.11080595098,44,0
2517.6274498626,1648.19780526929,44,0
2375.85115481421,1821.10871136259,55,-1
3458.51059674138,4690.47778090164,55,-1
1482.27310969983,2862.60973091111,55,0
1712.97709553952,3944.40653865866,55,0
3477.7970133154,1643.8628240192,49,-1
3021.51242979161,1633.04310760946,55,-1
1424.66633227819,3254.5193257275,55,0
2767.86082790505,4647.53932397193,44,-1
2558.64090514678,4581.91401868646,55,-1
2461.72959838154,1791.33156771905,44,-1
1902.44627085124,4077.96867363635,55,-1
1541.31884562202,3465.77614155387,55,0
1629.45548914643,2517.69717512715,55,0
1610.13251896488,3041.18499444245,55,-1
1500.584923902,2978.90234144955,55,0
1624.5701153229,2943.14607346352,44,-1
2205.96146188876,1899.65671394833,44,0
2149.04118273416,1814.07024235356,55,0
2161.90149876914,1986.7881833525,55,-1
1751.6951075882,2510.49460436826,44,-1
2015.28534095768,2082.65168110395,55,0
1538.86671973936,3272.90909891304,55,0
2644.95055896277,4606.96562613118,44,-1
1656.50788025112,3865.03177541323,55,0
2270.13358426765,1831.9333182449,44,0
1634.75835643044,2657.60437855414,55,0
3942.06435066748,4492.77007300517,55,-1
2538.63673736456,1731.24154688275,44,-1
865.582747354958,1378.25882283665,44,1
1624.18312335653,3310.5497323095,44,-1
1690.83465789934,2871.18647527328,44,-1
2831.08871132041,1647.69971087327,44,-1
1597.73508635469,2857.50106559108,49,0
1274.20467916352,1240.96441862473,49,0
