5498.50782200978,1421.81243616081,44,1
5223.89534406131,1104.07743702962,44,1
5414.1425799586,4362.81433878593,44,0
6055.57827994779,3372.39099420971,44,1
5815.22261757583,3711.05674795813,44,0
5612.46736345427,4278.22683351542,44,0
4832.51854693479,5416.00393294221,44,0
5182.0699050239,4969.27279597885,44,0
3566.65577067612,525.656820424942,44,0
5950.00670651142,2740.70726820049,44,0
477.10151501103,2097.1074516905,44,1
1486.90071816623,1167.71822973513,44,0
6008.64018911202,2549.43284704209,44,1
5395.48397665491,4266.41551445067,44,0
5260.31968251744,1950.07318656538,44,0
1532.3302809484,1260.79380580159,44,0
1531.05939163111,1078.7642531533,44,0
5073.56507824849,964.089707868827,44,1
5814.33902731605,1952.56759610719,44,1
1615.52735052391,5291.86312791649,44,0
1060.70750063924,4914.2779475484,44,0
4932.95975102078,5261.17300482909,44,0
5454.30327047121,4567.14345882235,44,0
4852.69183040665,991.717673590697,44,0
5918.06755188833,2601.75439238392,44,0
804.918464500826,2155.81056903543,44,0
1886.90065656396,5756.74795057265,44,1
1246.80147130279,2153.33130442529,44,0
1482.33228261051,1349.10721722793,44,0
1040.43712072015,1191.17885807216,44,1
5704.00353106555,3893.81870058062,44,0
5699.64539731217,3293.21525340121,44,0
1700.81739654692,1180.40922895972,44,0
4836.74692032919,5272.90639990034,44,0
5098.53969980263,2052.52044497228,44,0
2643.36040882851,5945.55416518911,44,0
2711.4763580375,620.478786772834,44,0
1358.24827942939,5203.24260650614,44,0
4666.15591176779,5394.67697692983,44,0
1576.97256375441,4764.41387912791,44,0
5500.24613167793,4422.19607278313,44,0
682.547775526012,1955.04622782144,44,0
4915.58760477006,1388.74788963342,44,0
5750.74765653278,3479.02047407341,44,0
4815.69910302986,775.485334261252,44,1
3051.60710566593,345.718794253686,44,0
5774.39391291456,1866.29815292292,44,1
1251.63674220374,970.799565925935,44,1
1259.29667372626,1331.84921725692,44,0
5130.02449952833,4603.49923284628,44,0
1582.6901626773,1353.85644492175,44,0
4922.40971591811,1485.64244056501,44,0
2945.94140659325,5602.583904313,44,0
842.638936754736,2945.91835538246,44,0
1533.56677603453,980.457849297182,44,0
4222.40902631812,5486.93913468964,44,0
3396.10982358868,5838.81620851598,44,0
5844.68695214572,3408.22796183547,44,0
6042.29688580202,3673.03356517767,44,1
716.548257197216,1620.49248412211,55,1
5826.91668616195,4368.40591217777,44,1
1750.70237877965,1098.28460087573,44,0
1204.31382785731,1562.13541788489,44,0
1392.43377915478,1126.87545037789,44,0
948.711149949109,1690.73792802205,44,0
5354.68900024997,3800.79121977754,44,0
3476.81186494009,5896.5293061377,44,0
1502.97822083829,778.665143666287,44,1
4376.12623070892,1071.92642934549,44,0
5005.76051305073,1423.64177863129,44,0
1068.93095102096,5013.2540543977,44,0
4646.9011683001,1038.74826490534,44,0
2311.51415582203,5738.78938300664,44,0
5898.13914565663,2147.10914970554,44,1
3714.28258900116,694.333146024355,44,0
5536.23821301908,4634.85625507641,44,0
4903.32928046809,5354.14777217193,44,0
2156.18937702568,5353.9571309774,44,0
1421.84421548787,5275.64151763328,44,0
1110.91733285334,1269.62348645702,44,0
1671.59985585396,667.512976991427,44,1
5733.74824121315,4554.21855259502,44,1
4734.09077348567,727.05408586275,44,1
2944.64319374265,704.363618579554,44,0
4276.55129527788,1090.73557337468,44,0
3960.1050490392,593.460370261629,44,0
4595.39416649932,5468.2305735256,44,0
1558.33917583314,5515.85213689984,44,0
1409.85147707731,3186.09952320293,44,0
4191.58698020474,5803.2657664819,44,0
4918.18369512366,1061.41789535452,44,0
2029.65245708674,5546.95378418318,44,0
5203.6771858078,4428.34243919328,44,0
5761.83225658586,4453.66699401616,55,1
6018.77810035557,3778.19804196745,44,1
5863.99096370782,3618.01250136944,44,0
2374.60400472098,652.967953947793,44,0
1433.90740919697,1252.20338027057,44,0
5741.65724777551,3383.62575905578,44,0
5203.17759614642,4674.8231937961,44,0
3403.31928425796,381.766567065429,44,0
5066.31317008382,1245.86107794786,44,0
3662.40961888873,779.427709310296,44,0
1868.92841608579,1413.74949443707,44,0
2318.78351466825,5856.70113157282,44,0
5808.98889704631,3890.50352346688,44,0
4438.16304011378,984.889727075453,44,0
3756.07208787241,421.057018061259,44,0
2953.49067119569,471.14344217302,44,0
939.722181006096,1379.15268109308,44,0
5306.66307876444,2032.98400619436,44,0
2482.90457740086,5737.62831103921,44,0
964.00020288629,1964.80462876136,44,0
624.239779801749,4586.3760912296,44,1
5146.37647879481,1029.84049330905,44,1
970.163608257257,1276.57624046341,55,1
5859.78614789756,3099.30333323706,44,0
5221.11938068038,1745.33778515297,44,0
784.601968937256,1950.50079224274,44,0
1331.74296873001,1040.18609705991,44,0
2353.44798002645,5346.69251643047,44,0
3152.94948463786,5872.93053820505,44,0
899.686954415594,2123.06177917597,44,0
4641.3260202136,5290.70051251785,44,0
3748.40809720342,5936.82437824242,44,0
645.345639989447,2043.07133703515,44,0
5083.98040669746,4976.19227618016,44,0
1345.05028781267,924.602603755259,55,1
961.090673916337,1868.14648055246,44,0
5901.71375664512,4182.75996911208,44,1
1660.93650924891,5199.32575181531,44,0
1047.35879410059,1678.02862873028,44,0
1018.03819674214,2878.21306062488,44,0
1934.09647459727,5528.41821053836,44,0
5260.52869048857,3762.06495169044,44,0
1237.40335482104,3967.67802510637,44,0
6070.08957143238,3471.5066682068,44,1
3700.75238179158,871.300371501271,44,0
1754.4199131943,746.284751775215,55,0
5205.45376239879,4862.56503041561,44,0
4815.78008031599,4821.88915873478,44,0
410.738763202527,2286.85843580692,55,1
5223.34160288908,5176.04109826669,44,0
2448.79650292464,5867.88469451908,44,0
4821.75398775478,4613.68493181936,44,0
6019.76240108732,2651.8175938112,55,1
1523.02943679563,5263.33462203307,44,0
637.234329077229,2439.57869158735,44,0
1256.58075282937,5210.18396063878,44,0
4571.19462940313,1504.41324258791,44,0
1358.59676971101,4214.29976820841,44,0
4151.87771337024,5553.18205321015,44,0
913.083962098205,1777.48409586241,44,0
3323.11845866402,598.672149918064,44,0
2303.05427024692,5632.52266891353,44,0
495.972590224408,2206.40164013083,55,0
836.203469776839,4707.12640768128,44,0
2471.80239248359,868.309961940457,44,0
4416.96401761028,1299.0135963631,44,0
1185.32033552916,1050.11133443949,55,1
2413.90807788934,1162.48769517455,44,0
5584.71854114285,3280.59025366518,44,0
1554.40162971047,1731.59113959528,44,0
3024.13371355141,833.032735170289,44,0
754.328222259195,2572.61154024407,44,0
5832.53778501823,4264.40385101306,55,1
438.399071975655,2621.15069177991,44,0
1166.29156422725,1362.3626443131,44,0
5794.57888176125,2599.23014056725,44,0
1946.33427540584,548.849241168417,44,1
1845.57947059414,3966.05236075833,55,-1
6082.19143455274,3162.69624713841,44,1
5300.53643511345,1413.19987970046,44,0
3926.64814580755,495.33949358257,44,0
357.791397864606,2375.46459508003,44,1
5603.98787422349,3863.08083768567,44,0
5293.78381020092,4489.18541886057,44,0
1990.91508102895,661.611136870909,44,0
2148.47873807808,5159.67844098752,44,0
2752.01435281379,282.069850017309,44,1
3581.64810122687,419.264588135756,44,0
4436.63536461221,1396.04159141839,44,0
1770.58912430166,626.203011993518,55,1
6055.41085337215,2751.13767760646,44,1
1550.5704461651,1445.25582770404,44,0
5285.63156189093,1186.91194970043,55,1
1112.82083727797,5098.97538197436,44,0
5234.07006361294,1860.79884446837,44,0
5543.95248132558,3152.92110069605,44,0
2213.77347109571,5247.94182671669,44,0
906.313668049108,4772.68991648911,44,0
873.704323267018,1909.14260910827,44,0
1312.82813804792,2331.00896157911,44,0
5636.07493444833,3773.77920715312,44,0
1786.42746740325,5464.53657078145,44,0
2455.84252533875,1337.62118256628,44,0
5520.03389351831,2626.31695752328,44,0
4318.13667982792,5515.91388881286,44,0
2501.13872314816,4993.08716180353,44,0
4470.17262096774,1078.27783100085,44,0
3128.76835330186,5995.53727066144,44,0
3572.8009739142,5907.12561493389,44,0
5411.53403660762,3291.87581229571,44,0
3960.20795559694,1341.63053036708,44,0
4954.18561161132,4717.43446382622,44,0
4348.33589016695,1170.2978759792,44,0
525.545950764557,2676.09566359112,44,0
2170.32513742148,661.452192329479,44,0
1722.71794336162,4883.72218457843,44,0
3870.45774816782,788.927566551349,44,0
4465.5070560338,5652.57865405331,44,0
4914.78900758818,1583.29506639628,44,0
5274.55196178408,4938.97742489472,44,0
5419.6605773973,1349.79606468358,55,1
549.57968219923,2485.65419247105,44,0
1088.25873231241,4814.36927125111,44,0
1211.97375159165,5117.43710674656,44,0
4399.03094353422,5722.90405306381,44,0
5200.09105402082,4331.95512311474,44,0
5311.89957923889,1302.27426120097,55,0
2324.43774421207,5444.59790902441,44,0
5308.83675110632,1788.50434897021,44,0
964.806553367951,2199.82908146264,44,0
5645.54144449992,4614.18615122386,55,0
3732.06342385169,5559.43260051876,44,0
3151.38313814553,536.093803647722,44,0
1073.28990745178,2037.71580837266,44,0
4933.65524618748,5456.88819521305,44,1
5210.13785567037,1359.57398642138,44,0
3068.64487881123,5802.10780728879,44,0
1687.67833255885,4555.34942838638,44,0
5655.27769678205,4091.57935221012,44,0
1390.40202380544,2506.91149282122,44,0
567.903462799581,1896.44083628179,55,1
720.171000889381,1867.64006687625,44,0
1581.36083429189,1168.64915853468,44,0
1335.18072975585,2240.25039014004,44,0
579.557091976517,4307.4917350354,44,0
660.729217899774,4227.81236773507,44,0
978.753589004927,2064.20349391896,44,0
3232.75606363258,812.778018868919,44,0
701.990634526787,2140.68518040035,44,0
5556.95602371507,1498.13161253405,44,1
3924.59931035951,698.603924822405,44,0
5109.9949213411,4884.19754403214,44,0
1501.47833393989,4962.77705241122,44,0
2553.75248653404,5802.91861156019,44,0
4423.25188608761,785.473757098701,44,0
4142.37276017867,466.2845512252,44,0
2758.66895257933,815.054442387875,44,0
4531.85127001363,1416.10670976356,44,0
1354.9189570611,2138.16328885741,55,0
1585.39893624946,722.301993295538,44,1
1167.97274668606,2688.8498466763,44,0
913.711669121933,2366.82872738613,44,0
5627.36519014711,2345.41559139516,44,0
2066.49346136358,1480.54558873873,55,0
1176.73112175789,1668.36145619561,44,0
1281.57943428631,1134.36235308724,55,0
5653.73303781035,4482.95450321963,44,0
1271.01326717179,2051.51163560091,55,0
817.759679601123,1443.38790743309,44,1
1209.99373834239,4816.96816406514,44,0
5247.96761210951,4095.94817251042,44,0
1648.2180271264,4825.04892675377,44,0
5401.42168360584,2098.82169353124,55,0
5979.30620936083,3876.02849784332,55,1
4211.00605481546,1001.14757471089,44,0
4724.08097527183,1726.67467988115,44,0
1236.85307357135,1900.83707253207,44,0
5512.306020876,3063.5311670009,44,0
620.428102636001,2644.93948602668,44,0
1970.17603943803,762.937939420987,44,0
3665.73927014222,5880.83287261368,44,0
2508.10761086406,1144.24125179287,44,0
4694.69527968096,5092.14005972274,44,0
1093.52146720021,2488.39318546784,44,0
4824.73543539774,1541.6832327129,44,0
1169.19388440321,2086.26200908643,44,0
4271.80076071883,711.91020432297,44,0
4558.13435412837,4793.04144198318,44,0
1391.15494516561,3675.25415589496,44,0
1890.78417260163,5018.52113484084,44,0
1732.09033186049,996.275818369351,44,0
1452.5916793281,1443.02852393931,44,0
5725.18074692238,2380.57377191465,44,0
4316.25251822508,995.217064107837,44,0
1605.4114360374,1654.98417331578,44,0
5612.81695652588,2005.41233751434,44,0
5610.69776569247,4726.61695377344,55,1
5147.12789652256,3597.42016356974,44,0
4520.54464859847,753.594860593062,44,0
498.957031048638,3144.78997440985,44,0
725.114869787902,2913.7206124446,44,0
1131.5240824057,4437.41699691137,55,0
762.763231052972,2749.68353453293,44,0
5332.15713409926,4865.04633391584,44,0
4993.51979098737,1178.58234401441,44,0
1403.64776238974,4986.58791599699,44,0
1660.4589999621,2253.06363996799,44,0
5824.51978777699,2410.49386050581,44,0
5612.99984037032,2778.25626218234,44,0
6083.30524061351,3267.22697886361,44,1
1867.95745489233,5128.38655490765,44,0
5313.09157281424,3117.95917655303,44,0
1452.53773957114,3967.02638426639,44,0
1040.42489165096,4534.66749829476,44,0
4234.18217736299,494.351682633092,44,0
758.587209616302,2052.49696068746,55,0
5034.68817523223,4564.89322645834,44,0
2835.45480136419,5980.23948568658,44,0
759.088849682371,1526.13506113443,44,1
1649.85841136459,1454.90326665569,44,0
4998.6399571729,1323.31352262433,44,0
5353.2713351002,4572.95579755298,44,0
1359.78187672285,4006.95914849972,44,0
1846.23411954548,5650.74163162103,44,0
1656.69459059047,2157.95883955285,44,0
3888.97047713434,5842.99502301373,44,0
532.764551637037,2582.95090418201,44,0
2008.10878314582,1561.88786680213,44,0
1385.73432661935,1668.81590985915,44,0
2046.10551762352,829.838661823869,44,0
1508.53779159278,1635.38268446065,44,0
5702.30219770084,1941.34179097147,44,0
5164.06364773723,4039.59319381669,44,0
5510.87107389282,4783.83876179769,55,0
3821.17037303469,5499.3245081425,44,0
5991.51968534958,3217.1315868233,44,0
5808.10837620375,2317.88307400991,44,0
2951.95066886653,1048.72437059689,44,0
5140.34939942035,5061.89273653239,44,0
1143.10356646249,3941.35281813003,44,0
2931.51141099612,805.266417569512,44,0
1605.11697499147,4243.77419714015,44,0
4667.68893050225,4956.53312447935,44,0
5238.20075662807,2806.59032426192,44,0
1634.99633312468,968.510801575207,44,0
4380.13409359137,5431.22336811444,44,0
857.649780363813,2565.19874972535,44,0
5386.81011727453,4774.08338371384,55,0
1199.41016098049,2488.38302068824,44,0
2958.03226125936,365.43818602402,44,0
1697.95494718756,4981.66713663013,44,0
3593.53068044294,710.640238884661,44,0
4448.52570200976,5093.8206002068,44,0
1836.36843513394,5550.01712426151,44,0
5962.92029681578,3123.55551207504,44,0
5654.09025465643,1689.98693616361,55,1
587.282060639429,2129.57991919945,55,0
1698.11925029241,1639.29848818865,44,0
3865.02805683871,584.846346908851,44,0
1955.47930881658,878.258702801061,55,0
4451.86019806267,684.444294039022,44,0
334.014776659049,2467.51211687125,44,1
1371.51981491735,1493.65703060223,44,0
5346.26125001339,4168.11427919824,55,0
5158.73626768845,2124.5065049887,44,0
5977.04784811294,2449.37478938524,55,1
5355.81922390144,3202.96971864327,44,0
3780.85757853819,1298.72307274386,44,0
1230.38970189228,3276.37203318788,44,0
2395.55752537811,5785.72674298148,44,0
3869.76324181722,1322.3109410079,44,0
3973.28494067495,381.138029427907,55,1
4357.17791797327,5624.79692714411,44,0
1163.54212072114,1171.1657085544,55,0
1420.74276054357,1582.46283583739,44,0
5440.0388416617,3150.58707207642,44,0
4546.92627728611,1228.46952113978,44,0
1670.01855382566,4724.83278242948,44,0
4081.63345994529,5734.03435784508,44,0
988.33698656823,3615.65991345408,44,0
3829.76647578214,490.619700021387,44,0
2641.13094671657,5839.84232432341,44,0
5854.03298128995,2805.19459216976,55,0
3462.22146577168,298.198220284051,44,1
851.093458896588,4914.58131525995,55,1
5417.5011732543,2895.99762009806,44,0
1138.35742504105,5204.55855338143,55,0
1571.07769438852,5056.83549428726,44,0
533.520772829769,2008.26662824818,55,0
4865.05502523455,4928.30113144657,44,0
2449.60276826005,365.61413771921,55,1
5648.18659828032,3480.03815436437,44,0
5376.14753474693,4956.84294992911,44,0
5340.64645158247,3707.60131761024,44,0
4908.53414236702,2010.74100056858,44,0
1940.18060164996,5194.6734528062,44,0
1812.9943562396,4716.97140223833,44,0
5902.12592823822,3965.13408870554,55,0
2109.8880926395,4692.11155674792,44,0
5262.91788585658,4773.64224368398,55,0
5522.08645539245,2075.13191492838,55,0
1444.89797479178,866.924940751089,55,0
911.019489818736,3144.18717242346,44,0
3140.33940946503,270.662747870561,44,1
4828.95799995827,1442.61888630365,44,0
3812.67007710572,5226.49024702719,44,0
5519.96247122511,1970.04057933111,44,0
5141.55083851589,2843.94327899719,44,0
4318.70177632724,799.923659650435,44,0
1270.08829908575,4901.75236031014,55,0
5137.85159064706,1819.10890149957,55,0
695.471430202493,2824.48869449301,44,0
5116.5287721431,2935.30641581154,44,0
1272.82287734464,4053.31435630918,44,0
3756.13278513852,785.876392133243,44,0
5321.96861415944,2859.97571892263,44,0
5435.65942095067,4670.96055377897,55,0
3361.22341533747,273.583322384047,55,1
1169.65059811041,5010.20846123618,44,0
2646.10185693758,314.004665755921,55,1
1142.68248113999,2407.44247801564,44,0
714.604289238777,1735.46200873426,44,0
4246.17262094436,5284.67521062492,44,0
5509.16388512281,1695.2069481807,44,0
1238.66208759298,2247.268922829,44,0
3540.0667128964,625.871652604952,44,0
1262.65834730742,1471.76187236307,55,0
5489.44477937053,3232.99394257756,44,0
1997.7431689346,5448.5943127175,44,0
3536.14465929149,5556.06787847369,44,0
2216.86133830233,5805.48012145247,55,0
1367.79779817881,5400.12515033301,44,0
4830.0503060451,1341.42857170261,44,0
2347.69143349904,1077.3186134103,44,0
2746.96959386942,5429.95996678411,44,0
3160.69612795658,5393.48729307244,44,0
6060.62240718313,3059.91455779723,55,1
2010.23668865658,1093.38247200184,44,0
1540.61940190604,3812.91331343143,44,0
1372.36342304118,2413.52077583583,44,0
3282.32368006531,901.396001339799,44,0
2141.95751300475,439.352014819055,44,1
1406.39548881609,3385.8276072361,44,0
3976.2455931377,5284.4170407497,44,0
2868.04172425163,323.810340708622,44,0
3255.92719726214,5676.61897897451,44,0
5761.0256729782,3214.33489673178,44,0
939.90945561809,4518.37542724462,44,0
1169.99004427639,1981.44277222105,55,0
1851.3292741575,4361.62643528702,44,0
4545.26756282187,613.858463062341,55,1
5545.2388563188,2408.82931806735,44,0
5815.74972798145,3305.19047459923,55,0
5061.08953324609,2150.16626272946,44,0
621.76654513698,2243.87009687468,55,0
813.232500095881,2342.70150878052,44,0
1199.56184613918,3670.85644253383,44,0
4828.75110129916,1642.48045600257,44,0
5506.98299654883,2321.82929784887,44,0
4042.03146988339,1290.09473466362,44,0
1277.89811716418,5020.68647540396,55,0
3306.40107870241,390.506800020763,44,0
829.37994491201,4496.7457118472,44,0
2861.96483812825,874.495632263689,44,0
2681.44965614649,5524.14397993803,44,0
5032.15511319474,1981.62159333015,44,0
2192.28090960703,1330.22055886527,44,0
596.772826860877,4403.43967779712,44,0
2541.59173130299,318.320913912088,44,1
1059.84836040671,1372.99809336612,55,0
277.675399819464,2987.25543852484,44,1
1505.15053337276,4703.12954661945,44,0
1384.78070316407,2032.68364196331,55,0
390.600180852023,3140.23253385743,44,0
3407.61434539688,6043.66814715819,55,1
3944.55737986022,5377.56025237907,44,0
4633.41844621141,4722.17303595301,55,0
5589.43226046765,4173.19119896724,55,0
5337.91171906599,2507.2285321336,44,0
4979.76565905826,5157.97735276905,44,0
4937.18641764989,4233.86413397695,44,0
657.544636141695,2735.26972421924,44,0
1056.57781903373,2244.04631074194,44,0
4893.25117268298,1160.00840733205,44,0
977.498747737898,2296.10492295435,44,0
4925.72180351424,4842.83962310052,55,0
2399.81611945824,5670.08923798985,55,0
893.859237998629,3768.59269849309,44,0
1307.28100524821,3218.4531689899,44,0
3542.53890467568,1010.08098391242,44,0
4746.39896982963,5328.15044417219,55,0
822.173955939837,4059.66936237472,44,0
4748.41749988473,5478.08516609504,55,0
2757.88552644344,713.04830960798,44,0
610.154751332474,2876.37026055764,44,0
1870.25751807169,789.044037470112,55,0
2584.05317230445,5521.01131283751,44,0
4455.60397257511,5338.04694908145,44,0
3080.48730152743,915.65453963521,44,0
1449.40249099509,2216.88684524149,55,0
5312.64436042262,4012.97910691382,55,0
900.759820348129,3669.07392334766,44,0
1319.67029086508,4789.06468970324,55,0
1606.35177819607,1546.46004690696,55,0
4509.09106945351,1322.27746193857,44,0
606.844860799883,3173.02156715722,44,0
5880.79650625553,4077.45709813085,55,0
2422.35608493505,5231.62324576962,44,0
3173.76006959068,714.634889488744,44,0
2654.03861695361,712.890127413762,55,0
3122.18367085227,1023.41676830311,44,0
1986.52768241112,4977.55642762603,44,0
5023.83348871424,1647.06006867707,55,0
2438.58490398885,5072.10164454995,44,0
1574.69819148157,5160.00308514744,44,0
747.381324343992,2467.06721040275,55,0
1838.05436443636,1041.76600195843,55,0
5312.94288583921,1690.43621868654,44,0
2275.63744084147,5534.06545234799,44,0
3362.84193274508,5620.25537951086,44,0
1236.63130197384,2385.85247083507,44,0
2021.89287749366,5242.18781497877,44,0
4716.73232894439,830.547716047359,44,0
2461.77300305409,611.366695789775,44,0
3353.48420485673,1175.87415655792,44,0
5603.13634007443,4382.72969004866,55,0
5415.85680662746,3964.11241974312,55,0
637.628010070378,3710.81950939746,44,0
5146.25642507929,4502.96202815905,44,0
5625.59750797115,3081.63304135524,55,0
5933.11050841425,2241.11709422097,44,1
4981.97235705181,4392.22311653517,44,0
5112.57373985964,5167.26594324623,55,0
1917.19921394398,1137.64576688644,55,0
5339.2713347454,1585.58334856859,55,0
4336.77814215123,4804.82454873413,44,0
5026.3822548929,1068.95775946111,55,0
3490.00215603928,925.012121270865,44,0
5705.98754896971,4222.15026133007,55,0
1118.75018093312,2879.69437223676,44,0
3094.72469462922,5701.88334105108,44,0
5233.3051370435,4576.92641251393,55,0
5473.50122555113,2975.04897830736,44,0
4907.69033757868,4322.97662620974,44,0
1687.14466338395,1366.05759192307,44,0
1162.70417711002,4914.07050865326,44,0
1096.67679892886,1582.93619875812,55,0
1301.53794133528,2909.91954910167,44,0
1458.15375800453,2113.78521098791,44,0
2655.12957395767,5425.55668026783,44,0
4914.01125265859,1682.89750732947,44,0
1435.42614275711,4778.2114003498,44,0
5108.68245039789,4115.0368997585,44,0
4738.54598305086,1289.79359865486,55,0
1730.97146947193,5264.04483362895,44,0
1142.86784516382,1467.20508627784,55,0
1139.19191017323,4542.24420289151,44,0
4669.13499282759,1171.49015314483,55,0
2388.20905069075,1257.88929903935,44,0
3498.56534597344,721.326419814942,44,0
2049.82751342457,478.720838494947,44,1
3969.49329575955,5591.57783217203,44,0
1830.37088093223,4265.77431123541,44,0
772.870318269158,3014.73892807793,44,0
5033.18038275425,5069.17719773685,55,0
5752.18859826316,2485.96571407908,44,0
874.206164508429,2019.45618974286,55,0
574.532294680045,2347.12226461824,55,0
1501.49475077334,1532.33518776188,44,0
5875.26055254148,3807.3853822476,55,0
1659.21247907688,812.539772200856,55,0
2394.73102959474,978.790789743713,44,0
594.539615340389,3078.08142803953,44,0
4132.33561105129,5451.43656750286,44,0
1293.64328326519,3697.05366290729,44,0
4229.71347614094,609.105245344557,55,0
5765.98985442506,4122.60330061332,55,0
2117.96741085642,5257.29148150119,44,0
5646.31902429191,2459.07369003273,55,0
1040.60078072531,2141.69476013094,44,0
2061.16255521453,939.670339162825,55,0
4914.99731429246,1263.30725194036,55,0
752.399667182522,3301.35846858926,44,0
1644.92036341284,3973.83592628652,44,0
5844.70984335242,2057.22522991496,55,1
1313.07584324297,5308.66181125821,55,0
5016.43435290534,1530.73361615494,55,0
1346.49841073257,1803.92358464329,55,0
1485.45227167379,2483.64429413858,44,0
3733.38673246616,964.674430679615,44,0
1055.74757960214,2360.36924390075,44,0
5215.45407737911,3844.3401188234,44,0
2861.56486012182,1074.48273345189,44,0
5576.11495328354,1598.87261518881,55,0
3629.77228935099,5552.13057634484,44,0
4325.58617654943,1267.56573085287,44,0
5123.46483312013,1578.11824245141,55,0
4119.56798420928,581.275022901809,55,0
5564.84065406505,1785.4487191761,55,0
688.171982235433,3894.4435465401,44,0
3100.97141503941,625.141925858708,44,0
4784.77386820793,1175.00628982954,55,0
4886.06841609476,859.350290568071,55,0
2085.89564088772,726.304424680473,55,0
1217.90478521611,2837.49641726585,55,0
1087.79490465745,3640.8226047749,44,0
1845.77180274673,914.405470853702,55,0
2112.62646844856,1261.33742381493,44,0
5196.68926632296,4186.21211961204,55,0
5045.56297371922,5257.27206628384,55,0
1024.18167964463,1481.21514286408,55,0
4870.75349893475,5161.33927732086,55,0
3658.58492100858,5651.28800808035,44,0
2897.44389598803,554.87394910187,44,0
5407.75226137264,1982.94439267471,55,0
1344.14842395792,1918.03144733353,55,0
2128.42355655439,1145.69489332322,44,0
2006.97665029169,5734.31440711304,44,0
1909.40961926771,4722.07138656849,44,0
3053.0484218129,1100.28829412561,44,0
1067.89189920812,2673.29917538204,44,0
1428.53113414205,3576.88589529792,55,0
4125.18207486509,1333.13008613838,44,0
4350.52489696198,5302.2743817906,55,0
708.960693596067,3572.07198448719,44,0
2441.66191151499,755.774818470508,55,0
5862.69009864249,3512.98177257707,55,0
4695.0189785588,4357.9845000886,55,0
1181.29984387707,4338.21991173958,44,0
2544.39976992471,5419.46426623912,55,0
3648.10655158135,6001.16878294771,55,0
2341.1567903587,403.67939221465,55,1
3948.74298844417,4883.30737740685,44,0
5736.48842108156,2677.09169170959,44,0
3180.89246238513,1352.01414207229,44,0
942.089544812679,4313.34767305753,44,0
1696.49411597286,3696.43029985466,55,-1
648.589811776412,2543.76389343085,55,0
5700.22035282365,3687.92574054025,55,0
4795.72310429981,5055.43678337582,55,0
738.796952688721,4571.05611524817,55,0
5402.88416820758,4464.51039144161,55,0
3045.30907374483,722.161884268666,55,0
5149.26311622307,1939.64790261324,55,0
2945.93367818759,260.661627730335,44,1
5284.05548445345,4267.95895460461,55,0
2426.74047917387,5428.99338458828,55,0
1785.02616870821,4540.02113861698,44,0
5622.63138752901,2673.04965460232,55,0
673.678075437332,4475.69524577959,55,0
5535.23829988057,3468.80467778737,55,0
956.556404392595,2672.04205047241,55,0
4949.44083433526,4000.99167216865,44,0
1972.03922674478,1390.64547681694,55,0
1144.71792517586,2184.49022741818,55,0
1972.97211290631,4625.77189458304,55,0
1454.10566695783,5493.55968959332,55,1
1231.04819197821,4500.6867444909,44,0
5224.86307593011,1633.06969348681,55,0
2259.08395893904,871.198862693038,44,0
1671.83080276792,4157.50399214612,44,0
3745.83509126879,1073.1845647452,55,0
1471.23616723567,5059.16910250244,44,0
4051.80233773852,4872.44122475594,55,0
805.721825916752,2842.29960764382,55,0
1688.34640453495,5358.86123286076,44,0
1424.53292435516,3475.76262057482,44,0
1740.26049035705,4786.62922254628,44,0
5506.16681709934,3585.18665147617,55,0
2781.78348354728,928.100336583935,44,0
311.678401990256,2686.48217427719,55,1
441.361386628479,2514.32414370687,55,0
3450.33903391139,824.035876933509,55,0
747.070647196203,2241.50083125012,55,0
1314.96764893844,1582.94230600113,55,0
2049.62900886779,5346.99005656816,55,0
1934.21944311381,1495.31148053083,44,0
3340.56977990356,5358.81445848122,44,0
1025.68386039696,1784.56920695724,55,0
1146.91654251399,2305.48385988614,55,0
3564.01796213766,822.836139599,55,0
2711.13707257324,5133.21124720601,44,0
4353.01512007374,647.744654076363,44,0
1285.5403859505,1697.23123086209,55,0
838.476664385434,3963.58992947792,44,0
794.528077508829,4816.37109831663,55,1
5042.63309794628,2316.37589963994,44,0
4626.80306448633,1579.76323008972,44,0
1175.88731116685,2577.96446836788,44,0
4848.83509571931,4523.17107443549,44,0
1296.43558173821,2473.05704906068,44,0
5392.18165121769,1471.6257645063,55,0
2001.09697353297,4844.68698853289,44,0
3950.39648630299,1130.12593924271,44,0
818.422987484985,1699.48422815311,55,0
3977.64604436686,795.257985691733,55,0
1304.47252042879,4297.56682770302,44,0
3221.27119173199,608.367121724874,44,0
3464.8947288163,1069.20445366992,44,0
1303.43902036571,4139.73552902223,44,0
2517.25461767411,516.943081868253,55,0
2266.2760988452,4511.40682944072,44,0
1247.71929008729,4222.82996041533,44,0
3888.49681869143,5958.80645998267,55,1
463.799718277992,2840.32623990787,44,0
5421.99622139478,1775.42369229329,55,0
4754.03187964185,1051.13606299585,55,0
1329.85280959277,2820.47168776529,44,0
3416.04190056119,5413.94311133154,44,0
4568.12183212448,1117.71563668102,55,0
5649.62974180956,3192.88095005654,55,0
5097.84058369571,2235.73707407124,44,0
2664.85846059206,825.404011234586,44,0
2841.60304661215,770.640811440097,44,0
2644.59398516789,4864.43848846267,44,0
5420.65068147387,4079.57598236378,55,0
4572.0389305223,5691.05454861604,55,1
3292.3718667756,1002.61331011354,44,0
796.572115336913,3107.44031665671,44,0
2589.10537394449,5058.81538584557,44,0
5314.00094045364,2742.69324435612,44,0
2817.22925564529,5111.56934730483,44,0
1373.86022799551,1364.23978993869,55,0
810.65810679452,3716.89650616299,44,0
4330.75478781312,533.745063087924,55,1
2564.47315609359,1067.93797108835,44,0
5309.11416578975,3286.14151485018,44,0
723.551408163154,2660.47279833848,44,0
5207.38949087195,2038.40344029407,44,0
5097.9903440986,3965.33162944111,44,0
501.305555051579,3481.33668954687,44,0
330.602330646765,2573.54718686545,55,1
1454.97829535696,4165.01948924334,44,0
1446.75622040533,1872.46974631603,55,0
2870.26246321574,974.392021459994,44,0
1293.89923398229,3399.15874470552,44,0
842.459279903289,4340.57842414881,44,0
639.047300777703,2981.9637343731,55,0
1085.11803515363,4146.74984560195,44,0
1872.86781722176,1305.15861941895,55,0
5495.40451123569,4899.24409850052,55,1
4542.8032936154,5125.71818163422,44,0
1885.10567159852,669.672762448215,55,0
3375.2723175111,1048.78920774722,44,0
3763.16780249789,5672.47048516343,55,0
819.426939836782,3614.83682009435,44,0
2685.63388091986,926.172161255865,44,0
5544.12614426335,4062.88667817894,55,0
6035.4903665659,2945.83406743032,55,0
2093.33092497658,1051.08981279483,44,0
1640.38922649544,1263.58248693766,55,0
2488.62739076261,5515.86412464249,44,0
5051.14829205118,4463.89168777968,44,0
5146.74177864829,1460.40341119698,55,0
2044.95816093619,1188.02934145163,44,0
989.780772917942,2444.88032630001,55,0
1255.89001617974,4707.86718859183,44,0
4677.35038772097,4520.02964762145,44,0
3031.09676569649,1001.5174556594,44,0
2440.23108746671,1068.20633368225,44,0
5734.7961583138,2787.06537963194,55,0
698.106653952949,2347.1567817112,55,0
477.76432293781,4295.72447587191,44,1
1957.1586654173,4398.21241286684,55,0
5746.04572141232,3110.04008746559,55,0
4475.48492799619,1502.69502897568,44,0
4999.65196004431,2232.04132622567,44,0
2587.64696802304,925.238600427391,44,0
1226.09086691851,1793.89874075632,55,0
4147.34419762683,914.18677360434,55,0
2720.52670671417,5332.33514124047,44,0
2616.61765739788,5154.89726962298,44,0
3754.71511146784,1191.109510434,55,0
5711.94152696011,4340.04935586516,55,0
5575.42947174974,2989.57988005685,44,0
4297.04990652483,5202.37562061447,44,0
1789.49489460301,1893.1026418556,55,0
1449.8456765601,1758.98887310653,55,0
1489.13791490753,3248.08883187054,44,0
2282.88465541724,1537.45425857813,55,0
1416.76326041893,4286.42862021436,44,0
494.587107216186,3049.85624617767,44,0
870.844549925746,2255.74643917334,55,0
5315.43562935491,4673.18371961573,55,0
1792.47435222309,4178.99510488839,44,0
5354.45309759945,1882.32348667169,55,0
5330.99381881815,2961.19385451895,55,0
1562.80399099754,2200.82648275294,55,0
1324.01587119044,1250.43279426978,55,0
627.988365987976,1798.85697386417,55,1
5504.8264610578,4303.30336608047,55,0
5269.06606553777,3370.10755843998,44,0
5189.58821463057,3425.88301420952,44,0
1713.01978685239,5672.3224792758,55,1
3770.46953024037,312.058110886448,44,1
1126.33658172388,1745.09570876698,44,0
2110.30601655142,5761.87238498341,55,0
698.300152034849,3079.46742185624,44,0
2860.10618328751,5198.86448303942,44,0
4051.25821661449,5374.29671698517,55,0
730.255645134972,3661.76409112934,44,0
2481.51616113448,1241.52311130485,44,0
5210.25834919993,3947.3479626508,55,0
856.321848341296,4598.96619704759,55,0
5053.00281545311,4671.17738117629,55,0
5476.57063740513,1874.20614072243,55,0
5591.30003950838,2248.11334138196,55,0
4759.45470925829,4909.04295805249,55,0
3068.74076234511,5372.59484038192,44,0
1220.39361281315,3762.76906264681,44,0
5408.4478981849,1668.28134403606,44,0
1497.09278558801,3345.81785950863,44,0
5716.74567254746,2046.74561236431,55,0
2372.99242256635,5145.45713079714,44,0
978.059600030659,5084.14281831096,55,1
944.699234478206,3243.71214534725,44,0
4852.48522515774,5519.42555701802,44,1
5153.78751470301,2321.49702752365,55,0
2206.25759426094,1221.365302091,55,0
2178.99645960118,5057.02873164175,44,0
1474.1868559556,5368.80945739541,55,0
5314.33335319648,3897.28923243018,55,0
1795.0456854037,5353.91889873978,55,0
3873.36485752368,5305.99899021538,44,0
1330.46990025187,3906.20504762284,55,0
4746.0276547224,1398.1708674021,44,0
1618.50796193265,5604.19895542531,55,1
4432.4558930123,4331.00532888085,44,0
5770.8621692207,2893.34670437741,55,0
5710.55116754777,2268.20503762875,55,0
4075.61780403285,394.693007954514,44,1
5607.02591854355,1894.53075839648,55,0
4639.77485109479,1414.45836536625,55,0
975.70777436805,4851.97406332569,55,0
1044.02871218697,3199.69607888506,55,0
4099.28866242011,5838.97473197595,44,0
2274.58141497232,4819.17053490043,44,0
2680.16070555588,504.794786986575,55,0
4244.47878483496,1197.48115238671,55,0
2285.82683413717,511.116429303234,55,0
3567.79874828333,297.519896740478,55,1
4265.41992981337,900.824192194493,55,0
1004.80565527811,2784.54098495494,44,0
813.486935684841,1817.28809580189,55,0
5556.01779917333,4527.03459590144,55,0
5370.46284128494,5065.69519305233,55,1
1964.23651487832,4512.84282496955,55,0
1672.61649157487,1739.03751593588,55,0
3455.61404199187,5637.51569944926,44,0
1757.256386529,1289.1148687401,55,0
2399.51623963013,517.284353363104,55,0
2497.66733376844,977.566163963438,55,0
1205.24142275912,3460.18400777697,55,0
1264.93365167235,2735.31223535177,55,0
2880.14828297,5743.04001742522,55,0
2855.09089855078,5867.72125446761,55,0
4765.27847065393,5592.18681350629,44,1
532.535843288088,3240.19533980946,44,0
4477.84408584983,4841.42642863179,44,0
4563.10754877211,5360.41894574929,55,0
1365.79446657095,5092.01503154166,55,0
1511.53090217711,4048.66402290897,55,0
5676.76523430228,2566.18461882255,55,0
1806.21005113993,4926.75909402695,44,0
5467.86025971769,4189.13455121168,55,0
5237.96515700713,3660.93317854012,55,0
4231.13737702727,5095.96932221238,55,0
5032.07248867535,4801.81426879021,55,0
5100.38468350873,1353.51372386139,55,0
1198.39836250526,2950.4380586468,55,0
5629.5339242487,3582.66507224727,55,0
3277.05729175049,5576.26825289127,44,0
2540.84568156825,1411.13695907821,44,0
5931.27717538755,3706.78277668009,55,0
1990.27533844417,1678.47123825556,44,0
1078.90658146807,2580.35890144774,44,0
973.911697204586,4626.6407363998,55,0
968.939684306697,2559.33441149007,55,0
557.454029779397,4102.41666388623,44,0
5937.20547192629,3022.88653241709,55,0
918.076347451401,2875.75408748677,44,0
5951.62863285659,3321.55576689661,55,0
2541.51599490368,5920.42878789634,55,0
618.332995882642,4020.00143964499,44,0
4291.93588729123,5723.3326197286,55,0
1021.01656247697,4438.1563722253,44,0
883.875096305722,4237.80957953505,44,0
2237.33471197373,406.226056905424,44,1
5453.07150287098,3856.75205152857,55,0
4877.25999223543,4153.85901419983,44,0
1436.58544656355,1017.4975901575,55,0
1980.48397034352,1271.18806528044,55,0
4369.42063107896,1484.06109946179,55,0
3907.08875534883,5215.15781422983,44,0
1565.8265750769,874.933389240692,55,0
4172.9446084788,5686.69007510708,55,0
3977.38501402238,1222.92856351659,44,0
4439.20720164005,572.752741480627,55,1
5014.14358766677,5373.8921464192,55,0
1488.61753658524,1984.34847945089,55,0
4739.49419773391,1819.12975285096,44,0
913.31508088654,1485.63644506331,44,0
5301.61693924272,3469.38228734727,55,0
5224.10311352923,2908.32797007397,55,0
3994.8873384397,5182.95600636632,44,0
1325.67777350003,3608.54637987828,44,0
1387.81534232047,3284.4821889073,55,0
5040.68678484832,4042.88491212695,44,0
1524.79150587656,2298.51963579376,44,0
3676.49452807825,1268.63096447852,44,0
5690.28718165831,1800.20965159044,55,0
1955.74520916132,5637.90294532563,55,0
1583.49174270969,5404.67270250961,55,0
5406.0587112216,2285.21496604467,55,0
2256.28469261199,5336.89195339086,44,0
1790.89184130181,5740.95390384287,44,1
953.412963751152,4970.77689493281,55,0
4661.5909606269,5569.03228402325,55,0
5993.02716586498,3572.75258107396,55,0
2985.34525137438,6066.22623037328,55,1
3227.08519579004,5957.69783300402,55,0
4953.06808047642,2571.49920598415,44,0
1321.90638021644,3796.55700166637,55,0
4895.03000652652,3406.00645542095,44,0
4997.524369347,2487.46714492088,44,0
1671.27738464655,5087.15382773054,55,0
4489.48105164819,5446.50420767444,55,0
1840.07679902428,4820.51638686051,55,0
4772.94781726769,922.947972844918,55,0
3349.56766769729,5733.11377539967,55,0
1014.75613994873,4082.75618955485,44,0
4079.46808293215,1479.58907238942,44,0
1640.09539608231,1080.51637479447,55,0
5812.99155123846,3004.4890540863,55,0
5485.26519427076,2187.90687805357,55,0
5012.95594364261,4304.54949578381,44,0
1394.11430927254,4093.21476737201,44,0
1506.59419646622,4241.12940288409,44,0
5959.07536631668,3434.50582811134,55,0
3918.76295957032,903.402076559844,55,0
5258.85146158639,2119.66825881806,44,0
893.864637916614,2769.58281135815,55,0
2965.17738799714,5829.42336396687,55,0
4039.71329813237,1391.57000218306,44,0
1740.37713223849,897.39108928938,44,0
1037.60283744385,5174.67636364109,44,1
3866.00202366657,5605.52272015082,55,0
617.858303439058,3616.66127242303,44,0
4089.69353419413,1022.75428091157,55,0
5862.87963607701,2510.96764155456,55,0
2861.16851120338,1173.62316030759,44,0
1060.90145575477,1923.66424158894,55,0
3666.37503600916,481.841929316631,55,0
5122.46952368788,1706.15287742929,55,0
3999.34104725069,4967.20588815314,44,0
854.274841792659,1589.99896994937,55,0
2449.78674839005,4907.37919316959,44,0
2790.15458512247,544.842746577894,55,0
4277.45664999308,5393.0012751319,55,0
1122.32928590133,4044.61897887623,55,0
4451.74203052874,1191.22921859355,55,0
4030.01202146549,672.522752023335,55,0
255.654873622559,3406.5933732983,44,1
2874.91930687491,4876.35987593127,44,0
4916.95292686401,1796.20742379917,44,0
4390.40265685452,5011.63210300763,44,0
3623.56217226677,5451.99955620554,44,0
3518.47785422204,6008.06449763096,55,0
4622.17107370159,1297.04780903343,55,0
2079.48719528289,5643.81504792753,55,0
3244.1018023985,286.70692802484,55,1
3354.80518116353,5033.94351798529,44,0
3718.81525762264,5232.13137817386,44,0
1418.39244479357,2323.3910041105,55,0
2269.20915556809,636.82149028871,55,0
2072.49671987652,593.830173974534,55,0
2842.24055011919,5411.24159350882,44,0
2327.39761373203,750.196436648902,55,0
1228.67331895331,3160.69141566396,44,0
2076.73889761298,4603.61048859289,44,0
1113.98334838457,2773.01274573433,55,0
5749.07509169406,3797.68497445928,55,0
2626.37121815557,5610.60173572361,44,0
5111.69341478808,4261.54125984551,55,0
3518.17132001706,5443.49665534885,55,0
5047.15563608431,1887.56075196054,44,0
1642.78168777012,2971.68427926114,55,-1
4576.81092603349,4504.37951775552,44,0
1944.80972518535,999.344053392073,55,0
2101.41865616314,5457.9077714343,55,0
1464.79614946421,5169.57488119065,55,0
976.39001749427,1589.80175748654,55,0
1264.63161014721,4398.74310647525,55,0
1561.17076519114,2090.33365281396,55,0
905.713433723917,3558.72194731128,44,0
1154.73357551446,4734.17991936575,44,0
1751.78989943132,4442.95340596918,55,0
581.446200793685,3419.77684573689,44,0
1486.58059262556,4602.01846461381,55,0
3783.8618673853,5830.78514177693,55,0
2639.14938075456,1011.82445532339,44,0
2097.99408026284,4802.51411816417,55,0
2213.58549360709,766.284849386509,55,0
4874.29417025391,4411.83717940603,44,0
5024.57890855769,4175.73025475571,55,0
5250.91570688585,1515.40292556605,55,0
5573.95642410548,3682.52454837452,55,0
1787.10580689857,1753.51482894085,55,0
3127.04283407385,812.330799022571,55,0
4413.25466346816,1701.37013660381,44,0
1891.94254618208,5429.36280072556,55,0
2197.77720811002,4739.6327006261,55,0
4038.87585582044,5497.79350591367,55,0
1015.00951179262,4736.62478975182,55,0
1328.2123872193,4478.71800376151,44,0
5849.8478639725,2688.29579995723,55,0
2201.55995546087,5679.71841495883,55,0
873.395876626658,3326.70282776255,55,0
5536.96644049756,3789.06545657339,44,0
5918.75542176111,2347.90787857489,55,0
1814.72202369119,2011.37000548032,55,0
1814.59467804731,1192.8639806654,55,0
3819.99725584931,691.650380041536,55,0
2850.2182979165,440.389809994931,55,0
2483.46486945626,5318.76996622084,55,0
4033.50410508068,502.851012949199,55,0
4816.63407125998,3762.35588696621,44,0
2555.59917550332,5237.26177990772,44,0
2608.38195262663,597.229066431442,55,0
1741.25943923971,3980.61937176339,44,0
1651.8206479693,4408.44995029737,44,0
4637.80506532572,5179.32442750352,55,0
353.320713405681,3785.48989843122,44,1
2174.80581175782,984.943945873265,55,0
3857.45482863048,373.565408191098,55,0
3181.7527513502,932.755878613805,55,0
3093.77156378107,5204.07294209191,44,0
5287.09806909206,3569.74252774159,44,0
1783.19775546763,5036.08097310938,55,0
4204.19584318354,4620.51689105719,44,0
1762.82258286585,4338.18651898447,44,0
805.534328782246,3513.42544048614,55,0
5389.5451744204,3616.62352630733,55,0
2313.44591507592,1179.31112822,55,0
1505.88501194364,4852.22401078198,55,0
698.780288494991,3475.75177623395,44,0
3760.58568930949,580.200908280354,55,0
2151.12492799583,866.562860238661,55,0
431.481109172287,2714.87051384155,44,0
1496.47513198819,3655.67666344952,44,0
5659.41924633523,3985.41752773757,55,0
1371.45662564878,2718.29360873445,44,0
1388.99738649195,4685.01808808522,55,0
3189.15172017303,6086.35498314853,44,1
1329.05663418341,3116.61753761919,55,0
4568.26768965906,4910.30567399687,55,0
3461.27003302516,5751.02173607428,55,0
4838.70265322003,4055.35686789009,55,0
5078.9878664304,2413.36964788521,55,0
2086.80915266895,1363.8608715551,55,0
5990.182630486,2838.45426499724,55,0
1336.90473077748,4581.79287123076,55,0
1587.1161011307,4531.11567040322,55,0
837.50161791513,2668.01199073133,55,0
4807.29233610204,1980.24868927553,55,0
5307.74892397998,2613.17298038443,55,0
2989.39205718039,5508.91767400807,44,0
4339.30170253322,1375.92448537203,55,0
5141.50263538582,4760.85998786825,55,0
5689.43640737257,2985.17486394201,55,0
5891.62115160073,2915.13694726133,55,0
5175.61464338725,2628.61793674997,44,0
2172.26282320601,5912.32982976061,44,1
1761.31514304893,5156.69822008793,55,0
3978.72488869462,5706.80013291491,55,0
5624.68015341502,2134.46927503467,55,0
4990.47671647677,3365.70320112077,44,0
2769.6221766549,1120.67093364562,55,0
2176.91036606631,1576.47041470841,55,0
4003.36303314795,5080.74035611782,44,0
4950.56913061255,4490.66246294348,55,0
3852.28018599621,5403.5013492967,44,0
4798.38633135463,4342.06021868108,44,0
5221.56229797408,2711.19584888257,44,0
1495.6832355537,4335.17554423968,44,0
4540.55025134176,5237.9822205802,55,0
4141.20124053301,700.550228372033,55,0
5002.52129088583,3911.95817251006,55,0
3261.09668349553,1198.18067881267,44,0
5305.96822957738,4386.10751024278,55,0
1661.04029664331,2063.38238117398,44,0
4396.56316229769,4901.13940403084,55,0
871.211476078729,2460.84183134107,55,0
2544.69451575185,4894.94096371263,44,0
1910.04264577726,4908.43152024292,55,0
5875.35775376946,3202.26037532544,55,0
4973.36637071229,4956.11627937152,55,0
469.012884815222,2403.99895012459,55,0
4912.68621406044,5052.57808995394,55,0
4690.63259244457,3777.36267165209,44,0
1929.67815111251,4287.93088995129,55,0
3806.35148363089,1497.97689537067,55,0
4928.34542280856,2664.19773446709,44,0
4203.00076637713,800.832881440335,55,0
3805.54203760587,881.723843135127,55,0
2374.77757446608,5952.42155284747,55,1
3051.23264148646,5919.57090494982,55,0
4651.87439702898,926.942305248287,55,0
1503.21110650671,2392.13482412724,44,0
3339.63011642208,806.424174734596,55,0
2070.01967018282,4508.03558223873,44,0
4325.38569596788,1666.21645782059,44,0
5389.49205758532,3393.9119137863,55,0
2252.01524699019,5140.29495404414,55,0
5443.80126949189,2454.84943761253,55,0
4845.1245538387,4720.10513695257,55,0
4087.07626784603,814.162384509012,55,0
2731.29920055044,6006.86004574845,55,0
3665.28176977442,1142.10585128149,44,0
4725.8172642844,4658.14864012976,55,0
2738.72542612955,5879.17207766949,55,0
5335.80121517306,2401.74914857954,55,0
4950.25160180664,4094.56423786463,44,0
5400.54457287199,3054.65428562316,55,0
4293.06890324288,5010.86680171676,44,0
2366.1424834056,869.464903012618,55,0
3294.19989850462,6065.92758702424,55,1
2218.31359423667,5443.6060980365,55,0
1771.78590939894,1417.69314855936,44,0
2939.03799095,5950.93589797653,55,0
2007.5493524621,1773.81931691507,44,0
5102.77047683351,4374.94198588533,55,0
4540.53291528921,5566.7484681499,55,0
557.5273319665,4494.08030034468,44,1
4611.5505200604,812.181987142444,55,0
3160.82827215135,1255.30855605346,44,0
4999.95643934085,3010.01421012885,44,0
3599.54530072975,1217.90659356863,44,0
4345.32839749655,5111.27062279216,55,0
3662.81589461447,5149.6281663417,44,0
5116.70100319832,1139.97550371087,55,0
4281.04916681528,4894.39646754793,55,0
5034.16062432256,2809.14970419591,44,0
2177.7548280318,549.724447649236,55,0
3994.88306166712,5831.26536840236,55,0
608.040073143306,3521.83848533792,44,0
5032.64930825643,3579.81757875296,55,0
971.747402523829,2969.42407289459,55,0
1390.73942312683,2606.70723676248,55,0
5411.52171053758,2792.29719012227,55,0
2289.18890044286,979.759521768299,55,0
1913.97558885903,1602.53602891223,55,0
1752.5970644618,4084.58236464208,55,0
1831.97576126238,1512.43283939339,55,0
1663.79532862795,3592.19339589032,55,-1
1736.24277051299,3788.19061880589,44,-1
4893.01648559049,3921.28088484359,44,0
356.782417091486,2794.74930526349,55,0
3397.37718817316,698.417287315008,55,0
5641.02612805413,2877.93607814984,55,0
3444.95583243386,584.917782193998,55,0
1591.90317540651,4340.00967121924,44,0
2547.07469215767,1313.85426095586,44,0
1185.09062464665,3359.90725884828,44,0
1226.75039513446,3057.43266378984,55,0
5176.69677569174,3313.89518254754,55,0
1122.88470187918,3115.30264327477,55,0
1869.11478379582,4072.30469494565,55,0
435.360255846069,4210.4078988602,44,1
1596.87378631036,1979.50455182919,44,0
1532.78562100455,4433.12592634147,55,0
2173.44926920778,1426.65955981694,44,0
4635.24247109581,690.874491502393,55,1
5216.8021574982,2531.27566560701,55,0
4424.4060461428,5206.57813458727,55,0
913.566549248582,4416.51090295948,55,0
5002.86625173918,2722.10977437213,44,0
5417.70757726002,3504.60284976849,55,0
2394.60720316258,4988.43090780189,44,0
1088.37309476272,3423.84584201498,55,0
1566.28664744769,4148.82906317643,55,0
5216.33561929596,2418.41185970942,55,0
1840.16633756193,5239.31429412099,55,0
1152.87805036958,3220.41582674824,44,0
3218.19433094059,1507.76718769521,55,0
2368.29454222213,1479.2749432231,44,0
4054.66748610863,1139.93107963907,55,0
4925.38300710148,3080.89700087408,55,0
3358.98950617349,5159.26408588946,44,0
4626.39010525741,1685.21594892244,55,0
3479.69121436462,459.839584535279,55,0
4724.33215656433,1618.28805707765,55,0
1090.70515459531,2997.14591500183,55,0
5755.34124680584,3582.79810107755,55,0
4180.78488704165,4711.32772465817,44,0
5513.86081124049,2729.54581776232,55,0
3645.16010231682,1027.16318905152,55,0
5628.99551223633,3375.04944702162,55,0
2468.15314121063,6004.42553529927,44,1
4242.82720762428,4789.75998227263,44,0
5028.77019641047,3691.85096710086,55,0
5096.98079883126,3382.61936523991,44,0
5507.19861461269,3357.97976596268,55,0
671.591843565049,3372.57776340463,44,0
2168.33869678051,5558.41110594745,55,0
1091.50152811643,3851.13312103254,55,0
5104.60549213695,3853.73614121658,55,0
3211.30403524155,1049.79974701627,44,0
4173.83422893178,5199.00163153801,55,0
4931.59592864158,3616.34500149704,44,0
4295.0422883958,5850.32619049813,55,1
4488.13746343161,4989.14850362339,55,0
718.500314268648,3182.23798640661,55,0
1737.43085969476,5558.59204948961,44,0
2978.3529509515,1281.88802136919,55,0
3446.2391270384,1315.5741254783,44,0
2764.06630723814,1333.73667427179,55,0
1863.01344071773,4606.69938913207,55,0
3018.08500832534,5288.73415996478,44,0
5539.02216430012,2524.42535728568,55,0
4423.52965432032,5544.4640752535,55,0
4618.54899320786,2123.32372442709,44,0
3370.01795360699,493.270364524094,55,0
4660.68800733631,4837.22076519988,55,0
896.607752734635,3437.07081582294,55,0
727.596377537488,4689.35801499966,55,0
4758.10898455513,5187.91316274553,55,0
3521.53078777324,1517.91282776024,44,0
4383.40154348283,894.691625053504,55,0
4897.44344967494,2488.08168424667,44,0
1556.558049001,1839.62661318178,55,0
1136.14001730449,4238.69205206635,55,0
4282.14094362044,1569.89130544422,55,0
509.331362907365,4012.51280120101,44,0
1804.07336776215,1636.40907913675,55,0
2054.79548909377,5144.89352656186,44,0
1556.81382070555,3915.84075283609,55,0
336.425621316398,3906.54075468721,44,1
1437.83289242848,3069.03326561631,55,0
4077.96843685461,5258.39601275495,55,0
5100.46290953581,3026.79630004076,44,0
5066.92112822592,2635.95710659284,55,0
1396.63319422753,4393.25680517326,55,0
3278.19137124401,5832.87339178379,55,0
2776.93519982418,5527.12827821809,44,0
2211.48323723438,1809.56574922435,44,0
1337.7461485604,3006.25034093692,55,0
882.44245774224,3042.42947507719,55,0
3671.11825110797,353.01554004861,55,0
5407.2555164961,2679.80686070614,55,0
4621.27342719428,4604.33648915091,55,0
3574.70279843487,5792.16524079455,55,0
5033.96973581768,3096.32292312708,44,0
3508.57100167311,1240.76315848745,44,0
4171.80144517822,1109.04792864078,55,0
556.981317888448,2781.26016632321,55,0
1743.46866484144,4642.75548251425,55,0
2561.85877081715,816.497349843226,55,0
1218.50138096541,4610.66322521964,55,0
2879.17362672226,6077.98326067878,44,1
2846.90870816617,657.81321362956,55,0
4616.92573543092,4280.0862174008,44,0
2840.62328721972,5624.03590923292,55,0
3614.95554727109,920.780300238575,44,0
1224.38606382338,3866.64224554145,55,0
5147.94631250728,3731.75284599439,55,0
4174.67444184839,1424.53144101901,55,0
1640.06097483387,3810.13472981045,44,0
3683.60131047083,5765.46971127741,55,0
779.196745028762,3401.4098651115,55,0
4548.23081627266,995.810794286497,55,0
1005.27622842638,3087.9504157565,55,0
2075.23625517467,5035.70888900426,55,0
2276.39054859845,1416.47117972465,55,0
2446.86711496322,1534.05465211863,44,0
2221.98075905633,1101.31186420197,55,0
4824.73666302093,1747.81190457244,55,0
5454.32617121722,3713.79489933395,55,0
1721.44873468012,1537.95791530141,55,0
1772.84878905472,3884.06877856788,55,-1
5178.21251348558,1255.11814470211,55,0
3257.61749222762,1295.99347612857,44,0
3337.21192282308,5257.70726465564,44,0
521.93850723409,3579.5130092835,44,0
4238.14646271627,1721.11257473734,44,0
3432.28299536847,5087.30010433762,44,0
3278.0994809637,701.916167395296,55,0
3703.73730979937,1362.26089794521,44,0
317.582271179714,3488.80657220643,44,0
779.687478041164,4159.54414491306,55,0
2298.06354218746,1303.46784798407,55,0
4286.40243977426,4696.70522602484,55,0
1580.89713208695,3717.20464333936,55,0
5320.1521714155,5156.77972136298,44,1
4458.10041288984,1912.5056936029,44,0
1101.73565949214,4644.75174290182,55,0
909.520412032563,4134.35865676912,55,0
4070.85338832087,5622.07436323621,55,0
5159.08337254943,3125.8293292816,55,0
5202.60982381271,3518.62736962875,44,0
3447.03303977386,1168.37611702255,44,0
4636.21381565357,1798.06062384825,55,0
2592.9563718485,424.040106754946,55,0
1069.50357887571,4341.74258364661,55,0
4277.67907217624,4563.83132244766,44,0
1317.52509914998,3503.42580129455,55,0
3082.65705087911,1330.01033220614,55,0
4421.60148423335,4747.34041316089,55,0
2330.47131990252,5062.67453091087,44,0
5329.95714286126,2198.10547643993,55,0
4939.02124130803,4610.66513326134,55,0
1444.09131289688,3865.77706938034,55,0
5520.35701977512,2849.13820882386,55,0
3956.00990120822,1018.61638996238,55,0
548.024021797437,4210.40613927218,55,0
832.110864231386,3859.94946436531,55,0
3330.59679643511,5478.14000333133,55,0
468.193228298532,3790.4369207966,55,0
1894.40830606274,1715.61580306133,55,0
1677.65792557696,2352.57425392409,55,0
2633.77846463336,5724.02435895203,55,0
5159.48347559164,5288.41691659919,55,1
2263.72312810914,1639.46370539604,44,0
4959.64328145351,953.325642296354,55,0
2988.6072596255,5703.97371495273,55,0
3108.00324255404,5005.30325783927,44,0
4251.9333667257,5602.30154841751,55,0
2072.63908357953,5875.10389128834,44,1
783.345406487323,4264.72945319392,44,0
4007.35241047491,4571.33736695155,55,0
380.314333532801,3039.57579615677,55,0
777.25750277528,4417.67111364421,44,0
3164.23997394484,5616.60257863329,55,0
4804.75050455323,3952.68637832217,44,0
3568.85132570809,1324.92689232636,55,0
2516.38858107524,4632.93306687697,44,0
3848.79511232103,1114.99358017706,55,0
4425.28174851082,2081.82432248855,44,0
5276.00268406196,2307.49427807863,55,0
2992.6622123989,600.947948805603,55,0
4828.93271080442,3556.63053164136,44,0
3901.90328004743,1432.50619685517,55,0
3604.40309772284,1428.15886100093,44,0
4831.95382052106,1869.71688256092,55,0
4984.9750075263,2078.95481308631,55,0
2568.67544487427,6029.4370419668,44,1
4901.7812982554,3496.78188091689,44,0
3770.86466751686,5333.22892884232,55,0
5466.31393407512,1568.07687500284,55,0
1605.36085372602,3076.64561982642,55,-1
4130.40334030583,1224.51147101448,55,0
3123.46176891071,1440.23059141764,55,0
4537.85687036386,2078.98936963962,44,0
1673.26639605133,1858.1671481476,55,0
2317.08821820939,5242.98855839305,55,0
5210.2411225417,2214.84049429249,55,0
2383.59161314996,5549.31418238671,55,0
3354.20161318935,1293.7703494668,44,0
3860.75094433044,4844.36161910455,44,0
3645.85956317055,607.787306862146,55,0
1675.30560219473,5473.19346686471,55,0
4989.6812393503,3458.10405536756,44,0
3067.074318041,1208.55204697299,55,0
4589.99857306445,4402.37015879214,55,0
4409.43743089094,1594.81275968684,55,0
1570.8319112549,2680.16521793212,44,0
3130.76192984829,5296.64765827678,44,0
4523.88139259417,1607.8216561764,55,0
5832.20091471628,2221.12445367977,44,0
1431.90471953855,4500.87498679683,55,0
1758.35195651772,2110.78547708959,55,0
667.49323692854,4120.91812922916,55,0
4116.56815509621,5089.98052600462,55,0
3169.97166529887,383.286349328965,55,0
2199.25086859812,4438.95974756979,55,0
3625.58942122424,5240.96175229243,44,0
4197.64997971327,4970.46010227277,55,0
3977.21772842269,4791.72452055263,44,0
4587.43807251384,2316.8824589817,44,0
3554.31721657656,5668.71538940899,55,0
5252.19040881195,5063.03246167504,55,0
3419.2162781851,1508.89896520171,55,0
3572.60631286495,4948.94476893383,44,0
2088.25667992122,1639.10663547644,55,0
3199.48050925433,5498.07578093772,55,0
2735.38107088395,1016.5302755234,44,0
1703.79932402861,1972.91214953139,55,0
2656.63673907095,1121.0750159387,55,0
2634.54446638253,1425.82633314936,44,0
5783.22511916873,3996.09004538133,55,0
1526.19205926318,3445.31900421048,55,0
4926.95817937885,2172.31718156799,44,0
396.955945689492,2923.82694806383,55,0
5751.05772222926,2156.52588542478,55,0
2449.77382078672,1436.49090209835,44,0
4905.07420805515,2982.22553644841,44,0
1897.18476419672,4181.21204561568,55,0
3051.78731009808,5596.87262647862,55,0
4725.38538828427,2144.02658148056,55,0
2727.79587718356,5629.60347499039,55,0
2908.20584649469,4977.5552811953,44,0
2766.11486385563,5210.57089607945,44,0
5230.00182519026,3213.22927532702,55,0
5114.83956637521,2735.90089501859,55,0
2374.41602557764,1589.99062009211,44,0
1091.6650124381,3303.70238263929,55,0
2540.92161753097,693.137117296065,55,0
5424.18308938757,2568.06107860927,55,0
1389.2277812689,4878.27101673978,55,0
2512.94705406061,5625.69532099048,55,0
4029.87283044313,921.851362611141,55,0
5096.10440611545,3484.69304170594,55,0
1968.45002690713,5086.32046797333,55,0
3289.91927671026,1102.41213759487,44,0
3839.3535935968,995.87507305618,55,0
4265.78704542579,1465.14141662604,44,0
3164.22506963955,1146.34775743225,55,0
3389.24781198468,930.578313710942,55,0
1194.99691750461,5305.20909427467,55,1
1933.16835700532,5308.93244905127,55,0
2081.18409271988,2059.69134718427,44,-1
1193.70474141319,4136.49387213123,55,0
2727.84698720947,1435.36325546169,44,0
3425.19550808923,4832.01860651166,44,0
2956.65995291295,921.855931297661,55,0
4374.36404609555,4625.55033254658,55,0
4831.81053081339,4245.92085853316,55,0
3658.4942888861,5349.31796159732,55,0
2544.85681404067,1580.02717841982,55,0
3756.01771011311,5143.26890942759,44,0
2012.17799803376,4733.12570740201,55,0
4600.989975859,5034.3563276817,55,0
2344.83200911759,4900.2272434467,55,0
3980.8720716234,1513.80225257737,55,0
3254.33791629944,5402.44448194308,44,0
928.975717323153,4020.41566828445,55,0
5060.35645115874,3182.67013533797,44,0
4519.5728888784,4689.73478296247,55,0
3886.82301888833,1559.60267591999,44,0
3166.97513336069,4919.58331226236,55,0
3560.0455266994,1119.33339602733,55,0
1223.12475232844,3570.07885362862,55,0
959.211436260008,3861.95488298985,55,0
4092.41698672172,4982.45543700866,44,0
418.034122406921,3243.31528792647,55,0
2616.40956589427,5324.42349249622,55,0
4492.3571267646,2271.13927424762,44,0
2588.19323199501,1215.34473945912,55,0
3433.80688466413,5304.51707733581,55,0
3436.49503503543,5525.88590463303,55,0
3249.60880174151,494.314521254075,55,0
2371.83901787509,1380.79894468211,44,0
1456.14974264628,3753.65106978883,55,0
4187.90699935761,1644.59100187743,44,0
5027.10896435219,1784.1387042372,55,0
3182.76624745561,5761.15229151067,55,0
379.868831193744,4002.21401858807,55,1
4832.36131173079,2088.61201470142,55,0
4416.30192136032,4488.78519604949,55,0
995.005960316906,3718.91332536651,55,0
4898.3599010379,3826.08819345973,44,0
4904.54597205263,2285.838615747,55,0
2009.001777897,4194.13865727982,55,-1
2963.77572138305,5195.5558242724,55,0
521.256936812462,2944.65420682712,55,0
1605.33558055457,4927.47984502508,55,0
834.762190054416,3219.07851417508,55,0
4788.96836256058,2316.60624355506,55,0
4056.19221928172,1591.30696869741,55,0
2612.89108339673,4958.94789785221,44,0
1547.30020053921,3564.45340409851,55,0
4159.07862478581,1542.40860756745,55,0
2866.38149980856,1283.22165884733,55,0
4995.0970484869,3797.69543050565,55,0
1602.22044803491,4646.14548590596,55,0
2990.54566293384,1401.59193292859,55,0
3489.76355281276,1411.76019659032,55,0
2309.33406869748,4718.71310190877,55,0
2964.52623996162,1162.67017987696,55,0
2073.5512915901,4406.95934454652,55,0
3056.7572016132,490.089994388231,55,0
1641.58956527562,4069.90781602377,44,0
2235.58034015234,4613.0400618435,55,0
2675.77565548736,5228.48724836679,44,0
3868.10980941483,5727.56188462115,55,0
4707.52505731629,3954.2185567388,44,0
3699.45443561213,1468.94566106625,55,0
1818.30541288875,2210.58271127394,55,0
4714.24232843683,4243.25744826033,55,0
3088.56356776893,5480.60644831857,55,0
5061.1977998,3289.50804284301,55,0
1541.27148776984,2898.61898051339,55,0
2371.37696736513,1686.2844963399,44,0
4760.84030094648,4458.66228383822,55,0
1478.81024117851,2729.31590222754,55,0
4709.90389656818,1921.94692073054,55,0
2887.06074432916,5511.00360994103,55,0
4135.47005193208,4541.40473941644,44,0
3091.15104388949,6094.88807750547,44,1
4932.79764196712,3195.61548128578,55,0
4708.49080797113,1501.71873718953,55,0
4666.28770458767,3867.82660840615,44,0
1516.71099054334,3153.24480838076,55,0
2155.04734791489,4326.22489566157,55,-1
4345.84363007855,4370.45519079067,44,0
1435.92279527066,2848.1366733721,55,0
716.406900431401,3783.33041898504,55,0
3008.23179294449,4997.02642595304,55,0
2652.3315983142,1319.9242860295,55,0
4354.86894826902,1909.13494686339,55,0
5000.61628105054,2906.54128644237,55,0
4300.04261631906,4463.29065307365,55,0
3849.81619804585,1225.87881009077,44,0
4961.45652076055,2390.21613946626,55,0
688.304743434718,4328.31865161452,55,0
4163.55614921969,4855.58324281079,55,0
4938.84975356039,1909.06998648712,55,0
4162.52883457598,5345.67863825983,55,0
4231.10541302948,1315.7964906494,55,0
2742.90326942937,5753.17412712104,55,0
1607.15266092439,2545.9898059346,55,0
2165.06337866175,4537.71503031628,44,0
3341.67757924993,5939.5553602561,55,0
2414.65257095944,4818.22643866951,44,0
3924.45677441698,5487.71140643125,55,0
3194.55978887328,5210.51932652049,55,0
1617.80008531338,3375.98064891958,55,-1
3366.09331388803,4920.31152314766,55,0
2259.24103026425,4985.54871390331,55,0
452.787741800383,3903.36761198266,55,0
593.483304669222,3808.08047503258,55,0
994.816155675865,4218.29807398086,55,0
1902.13661183041,2094.66646054716,55,0
2068.24959834875,4272.53789415673,44,-1
3802.91416015306,1393.26286835591,44,0
1702.51831116689,2464.39337699198,44,0
2866.28910148086,1401.41308880077,55,0
1108.3423676319,3539.37834719087,55,0
642.717714777118,3270.70717659083,55,0
412.665846672677,3549.88126061869,55,0
4500.89155994704,870.088633982783,55,0
1994.31752395212,1998.92282851044,55,0
4501.52973464558,4572.19637907271,55,0
294.05716221462,3708.00643593697,44,1
1886.77551428817,2292.22558612645,44,-1
4582.29054418839,1905.43657692054,55,0
3380.11966421587,1398.84413543524,55,0
1030.8017459405,3951.33917287803,55,0
4701.09853659885,2035.64735266989,55,0
4653.29144955454,4141.73098800727,55,0
2263.38656967727,5944.88390734799,44,1
2133.74688219419,1876.18219035236,55,0
3634.87061412375,5053.32718149398,44,0
3790.45897695204,4762.77806230435,55,0
2818.71499374849,1507.05876106934,55,0
4197.86754795898,4423.43928855611,55,0
4526.49976420396,4312.85667449671,44,0
4685.96156724219,4044.63951950815,44,0
4089.91322389075,4759.65728578301,55,0
4487.07467240722,4411.31800398042,44,0
1710.86439000203,4249.57928088899,55,0
1861.85112134518,4466.49874886323,55,0
4101.2126007737,4639.38996886021,55,0
2807.59136291942,5004.30034384847,55,0
2723.73045405371,4810.33044252136,44,0
3811.62684376046,4656.09968141674,44,0
2741.33079431034,397.09700715536,55,0
3262.66791420692,5116.17357970739,55,0
5096.92249286018,2525.94416505215,55,0
268.385178681567,3090.76498258416,55,1
4753.42749103968,2415.5897923397,44,0
1636.23155900818,3485.09621216361,55,-1
4916.3042438256,3716.77322491228,55,0
998.081609669614,3498.37383243554,55,0
4672.35943635318,2247.53550651691,55,0
4239.92639891023,1836.52501210388,44,0
317.167362367676,3316.6423261659,55,0
4401.70288622078,5826.37093730926,44,1
4819.96271042753,2205.66341591911,55,0
296.31616728004,3203.69269930589,55,0
2924.84712117653,5297.79663069874,44,0
2660.38620013385,4742.19075685994,44,0
2474.83810720629,4729.97812204388,55,0
4771.71863814202,4144.18453537505,55,0
1467.36220685297,2973.45476208624,44,0
3726.83358785595,5046.80637439764,44,0
4112.72814195173,5944.79350706847,44,1
2179.20568715872,1709.93990792402,55,0
2815.76675161786,4802.20815237224,44,0
574.409078937671,3923.98070403947,55,0
4769.89411303258,3850.75692231707,55,0
2077.37644809637,4919.1747641308,55,0
1584.42795730356,3280.69554195949,44,0
1785.78234682732,2318.30988635183,55,0
4813.28665441056,3659.53954743424,55,0
3445.66387671464,5193.24801301493,44,0
989.484961517052,3362.10832132867,55,0
5538.8100112918,3944.28378190927,55,0
2295.29204461519,1858.14926420221,44,-1
4480.84108892666,2164.04399147562,55,0
2920.80852264121,4790.03598663411,44,0
2823.57159786051,5305.67322839859,55,0
4823.5426486697,2694.96915592563,55,0
4787.59838738516,2500.77844107777,44,0
1274.26735455192,2626.3567660568,55,0
503.217145987432,3340.17633393964,55,0
3546.17257654089,5327.24207087573,55,0
3728.27188942661,5448.47257809757,55,0
3153.03501113484,5100.44184705243,55,0
276.718007963671,2885.34465593881,55,1
4907.99053560968,2770.06494185546,55,0
2718.17351285537,1220.40267822371,55,0
2732.51943352163,4919.11461396389,55,0
4507.80272443298,1990.35958006208,44,0
3036.27467231323,1512.99790176982,55,0
4429.65908789425,1816.06680431471,55,0
2002.21061151905,2126.74344973353,44,-1
2689.97907063636,5027.92769956584,55,0
1949.91488560364,2201.97228339619,44,-1
3119.72535918266,4823.07538522661,44,0
2753.08984858657,1651.60651048178,55,-1
2189.60437441499,4881.95408901967,55,0
2022.76388672639,1889.75838543402,55,0
4676.79303797105,2484.76773093144,55,0
1976.43283993137,5834.31503266332,44,1
2516.6052875882,5140.44928481433,55,0
4849.09817177947,2589.13359102072,55,0
1577.84331214775,2786.92088603985,55,0
438.904053187559,4103.66204352686,55,1
3903.43287891601,5105.34599169396,55,0
3320.01496286933,1498.1099370481,44,0
2644.92068299545,1628.59118955693,55,0
5210.80020528034,3022.46745392925,55,0
401.069996213283,3666.042115139,55,0
1923.38237092091,1825.84465235295,55,0
3270.033130576,1404.4320250898,55,0
2571.57707760806,4791.62013416967,55,0
2872.3228385583,1603.79989369653,44,0
4359.91918406435,2013.48262527477,44,0
4601.51640589694,2005.72643880415,44,0
3263.96800831533,4893.2600856083,44,0
4678.45950006981,5680.94905257435,44,1
3935.69235716735,1751.22305228716,55,0
3066.81728837475,4907.22582636684,44,0
2964.52879920446,5402.2702714337,55,0
3041.07241602333,5109.39024053565,55,0
4244.08096594049,1940.06622866758,55,0
4732.40954079598,4766.58325809729,44,0
3618.21935776562,1668.94638210496,55,-1
2467.71461675791,1667.42633972077,55,0
4325.86842388219,1768.70798834552,55,0
1715.64398730106,2588.28821103421,55,-1
4890.91174172104,2883.82974690871,55,0
1644.1890590886,2870.95726418574,44,-1
1112.83930508198,3739.64033287564,55,0
3915.0614760029,4619.28634913875,44,0
3531.97999352807,5052.64575564893,55,0
4851.80043794278,2404.85636029144,44,0
528.079927137124,3684.23454062856,55,0
2930.21293614608,1496.36763049525,55,0
3211.49658029638,4813.6243470661,44,0
3999.51369040087,4687.80385494483,55,0
2723.27882735078,1545.23408526143,44,0
2287.02341447334,1743.72852758939,55,0
2103.21471465908,1775.50804158985,44,0
4808.16016118602,3230.34780085395,55,0
3251.06370125508,5302.13146177385,44,0
4711.97160993007,2720.84910769243,55,0
3723.24055359652,1698.73484000193,55,-1
3724.53029525326,1582.02919962732,55,0
1859.87540562988,575.260003428751,44,1
4100.81199366268,1687.00683602378,44,0
4798.08094586485,3338.04216805222,55,0
4005.44224432321,5952.19787089671,55,1
3806.10806062529,6025.45982329083,44,1
4538.56726038328,4158.3659590171,55,0
1601.27104796869,2432.18778949236,55,0
730.769840551749,3999.35295765761,55,0
3894.46559648439,4721.81415237259,55,0
3519.19089386655,1647.63056928829,44,-1
4737.23445755635,3584.225617343,44,0
1505.39786968797,2599.45853867893,55,0
2765.35290864311,4712.75528912204,55,0
3689.82024026298,4714.28890361135,55,0
2965.25224465097,4895.06155568147,44,0
4813.16497248855,3115.83577848644,55,0
4604.32635353654,3952.53179342023,55,0
4350.53052258886,4226.39275917856,44,0
4547.87371724536,4046.75314646048,55,0
4495.86963830297,5780.72274667577,44,1
2632.8059135646,1522.9310900258,44,0
4204.95555935914,5910.14999867259,44,1
4795.32834552259,3467.93117019366,44,0
3901.54285909763,4987.55784140842,55,0
4457.05848269661,4236.43623042392,55,0
2400.81562843501,4646.52176862401,55,0
3675.33373044388,4953.54794748574,55,0
1893.56793726332,1935.46408943158,55,0
4533.20166735197,1761.13986804217,55,0
3541.45672660884,5171.36082245432,55,0
3816.2830886915,1640.10661499753,44,0
3116.91363977977,1599.39062878727,55,-1
4905.72020966563,3302.55491011516,55,0
4729.35714395508,2612.50256953594,55,0
3918.49563720368,1648.79831673209,44,0
4783.14851102784,2904.60878304424,44,0
4503.86909603253,2373.51717360829,55,-1
2973.1153407687,1605.90527006842,55,-1
4604.58281695921,2407.75224356274,44,0
3422.90953021992,1620.79654831188,55,-1
4392.37002925787,2229.89349198257,44,-1
3248.38737500433,4999.30102989014,55,0
3527.06473662672,4850.61292244563,55,0
2930.28424054561,5083.31877079875,55,0
411.284706205098,3422.83487454519,55,0
3786.12743815637,4963.91483408157,55,0
2385.71044200345,1800.41321902932,55,-1
3750.20677543037,4862.04910141477,44,0
296.605589691478,3601.46176630211,55,1
3018.14674462602,4813.10758404311,55,0
4044.40810707138,1776.84015673421,55,0
3618.35228927933,1550.39316122406,55,0
3313.69251266203,1603.1656716238,55,-1
4638.4975221302,3603.58763225292,44,-1
4669.55091044119,3507.36071624688,55,-1
4709.56494927325,3683.53652883193,44,0
3474.68484293755,4953.99378726792,55,0
1794.37336567529,2443.051876164,44,-1
4786.27355041867,2803.620994074,55,0
4441.55994967052,4107.68622898925,44,0
4211.0108152419,2043.39732691036,44,-1
2590.56965166416,4684.27011950222,44,0
1617.73060393059,3192.80080069032,44,-1
1668.99034626148,2720.27805653405,55,-1
4700.36356480878,3399.57505326267,55,-1
4553.23884858193,3849.49437570672,55,-1
4686.4402018954,2865.00683208985,55,-1
4327.2469731319,2122.73161331849,55,-1
3215.15338503175,1615.18422223698,44,-1
4087.52813559605,4448.71286589773,55,0
4153.20418459152,1783.62569094875,55,0
2226.72211315305,1926.8750620374,44,-1
2597.79754454829,4572.48801537527,55,-1
4697.86011718027,3298.2027881584,44,-1
2148.86409466802,1990.99549768008,44,-1
3654.32085168585,4838.8371897521,55,0
4348.06208420061,4129.65205158395,55,-1
3330.86517716583,4801.34749261222,55,0
3825.67279405257,1741.19441204625,55,-1
3984.50430468506,4463.06253694057,44,-1
4799.03310415194,3006.52717100433,55,0
4700.41276743639,3205.26132989075,44,-1
3912.98589216128,4521.87807080571,44,-1
4611.62537663899,3704.95982124729,55,-1
3309.51739091423,4689.27828345899,44,-1
4704.17710044928,3109.19422804871,44,-1
2464.79931560354,4549.31407483143,55,-1
2572.02458286802,1708.50144101289,55,-1
4440.35471010134,4015.79725642347,44,-1
4531.40207546885,2469.762478405,44,-1
4172.83588135385,4314.58124587074,44,-1
2985.15934716694,4706.15570693421,55,-1
3622.92730114733,4623.87818144281,44,-1
4580.88848433397,2555.93136458374,55,-1
4493.5747892015,3931.16561066925,44,-1
3418.36287728708,4697.44708315081,55,-1
3725.4020740247,4609.07572627703,55,-1
3575.79250603757,4751.8746649444,55,0
3828.07908061056,4551.97814581041,44,-1
4255.97342358668,4258.3794330403,55,-1
4031.76178231617,1889.03189686416,55,-1
4132.84674948457,1940.02506437577,55,-1
3091.76706875903,4702.32773988351,55,-1
2685.87184968148,4641.07286948003,55,-1
1142.3836997858,1856.25871240308,44,0
